t,v,s,r
2022-03-31T23:45-07:00,116,0,0
2022-04-01T00:00-07:00,108,0,0
2022-04-01T00:15-07:00,100,0,0
2022-04-01T00:30-07:00,98,0,0
2022-04-01T00:45-07:00,92,0,0
2022-04-01T01:00-07:00,97,0,0
2022-04-01T01:15-07:00,94,0,0
2022-04-01T01:30-07:00,88,0,0
2022-04-01T01:45-07:00,88,0,0
2022-04-01T02:00-07:00,92,0,0
2022-04-01T02:15-07:00,82,0,0
2022-04-01T02:30-07:00,78,0,0
2022-04-01T02:45-07:00,93,0,0
2022-04-01T03:00-07:00,77,0,0
2022-04-01T03:15-07:00,82,0,0
2022-04-01T03:30-07:00,78,0,0
2022-04-01T03:45-07:00,79,0,0
2022-04-01T04:00-07:00,79,0,0
2022-04-01T04:15-07:00,90,0,0
2022-04-01T04:30-07:00,74,0,0
2022-04-01T04:45-07:00,80,0,0
2022-04-01T05:00-07:00,81,0,0
2022-04-01T05:15-07:00,74,0,0
2022-04-01T05:30-07:00,76,0,0
2022-04-01T05:45-07:00,82,0,0
2022-04-01T06:00-07:00,88,0,0
2022-04-01T06:15-07:00,85,0,0
2022-04-01T06:30-07:00,81,0,0
2022-04-01T06:45-07:00,71,0,0
2022-04-01T07:00-07:00,91,0,0
2022-04-01T07:15-07:00,79,0,0
2022-04-01T07:30-07:00,78,0,0
2022-04-01T07:45-07:00,77,0,0
2022-04-01T08:00-07:00,82,0,0
2022-04-01T08:15-07:00,87,0,0
2022-04-01T08:30-07:00,75,0,0
2022-04-01T08:45-07:00,80,0,0
2022-04-01T09:00-07:00,75,0,0
2022-04-01T09:15-07:00,80,0,0
2022-04-01T09:30-07:00,90,0,0
2022-04-01T09:45-07:00,89,0,0
2022-04-01T10:00-07:00,80,0,0
2022-04-01T10:15-07:00,87,0,0
2022-04-01T10:30-07:00,84,0,0
2022-04-01T10:45-07:00,79,0,0
2022-04-01T11:00-07:00,82,0,0
2022-04-01T11:15-07:00,85,0,0
2022-04-01T11:30-07:00,77,0,0
2022-04-01T11:45-07:00,86,0,0
2022-04-01T12:00-07:00,100,0,0
2022-04-01T12:15-07:00,84,0,0
2022-04-01T12:30-07:00,91,0,0
2022-04-01T12:45-07:00,96,0,0
2022-04-01T13:00-07:00,88,0,0
2022-04-01T13:15-07:00,105,0,0
2022-04-01T13:30-07:00,92,0,0
2022-04-01T13:45-07:00,105,0,0
2022-04-01T14:00-07:00,87,0,0
2022-04-01T14:15-07:00,102,0,0
2022-04-01T14:30-07:00,88,0,0
2022-04-01T14:45-07:00,86,0,0
2022-04-01T15:00-07:00,100,0,0
2022-04-01T15:15-07:00,91,0,0
2022-04-01T15:30-07:00,94,0,0
2022-04-01T15:45-07:00,99,0,0
2022-04-01T16:00-07:00,100,0,0
2022-04-01T16:15-07:00,88,0,0
2022-04-01T16:30-07:00,86,0,0
2022-04-01T16:45-07:00,89,0,0
2022-04-01T17:00-07:00,90,0,0
2022-04-01T17:15-07:00,77,0,0
2022-04-01T17:30-07:00,87,0,0
2022-04-01T17:45-07:00,92,0,0
2022-04-01T18:00-07:00,83,0,0
2022-04-01T18:15-07:00,87,0,0
2022-04-01T18:30-07:00,98,0,0
2022-04-01T18:45-07:00,88,0,0
2022-04-01T19:00-07:00,83,0,0
2022-04-01T19:15-07:00,87,0,0
2022-04-01T19:30-07:00,109,0,0
2022-04-01T19:45-07:00,100,0,0
2022-04-01T20:00-07:00,92,0,0
2022-04-01T20:15-07:00,87,0,0
2022-04-01T20:30-07:00,98,0,0
2022-04-01T20:45-07:00,103,0,0
2022-04-01T21:00-07:00,95,0,0
2022-04-01T21:15-07:00,87,0,0
2022-04-01T21:30-07:00,104,0,0
2022-04-01T21:45-07:00,92,0,0
2022-04-01T22:00-07:00,93,0,0
2022-04-01T22:15-07:00,85,0,0
2022-04-01T22:30-07:00,98,0,0
2022-04-01T22:45-07:00,92,0,0
2022-04-01T23:00-07:00,85,0,0
2022-04-01T23:15-07:00,95,0,0
2022-04-01T23:30-07:00,94,0,0
2022-04-01T23:45-07:00,87,0,0
2022-04-02T00:00-07:00,82,0,0
2022-04-02T00:15-07:00,92,0,0
2022-04-02T00:30-07:00,84,0,0
2022-04-02T00:45-07:00,89,0,0
2022-04-02T01:00-07:00,82,0,0
2022-04-02T01:15-07:00,84,0,0
2022-04-02T01:30-07:00,82,0,0
2022-04-02T01:45-07:00,84,0,0
2022-04-02T02:00-07:00,78,0,0
2022-04-02T02:15-07:00,77,0,0
2022-04-02T02:30-07:00,88,0,0
2022-04-02T02:45-07:00,74,0,0
2022-04-02T03:00-07:00,75,0,0
2022-04-02T03:15-07:00,87,0,0
2022-04-02T03:30-07:00,87,0,0
2022-04-02T03:45-07:00,75,0,0
2022-04-02T04:00-07:00,76,0,0
2022-04-02T04:15-07:00,69,0,0
2022-04-02T04:30-07:00,76,0,0
2022-04-02T04:45-07:00,84,0,0
2022-04-02T05:00-07:00,89,0,0
2022-04-02T05:15-07:00,81,0,0
2022-04-02T05:30-07:00,78,0,0
2022-04-02T05:45-07:00,71,0,0
2022-04-02T06:00-07:00,75,0,0
2022-04-02T06:15-07:00,87,0,0
2022-04-02T06:30-07:00,80,0,0
2022-04-02T06:45-07:00,84,0,0
2022-04-02T07:00-07:00,77,0,0
2022-04-02T07:15-07:00,69,0,0
2022-04-02T07:30-07:00,76,0,0
2022-04-02T07:45-07:00,71,0,0
2022-04-02T08:00-07:00,74,0,0
2022-04-02T08:15-07:00,87,0,0
2022-04-02T08:30-07:00,86,0,0
2022-04-02T08:45-07:00,90,0,0
2022-04-02T09:00-07:00,87,0,0
2022-04-02T09:15-07:00,80,0,0
2022-04-02T09:30-07:00,80,0,0
2022-04-02T09:45-07:00,86,0,0
2022-04-02T10:00-07:00,88,0,0
2022-04-02T10:15-07:00,75,0,0
2022-04-02T10:30-07:00,78,0,0
2022-04-02T10:45-07:00,75,0,0
2022-04-02T11:00-07:00,85,0,0
2022-04-02T11:15-07:00,79,0,0
2022-04-02T11:30-07:00,78,0,0
2022-04-02T11:45-07:00,83,0,0
2022-04-02T12:00-07:00,102,0,0
2022-04-02T12:15-07:00,96,0,0
2022-04-02T12:30-07:00,73,0,0
2022-04-02T12:45-07:00,79,0,0
2022-04-02T13:00-07:00,79,0,0
2022-04-02T13:15-07:00,92,0,0
2022-04-02T13:30-07:00,91,0,0
2022-04-02T13:45-07:00,78,0,0
2022-04-02T14:00-07:00,77,0,0
2022-04-02T14:15-07:00,77,0,0
2022-04-02T14:30-07:00,88,0,0
2022-04-02T14:45-07:00,83,0,0
2022-04-02T15:00-07:00,89,0,0
2022-04-02T15:15-07:00,86,0,0
2022-04-02T15:30-07:00,98,0,0
2022-04-02T15:45-07:00,90,0,0
2022-04-02T16:00-07:00,95,0,0
2022-04-02T16:15-07:00,108,0,0
2022-04-02T16:30-07:00,103,0,0
2022-04-02T16:45-07:00,92,0,0
2022-04-02T17:00-07:00,101,0,0
2022-04-02T17:15-07:00,92,0,0
2022-04-02T17:30-07:00,106,0,0
2022-04-02T17:45-07:00,95,0,0
2022-04-02T18:00-07:00,91,0,0
2022-04-02T18:15-07:00,103,0,0
2022-04-02T18:30-07:00,122,0,0
2022-04-02T18:45-07:00,90,0,0
2022-04-02T19:00-07:00,102,0,0
2022-04-02T19:15-07:00,98,0,0
2022-04-02T19:30-07:00,102,0,0
2022-04-02T19:45-07:00,103,0,0
2022-04-02T20:00-07:00,94,0,0
2022-04-02T20:15-07:00,84,0,0
2022-04-02T20:30-07:00,105,0,0
2022-04-02T20:45-07:00,112,0,0
2022-04-02T21:00-07:00,99,0,0
2022-04-02T21:15-07:00,88,0,0
2022-04-02T21:30-07:00,103,0,0
2022-04-02T21:45-07:00,87,0,0
2022-04-02T22:00-07:00,87,0,0
2022-04-02T22:15-07:00,100,0,0
2022-04-02T22:30-07:00,116,0,0
2022-04-02T22:45-07:00,102,0,0
2022-04-02T23:00-07:00,96,0,0
2022-04-02T23:15-07:00,103,0,0
2022-04-02T23:30-07:00,102,0,0
2022-04-02T23:45-07:00,91,0,0
2022-04-03T00:00-07:00,85,0,0
2022-04-03T00:15-07:00,87,0,0
2022-04-03T00:30-07:00,83,0,0
2022-04-03T00:45-07:00,83,0,0
2022-04-03T01:00-07:00,76,0,0
2022-04-03T01:15-07:00,78,0,0
2022-04-03T01:30-07:00,74,0,0
2022-04-03T01:45-07:00,81,0,0
2022-04-03T02:00-07:00,80,0,0
2022-04-03T02:15-07:00,72,0,0
2022-04-03T02:30-07:00,90,0,0
2022-04-03T02:45-07:00,77,0,0
2022-04-03T03:00-07:00,77,0,0
2022-04-03T03:15-07:00,72,0,0
2022-04-03T03:30-07:00,88,0,0
2022-04-03T03:45-07:00,77,0,0
2022-04-03T04:00-07:00,80,0,0
2022-04-03T04:15-07:00,77,0,0
2022-04-03T04:30-07:00,77,0,0
2022-04-03T04:45-07:00,74,0,0
2022-04-03T05:00-07:00,75,0,0
2022-04-03T05:15-07:00,88,0,0
2022-04-03T05:30-07:00,70,0,0
2022-04-03T05:45-07:00,90,0,0
2022-04-03T06:00-07:00,70,0,0
2022-04-03T06:15-07:00,71,0,0
2022-04-03T06:30-07:00,79,0,0
2022-04-03T06:45-07:00,80,0,0
2022-04-03T07:00-07:00,73,0,0
2022-04-03T07:15-07:00,81,0,0
2022-04-03T07:30-07:00,68,0,0
2022-04-03T07:45-07:00,77,0,0
2022-04-03T08:00-07:00,74,0,0
2022-04-03T08:15-07:00,68,0,0
2022-04-03T08:30-07:00,77,0,0
2022-04-03T08:45-07:00,75,0,0
2022-04-03T09:00-07:00,77,0,0
2022-04-03T09:15-07:00,80,0,0
2022-04-03T09:30-07:00,72,0,0
2022-04-03T09:45-07:00,76,0,0
2022-04-03T10:00-07:00,85,0,0
2022-04-03T10:15-07:00,73,0,0
2022-04-03T10:30-07:00,73,0,0
2022-04-03T10:45-07:00,89,0,0
2022-04-03T11:00-07:00,81,0,0
2022-04-03T11:15-07:00,78,0,0
2022-04-03T11:30-07:00,77,0,0
2022-04-03T11:45-07:00,79,0,0
2022-04-03T12:00-07:00,81,0,0
2022-04-03T12:15-07:00,96,0,0
2022-04-03T12:30-07:00,81,0,0
2022-04-03T12:45-07:00,93,0,0
2022-04-03T13:00-07:00,84,0,0
2022-04-03T13:15-07:00,93,0,0
2022-04-03T13:30-07:00,99,0,0
2022-04-03T13:45-07:00,104,0,0
2022-04-03T14:00-07:00,100,0,0
2022-04-03T14:15-07:00,110,0,0
2022-04-03T14:30-07:00,96,0,0
2022-04-03T14:45-07:00,96,0,0
2022-04-03T15:00-07:00,92,0,0
2022-04-03T15:15-07:00,96,0,0
2022-04-03T15:30-07:00,97,0,0
2022-04-03T15:45-07:00,96,0,0
2022-04-03T16:00-07:00,106,0,0
2022-04-03T16:15-07:00,98,0,0
2022-04-03T16:30-07:00,111,0,0
2022-04-03T16:45-07:00,113,0,0
2022-04-03T17:00-07:00,120,0,0
2022-04-03T17:15-07:00,116,0,0
2022-04-03T17:30-07:00,133,0,0
2022-04-03T17:45-07:00,120,0,0
2022-04-03T18:00-07:00,130,0,0
2022-04-03T18:15-07:00,117,0,0
2022-04-03T18:30-07:00,109,0,0
2022-04-03T18:45-07:00,118,0,0
2022-04-03T19:00-07:00,139,0,0
2022-04-03T19:15-07:00,115,0,0
2022-04-03T19:30-07:00,111,0,0
2022-04-03T19:45-07:00,102,0,0
2022-04-03T20:00-07:00,117,0,0
2022-04-03T20:15-07:00,106,0,0
2022-04-03T20:30-07:00,126,0,0
2022-04-03T20:45-07:00,129,0,0
2022-04-03T21:00-07:00,124,0,0
2022-04-03T21:15-07:00,110,0,0
2022-04-03T21:30-07:00,123,0,0
2022-04-03T21:45-07:00,122,0,0
2022-04-03T22:00-07:00,127,0,0
2022-04-03T22:15-07:00,124,0,0
2022-04-03T22:30-07:00,115,0,0
2022-04-03T22:45-07:00,123,0,0
2022-04-03T23:00-07:00,122,0,0
2022-04-03T23:15-07:00,121,0,0
2022-04-03T23:30-07:00,128,0,0
2022-04-03T23:45-07:00,114,0,0
2022-04-04T00:00-07:00,116,0,0
2022-04-04T00:15-07:00,114,0,0
2022-04-04T00:30-07:00,126,0,0
2022-04-04T00:45-07:00,96,0,0
2022-04-04T01:00-07:00,105,0,0
2022-04-04T01:15-07:00,107,0,0
2022-04-04T01:30-07:00,96,0,0
2022-04-04T01:45-07:00,95,0,0
2022-04-04T02:00-07:00,102,0,0
2022-04-04T02:15-07:00,89,0,0
2022-04-04T02:30-07:00,80,0,0
2022-04-04T02:45-07:00,93,0,0
2022-04-04T03:00-07:00,96,0,0
2022-04-04T03:15-07:00,101,0,0
2022-04-04T03:30-07:00,84,0,0
2022-04-04T03:45-07:00,90,0,0
2022-04-04T04:00-07:00,86,0,0
2022-04-04T04:15-07:00,83,0,0
2022-04-04T04:30-07:00,89,0,0
2022-04-04T04:45-07:00,79,0,0
2022-04-04T05:00-07:00,79,0,0
2022-04-04T05:15-07:00,76,0,0
2022-04-04T05:30-07:00,78,0,0
2022-04-04T05:45-07:00,88,0,0
2022-04-04T06:00-07:00,84,0,0
2022-04-04T06:15-07:00,87,0,0
2022-04-04T06:30-07:00,76,0,0
2022-04-04T06:45-07:00,76,0,0
2022-04-04T07:00-07:00,91,0,0
2022-04-04T07:15-07:00,78,0,0
2022-04-04T07:30-07:00,83,0,0
2022-04-04T07:45-07:00,80,0,0
2022-04-04T08:00-07:00,86,0,0
2022-04-04T08:15-07:00,96,0,0
2022-04-04T08:30-07:00,84,0,0
2022-04-04T08:45-07:00,88,0,0
2022-04-04T09:00-07:00,86,0,0
2022-04-04T09:15-07:00,93,0,0
2022-04-04T09:30-07:00,96,0,0
2022-04-04T09:45-07:00,100,0,0
2022-04-04T10:00-07:00,89,0,0
2022-04-04T10:15-07:00,124,0,0
2022-04-04T10:30-07:00,92,0,0
2022-04-04T10:45-07:00,112,0,0
2022-04-04T11:00-07:00,103,0,0
2022-04-04T11:15-07:00,98,0,0
2022-04-04T11:30-07:00,106,0,0
2022-04-04T11:45-07:00,109,0,0
2022-04-04T12:00-07:00,93,0,0
2022-04-04T12:15-07:00,110,0,0
2022-04-04T12:30-07:00,115,0,0
2022-04-04T12:45-07:00,98,0,0
2022-04-04T13:00-07:00,111,0,0
2022-04-04T13:15-07:00,111,0,0
2022-04-04T13:30-07:00,104,0,0
2022-04-04T13:45-07:00,110,0,0
2022-04-04T14:00-07:00,100,0,0
2022-04-04T14:15-07:00,120,0,0
2022-04-04T14:30-07:00,133,0,0
2022-04-04T14:45-07:00,110,0,0
2022-04-04T15:00-07:00,109,0,0
2022-04-04T15:15-07:00,118,0,0
2022-04-04T15:30-07:00,113,0,0
2022-04-04T15:45-07:00,105,0,0
2022-04-04T16:00-07:00,115,0,0
2022-04-04T16:15-07:00,118,0,0
2022-04-04T16:30-07:00,127,0,0
2022-04-04T16:45-07:00,128,0,0
2022-04-04T17:00-07:00,113,0,0
2022-04-04T17:15-07:00,109,0,0
2022-04-04T17:30-07:00,104,0,0
2022-04-04T17:45-07:00,107,0,0
2022-04-04T18:00-07:00,101,0,0
2022-04-04T18:15-07:00,103,0,0
2022-04-04T18:30-07:00,118,0,0
2022-04-04T18:45-07:00,105,0,0
2022-04-04T19:00-07:00,102,0,0
2022-04-04T19:15-07:00,120,0,0
2022-04-04T19:30-07:00,124,0,0
2022-04-04T19:45-07:00,130,0,0
2022-04-04T20:00-07:00,121,0,0
2022-04-04T20:15-07:00,122,0,0
2022-04-04T20:30-07:00,133,0,0
2022-04-04T20:45-07:00,119,0,0
2022-04-04T21:00-07:00,105,0,0
2022-04-04T21:15-07:00,135,0,0
2022-04-04T21:30-07:00,133,0,0
2022-04-04T21:45-07:00,124,0,0
2022-04-04T22:00-07:00,130,0,0
2022-04-04T22:15-07:00,117,0,0
2022-04-04T22:30-07:00,132,0,0
2022-04-04T22:45-07:00,129,0,0
2022-04-04T23:00-07:00,126,0,0
2022-04-04T23:15-07:00,123,0,0
2022-04-04T23:30-07:00,125,0,0
2022-04-04T23:45-07:00,112,0,0
2022-04-05T00:00-07:00,114,0,0
2022-04-05T00:15-07:00,101,0,0
2022-04-05T00:30-07:00,108,0,0
2022-04-05T00:45-07:00,101,0,0
2022-04-05T01:00-07:00,95,0,0
2022-04-05T01:15-07:00,99,0,0
2022-04-05T01:30-07:00,99,0,0
2022-04-05T01:45-07:00,96,0,0
2022-04-05T02:00-07:00,92,0,0
2022-04-05T02:15-07:00,96,0,0
2022-04-05T02:30-07:00,86,0,0
2022-04-05T02:45-07:00,83,0,0
2022-04-05T03:00-07:00,81,0,0
2022-04-05T03:15-07:00,84,0,0
2022-04-05T03:30-07:00,80,0,0
2022-04-05T03:45-07:00,81,0,0
2022-04-05T04:00-07:00,97,0,0
2022-04-05T04:15-07:00,78,0,0
2022-04-05T04:30-07:00,81,0,0
2022-04-05T04:45-07:00,84,0,0
2022-04-05T05:00-07:00,93,0,0
2022-04-05T05:15-07:00,87,0,0
2022-04-05T05:30-07:00,83,0,0
2022-04-05T05:45-07:00,79,0,0
2022-04-05T06:00-07:00,88,0,0
2022-04-05T06:15-07:00,74,0,0
2022-04-05T06:30-07:00,85,0,0
2022-04-05T06:45-07:00,78,0,0
2022-04-05T07:00-07:00,82,0,0
2022-04-05T07:15-07:00,85,0,0
2022-04-05T07:30-07:00,79,0,0
2022-04-05T07:45-07:00,73,0,0
2022-04-05T08:00-07:00,77,0,0
2022-04-05T08:15-07:00,85,0,0
2022-04-05T08:30-07:00,97,0,0
2022-04-05T08:45-07:00,75,0,0
2022-04-05T09:00-07:00,79,0,0
2022-04-05T09:15-07:00,81,0,0
2022-04-05T09:30-07:00,101,0,0
2022-04-05T09:45-07:00,98,0,0
2022-04-05T10:00-07:00,86,0,0
2022-04-05T10:15-07:00,100,0,0
2022-04-05T10:30-07:00,98,0,0
2022-04-05T10:45-07:00,95,0,0
2022-04-05T11:00-07:00,93,0,0
2022-04-05T11:15-07:00,93,0,0
2022-04-05T11:30-07:00,92,0,0
2022-04-05T11:45-07:00,96,0,0
2022-04-05T12:00-07:00,97,0,0
2022-04-05T12:15-07:00,102,0,0
2022-04-05T12:30-07:00,98,0,0
2022-04-05T12:45-07:00,106,0,0
2022-04-05T13:00-07:00,104,0,0
2022-04-05T13:15-07:00,101,0,0
2022-04-05T13:30-07:00,107,0,0
2022-04-05T13:45-07:00,104,0,0
2022-04-05T14:00-07:00,110,0,0
2022-04-05T14:15-07:00,105,0,0
2022-04-05T14:30-07:00,98,0,0
2022-04-05T14:45-07:00,90,0,0
2022-04-05T15:00-07:00,93,0,0
2022-04-05T15:15-07:00,120,0,0
2022-04-05T15:30-07:00,94,0,0
2022-04-05T15:45-07:00,101,0,0
2022-04-05T16:00-07:00,97,0,0
2022-04-05T16:15-07:00,114,0,0
2022-04-05T16:30-07:00,108,0,0
2022-04-05T16:45-07:00,113,0,0
2022-04-05T17:00-07:00,115,0,0
2022-04-05T17:15-07:00,129,0,0
2022-04-05T17:30-07:00,107,0,0
2022-04-05T17:45-07:00,111,0,0
2022-04-05T18:00-07:00,119,0,0
2022-04-05T18:15-07:00,106,0,0
2022-04-05T18:30-07:00,108,0,0
2022-04-05T18:45-07:00,101,0,0
2022-04-05T19:00-07:00,113,0,0
2022-04-05T19:15-07:00,110,0,0
2022-04-05T19:30-07:00,112,0,0
2022-04-05T19:45-07:00,109,0,0
2022-04-05T20:00-07:00,121,0,0
2022-04-05T20:15-07:00,114,0,0
2022-04-05T20:30-07:00,116,0,0
2022-04-05T20:45-07:00,121,0,0
2022-04-05T21:00-07:00,124,0,0
2022-04-05T21:15-07:00,110,0,0
2022-04-05T21:30-07:00,113,0,0
2022-04-05T21:45-07:00,109,0,0
2022-04-05T22:00-07:00,105,0,0
2022-04-05T22:15-07:00,112,0,0
2022-04-05T22:30-07:00,131,0,0
2022-04-05T22:45-07:00,112,0,0
2022-04-05T23:00-07:00,112,0,0
2022-04-05T23:15-07:00,111,0,0
2022-04-05T23:30-07:00,111,0,0
2022-04-05T23:45-07:00,112,0,0
2022-04-06T00:00-07:00,108,0,0
2022-04-06T00:15-07:00,103,0,0
2022-04-06T00:30-07:00,99,0,0
2022-04-06T00:45-07:00,100,0,0
2022-04-06T01:00-07:00,109,0,0
2022-04-06T01:15-07:00,99,0,0
2022-04-06T01:30-07:00,97,0,0
2022-04-06T01:45-07:00,89,0,0
2022-04-06T02:00-07:00,91,0,0
2022-04-06T02:15-07:00,86,0,0
2022-04-06T02:30-07:00,84,0,0
2022-04-06T02:45-07:00,81,0,0
2022-04-06T03:00-07:00,80,0,0
2022-04-06T03:15-07:00,77,0,0
2022-04-06T03:30-07:00,80,0,0
2022-04-06T03:45-07:00,77,0,0
2022-04-06T04:00-07:00,79,0,0
2022-04-06T04:15-07:00,73,0,0
2022-04-06T04:30-07:00,76,0,0
2022-04-06T04:45-07:00,79,0,0
2022-04-06T05:00-07:00,74,0,0
2022-04-06T05:15-07:00,73,0,0
2022-04-06T05:30-07:00,71,0,0
2022-04-06T05:45-07:00,81,0,0
2022-04-06T06:00-07:00,70,0,0
2022-04-06T06:15-07:00,69,0,0
2022-04-06T06:30-07:00,78,0,0
2022-04-06T06:45-07:00,76,0,0
2022-04-06T07:00-07:00,71,0,0
2022-04-06T07:15-07:00,80,0,0
2022-04-06T07:30-07:00,74,0,0
2022-04-06T07:45-07:00,76,0,0
2022-04-06T08:00-07:00,75,0,0
2022-04-06T08:15-07:00,75,0,0
2022-04-06T08:30-07:00,79,0,0
2022-04-06T08:45-07:00,70,0,0
2022-04-06T09:00-07:00,68,0,0
2022-04-06T09:15-07:00,74,0,0
2022-04-06T09:30-07:00,70,0,0
2022-04-06T09:45-07:00,79,0,0
2022-04-06T10:00-07:00,91,0,0
2022-04-06T10:15-07:00,102,0,0
2022-04-06T10:30-07:00,92,0,0
2022-04-06T10:45-07:00,95,0,0
2022-04-06T11:00-07:00,85,0,0
2022-04-06T11:15-07:00,105,0,0
2022-04-06T11:30-07:00,101,0,0
2022-04-06T11:45-07:00,91,0,0
2022-04-06T12:00-07:00,92,0,0
2022-04-06T12:15-07:00,91,0,0
2022-04-06T12:30-07:00,95,0,0
2022-04-06T12:45-07:00,122,0,0
2022-04-06T13:00-07:00,140,0,0
2022-04-06T13:15-07:00,111,0,0
2022-04-06T13:30-07:00,108,0,0
2022-04-06T13:45-07:00,122,0,0
2022-04-06T14:00-07:00,102,0,0
2022-04-06T14:15-07:00,103,0,0
2022-04-06T14:30-07:00,123,0,0
2022-04-06T14:45-07:00,107,0,0
2022-04-06T15:00-07:00,91,0,0
2022-04-06T15:15-07:00,92,0,0
2022-04-06T15:30-07:00,116,0,0
2022-04-06T15:45-07:00,108,0,0
2022-04-06T16:00-07:00,91,0,0
2022-04-06T16:15-07:00,110,0,0
2022-04-06T16:30-07:00,91,0,0
2022-04-06T16:45-07:00,102,0,0
2022-04-06T17:00-07:00,104,0,0
2022-04-06T17:15-07:00,116,0,0
2022-04-06T17:30-07:00,104,0,0
2022-04-06T17:45-07:00,128,0,0
2022-04-06T18:00-07:00,120,0,0
2022-04-06T18:15-07:00,120,0,0
2022-04-06T18:30-07:00,117,0,0
2022-04-06T18:45-07:00,116,0,0
2022-04-06T19:00-07:00,103,0,0
2022-04-06T19:15-07:00,141,0,0
2022-04-06T19:30-07:00,115,0,0
2022-04-06T19:45-07:00,111,0,0
2022-04-06T20:00-07:00,122,0,0
2022-04-06T20:15-07:00,112,0,0
2022-04-06T20:30-07:00,110,0,0
2022-04-06T20:45-07:00,119,0,0
2022-04-06T21:00-07:00,121,0,0
2022-04-06T21:15-07:00,121,0,0
2022-04-06T21:30-07:00,127,0,0
2022-04-06T21:45-07:00,133,0,0
2022-04-06T22:00-07:00,112,0,0
2022-04-06T22:15-07:00,146,0,0
2022-04-06T22:30-07:00,123,0,0
2022-04-06T22:45-07:00,122,0,0
2022-04-06T23:00-07:00,121,0,0
2022-04-06T23:15-07:00,116,0,0
2022-04-06T23:30-07:00,130,0,0
2022-04-06T23:45-07:00,116,0,0
2022-04-07T00:00-07:00,114,0,0
2022-04-07T00:15-07:00,111,0,0
2022-04-07T00:30-07:00,113,0,0
2022-04-07T00:45-07:00,133,0,0
2022-04-07T01:00-07:00,112,0,0
2022-04-07T01:15-07:00,105,0,0
2022-04-07T01:30-07:00,106,0,0
2022-04-07T01:45-07:00,97,0,0
2022-04-07T02:00-07:00,108,0,0
2022-04-07T02:15-07:00,104,0,0
2022-04-07T02:30-07:00,104,0,0
2022-04-07T02:45-07:00,90,0,0
2022-04-07T03:00-07:00,96,0,0
2022-04-07T03:15-07:00,83,0,0
2022-04-07T03:30-07:00,82,0,0
2022-04-07T03:45-07:00,98,0,0
2022-04-07T04:00-07:00,75,0,0
2022-04-07T04:15-07:00,84,0,0
2022-04-07T04:30-07:00,75,0,0
2022-04-07T04:45-07:00,90,0,0
2022-04-07T05:00-07:00,89,0,0
2022-04-07T05:15-07:00,86,0,0
2022-04-07T05:30-07:00,85,0,0
2022-04-07T05:45-07:00,75,0,0
2022-04-07T06:00-07:00,89,0,0
2022-04-07T06:15-07:00,81,0,0
2022-04-07T06:30-07:00,80,0,0
2022-04-07T06:45-07:00,76,0,0
2022-04-07T07:00-07:00,81,0,0
2022-04-07T07:15-07:00,79,0,0
2022-04-07T07:30-07:00,78,0,0
2022-04-07T07:45-07:00,77,0,0
2022-04-07T08:00-07:00,76,0,0
2022-04-07T08:15-07:00,73,0,0
2022-04-07T08:30-07:00,88,0,0
2022-04-07T08:45-07:00,99,0,0
2022-04-07T09:00-07:00,84,0,0
2022-04-07T09:15-07:00,89,0,0
2022-04-07T09:30-07:00,77,0,0
2022-04-07T09:45-07:00,118,0,0
2022-04-07T10:00-07:00,80,0,0
2022-04-07T10:15-07:00,114,0,0
2022-04-07T10:30-07:00,98,0,0
2022-04-07T10:45-07:00,102,0,0
2022-04-07T11:00-07:00,82,0,0
2022-04-07T11:15-07:00,127,0,0
2022-04-07T11:30-07:00,115,0,0
2022-04-07T11:45-07:00,115,0,0
2022-04-07T12:00-07:00,120,0,0
2022-04-07T12:15-07:00,132,0,0
2022-04-07T12:30-07:00,125,0,0
2022-04-07T12:45-07:00,133,0,0
2022-04-07T13:00-07:00,148,0,0
2022-04-07T13:15-07:00,154,0,0
2022-04-07T13:30-07:00,129,0,0
2022-04-07T13:45-07:00,123,0,0
2022-04-07T14:00-07:00,117,0,0
2022-04-07T14:15-07:00,100,0,0
2022-04-07T14:30-07:00,109,0,0
2022-04-07T14:45-07:00,105,0,0
2022-04-07T15:00-07:00,107,0,0
2022-04-07T15:15-07:00,127,0,0
2022-04-07T15:30-07:00,106,0,0
2022-04-07T15:45-07:00,102,0,0
2022-04-07T16:00-07:00,110,0,0
2022-04-07T16:15-07:00,124,0,0
2022-04-07T16:30-07:00,122,0,0
2022-04-07T16:45-07:00,131,0,0
2022-04-07T17:00-07:00,145,0,0
2022-04-07T17:15-07:00,126,0,0
2022-04-07T17:30-07:00,130,0,0
2022-04-07T17:45-07:00,141,0,0
2022-04-07T18:00-07:00,128,0,0
2022-04-07T18:15-07:00,146,0,0
2022-04-07T18:30-07:00,138,0,0
2022-04-07T18:45-07:00,119,0,0
2022-04-07T19:00-07:00,104,0,0
2022-04-07T19:15-07:00,149,0,0
2022-04-07T19:30-07:00,125,0,0
2022-04-07T19:45-07:00,133,0,0
2022-04-07T20:00-07:00,114,0,0
2022-04-07T20:15-07:00,128,0,0
2022-04-07T20:30-07:00,121,0,0
2022-04-07T20:45-07:00,138,0,0
2022-04-07T21:00-07:00,135,0,0
2022-04-07T21:15-07:00,115,0,0
2022-04-07T21:30-07:00,113,0,0
2022-04-07T21:45-07:00,119,0,0
2022-04-07T22:00-07:00,125,0,0
2022-04-07T22:15-07:00,127,0,0
2022-04-07T22:30-07:00,116,0,0
2022-04-07T22:45-07:00,139,0,0
2022-04-07T23:00-07:00,124,0,0
2022-04-07T23:15-07:00,137,0,0
2022-04-07T23:30-07:00,135,0,0
2022-04-07T23:45-07:00,122,0,0
2022-04-08T00:00-07:00,144,0,0
2022-04-08T00:15-07:00,127,0,0
2022-04-08T00:30-07:00,115,0,0
2022-04-08T00:45-07:00,112,0,0
2022-04-08T01:00-07:00,118,0,0
2022-04-08T01:15-07:00,118,0,0
2022-04-08T01:30-07:00,117,0,0
2022-04-08T01:45-07:00,120,0,0
2022-04-08T02:00-07:00,115,0,0
2022-04-08T02:15-07:00,104,0,0
2022-04-08T02:30-07:00,97,0,0
2022-04-08T02:45-07:00,95,0,0
2022-04-08T03:00-07:00,106,0,0
2022-04-08T03:15-07:00,93,0,0
2022-04-08T03:30-07:00,88,0,0
2022-04-08T03:45-07:00,91,0,0
2022-04-08T04:00-07:00,97,0,0
2022-04-08T04:15-07:00,88,0,0
2022-04-08T04:30-07:00,96,0,0
2022-04-08T04:45-07:00,89,0,0
2022-04-08T05:00-07:00,86,0,0
2022-04-08T05:15-07:00,84,0,0
2022-04-08T05:30-07:00,87,0,0
2022-04-08T05:45-07:00,84,0,0
2022-04-08T06:00-07:00,84,0,0
2022-04-08T06:15-07:00,90,0,0
2022-04-08T06:30-07:00,87,0,0
2022-04-08T06:45-07:00,81,0,0
2022-04-08T07:00-07:00,91,0,0
2022-04-08T07:15-07:00,100,0,0
2022-04-08T07:30-07:00,82,0,0
2022-04-08T07:45-07:00,88,0,0
2022-04-08T08:00-07:00,89,0,0
2022-04-08T08:15-07:00,88,0,0
2022-04-08T08:30-07:00,97,0,0
2022-04-08T08:45-07:00,106,0,0
2022-04-08T09:00-07:00,106,0,0
2022-04-08T09:15-07:00,84,0,0
2022-04-08T09:30-07:00,97,0,0
2022-04-08T09:45-07:00,101,0,0
2022-04-08T10:00-07:00,122,0,0
2022-04-08T10:15-07:00,101,0,0
2022-04-08T10:30-07:00,83,0,0
2022-04-08T10:45-07:00,105,0,0
2022-04-08T11:00-07:00,93,0,0
2022-04-08T11:15-07:00,103,0,0
2022-04-08T11:30-07:00,99,0,0
2022-04-08T11:45-07:00,117,0,0
2022-04-08T12:00-07:00,138,0,0
2022-04-08T12:15-07:00,124,0,0
2022-04-08T12:30-07:00,133,0,0
2022-04-08T12:45-07:00,159,0,0
2022-04-08T13:00-07:00,135,0,0
2022-04-08T13:15-07:00,133,0,0
2022-04-08T13:30-07:00,129,0,0
2022-04-08T13:45-07:00,136,0,0
2022-04-08T14:00-07:00,132,0,0
2022-04-08T14:15-07:00,146,0,0
2022-04-08T14:30-07:00,163,0,0
2022-04-08T14:45-07:00,142,0,0
2022-04-08T15:00-07:00,131,0,0
2022-04-08T15:15-07:00,135,0,0
2022-04-08T15:30-07:00,137,0,0
2022-04-08T15:45-07:00,127,0,0
2022-04-08T16:00-07:00,130,0,0
2022-04-08T16:15-07:00,133,0,0
2022-04-08T16:30-07:00,122,0,0
2022-04-08T16:45-07:00,137,0,0
2022-04-08T17:00-07:00,125,0,0
2022-04-08T17:15-07:00,115,0,0
2022-04-08T17:30-07:00,104,0,0
2022-04-08T17:45-07:00,121,0,0
2022-04-08T18:00-07:00,145,0,0
2022-04-08T18:15-07:00,141,0,0
2022-04-08T18:30-07:00,140,0,0
2022-04-08T18:45-07:00,142,0,0
2022-04-08T19:00-07:00,136,0,0
2022-04-08T19:15-07:00,138,0,0
2022-04-08T19:30-07:00,145,0,0
2022-04-08T19:45-07:00,152,0,0
2022-04-08T20:00-07:00,134,0,0
2022-04-08T20:15-07:00,152,0,0
2022-04-08T20:30-07:00,145,0,0
2022-04-08T20:45-07:00,149,0,0
2022-04-08T21:00-07:00,138,0,0
2022-04-08T21:15-07:00,136,0,0
2022-04-08T21:30-07:00,134,0,0
2022-04-08T21:45-07:00,147,0,0
2022-04-08T22:00-07:00,138,0,0
2022-04-08T22:15-07:00,123,0,0
2022-04-08T22:30-07:00,125,0,0
2022-04-08T22:45-07:00,145,0,0
2022-04-08T23:00-07:00,125,0,0
2022-04-08T23:15-07:00,120,0,0
2022-04-08T23:30-07:00,137,0,0
2022-04-08T23:45-07:00,133,0,0
2022-04-09T00:00-07:00,122,0,0
2022-04-09T00:15-07:00,120,0,0
2022-04-09T00:30-07:00,133,0,0
2022-04-09T00:45-07:00,131,0,0
2022-04-09T01:00-07:00,129,0,0
2022-04-09T01:15-07:00,117,0,0
2022-04-09T01:30-07:00,105,0,0
2022-04-09T01:45-07:00,100,0,0
2022-04-09T02:00-07:00,115,0,0
2022-04-09T02:15-07:00,107,0,0
2022-04-09T02:30-07:00,109,0,0
2022-04-09T02:45-07:00,98,0,0
2022-04-09T03:00-07:00,99,0,0
2022-04-09T03:15-07:00,119,0,0
2022-04-09T03:30-07:00,101,0,0
2022-04-09T03:45-07:00,104,0,0
2022-04-09T04:00-07:00,100,0,0
2022-04-09T04:15-07:00,91,0,0
2022-04-09T04:30-07:00,95,0,0
2022-04-09T04:45-07:00,92,0,0
2022-04-09T05:00-07:00,102,0,0
2022-04-09T05:15-07:00,95,0,0
2022-04-09T05:30-07:00,90,0,0
2022-04-09T05:45-07:00,97,0,0
2022-04-09T06:00-07:00,95,0,0
2022-04-09T06:15-07:00,102,0,0
2022-04-09T06:30-07:00,87,0,0
2022-04-09T06:45-07:00,92,0,0
2022-04-09T07:00-07:00,89,0,0
2022-04-09T07:15-07:00,88,0,0
2022-04-09T07:30-07:00,99,0,0
2022-04-09T07:45-07:00,98,0,0
2022-04-09T08:00-07:00,96,0,0
2022-04-09T08:15-07:00,92,0,0
2022-04-09T08:30-07:00,93,0,0
2022-04-09T08:45-07:00,99,0,0
2022-04-09T09:00-07:00,113,0,0
2022-04-09T09:15-07:00,95,0,0
2022-04-09T09:30-07:00,95,0,0
2022-04-09T09:45-07:00,100,0,0
2022-04-09T10:00-07:00,95,0,0
2022-04-09T10:15-07:00,101,0,0
2022-04-09T10:30-07:00,114,0,0
2022-04-09T10:45-07:00,124,0,0
2022-04-09T11:00-07:00,102,0,0
2022-04-09T11:15-07:00,116,0,0
2022-04-09T11:30-07:00,99,0,0
2022-04-09T11:45-07:00,101,0,0
2022-04-09T12:00-07:00,94,0,0
2022-04-09T12:15-07:00,100,0,0
2022-04-09T12:30-07:00,137,0,0
2022-04-09T12:45-07:00,130,0,0
2022-04-09T13:00-07:00,132,0,0
2022-04-09T13:15-07:00,114,0,0
2022-04-09T13:30-07:00,116,0,0
2022-04-09T13:45-07:00,112,0,0
2022-04-09T14:00-07:00,114,0,0
2022-04-09T14:15-07:00,124,0,0
2022-04-09T14:30-07:00,132,0,0
2022-04-09T14:45-07:00,134,0,0
2022-04-09T15:00-07:00,116,0,0
2022-04-09T15:15-07:00,136,0,0
2022-04-09T15:30-07:00,126,0,0
2022-04-09T15:45-07:00,121,0,0
2022-04-09T16:00-07:00,126,0,0
2022-04-09T16:15-07:00,112,0,0
2022-04-09T16:30-07:00,158,0,0
2022-04-09T16:45-07:00,156,0,0
2022-04-09T17:00-07:00,108,0,0
2022-04-09T17:15-07:00,123,0,0
2022-04-09T17:30-07:00,127,0,0
2022-04-09T17:45-07:00,121,0,0
2022-04-09T18:00-07:00,135,0,0
2022-04-09T18:15-07:00,129,0,0
2022-04-09T18:30-07:00,114,0,0
2022-04-09T18:45-07:00,138,0,0
2022-04-09T19:00-07:00,113,0,0
2022-04-09T19:15-07:00,152,0,0
2022-04-09T19:30-07:00,113,0,0
2022-04-09T19:45-07:00,131,0,0
2022-04-09T20:00-07:00,119,0,0
2022-04-09T20:15-07:00,133,0,0
2022-04-09T20:30-07:00,125,0,0
2022-04-09T20:45-07:00,122,0,0
2022-04-09T21:00-07:00,118,0,0
2022-04-09T21:15-07:00,122,0,0
2022-04-09T21:30-07:00,128,0,0
2022-04-09T21:45-07:00,123,0,0
2022-04-09T22:00-07:00,122,0,0
2022-04-09T22:15-07:00,115,0,0
2022-04-09T22:30-07:00,125,0,0
2022-04-09T22:45-07:00,118,0,0
2022-04-09T23:00-07:00,116,0,0
2022-04-09T23:15-07:00,115,0,0
2022-04-09T23:30-07:00,136,0,0
2022-04-09T23:45-07:00,116,0,0
2022-04-10T00:00-07:00,118,0,0
2022-04-10T00:15-07:00,104,0,0
2022-04-10T00:30-07:00,108,0,0
2022-04-10T00:45-07:00,108,0,0
2022-04-10T01:00-07:00,113,0,0
2022-04-10T01:15-07:00,107,0,0
2022-04-10T01:30-07:00,113,0,0
2022-04-10T01:45-07:00,93,0,0
2022-04-10T02:00-07:00,100,0,0
2022-04-10T02:15-07:00,90,0,0
2022-04-10T02:30-07:00,90,0,0
2022-04-10T02:45-07:00,93,0,0
2022-04-10T03:00-07:00,89,0,0
2022-04-10T03:15-07:00,87,0,0
2022-04-10T03:30-07:00,89,0,0
2022-04-10T03:45-07:00,85,0,0
2022-04-10T04:00-07:00,88,0,0
2022-04-10T04:15-07:00,86,0,0
2022-04-10T04:30-07:00,86,0,0
2022-04-10T04:45-07:00,88,0,0
2022-04-10T05:00-07:00,85,0,0
2022-04-10T05:15-07:00,79,0,0
2022-04-10T05:30-07:00,77,0,0
2022-04-10T05:45-07:00,77,0,0
2022-04-10T06:00-07:00,88,0,0
2022-04-10T06:15-07:00,78,0,0
2022-04-10T06:30-07:00,81,0,0
2022-04-10T06:45-07:00,77,0,0
2022-04-10T07:00-07:00,85,0,0
2022-04-10T07:15-07:00,74,0,0
2022-04-10T07:30-07:00,84,0,0
2022-04-10T07:45-07:00,81,0,0
2022-04-10T08:00-07:00,76,0,0
2022-04-10T08:15-07:00,79,0,0
2022-04-10T08:30-07:00,80,0,0
2022-04-10T08:45-07:00,82,0,0
2022-04-10T09:00-07:00,83,0,0
2022-04-10T09:15-07:00,80,0,0
2022-04-10T09:30-07:00,78,0,0
2022-04-10T09:45-07:00,84,0,0
2022-04-10T10:00-07:00,94,0,0
2022-04-10T10:15-07:00,101,0,0
2022-04-10T10:30-07:00,96,0,0
2022-04-10T10:45-07:00,88,0,0
2022-04-10T11:00-07:00,79,0,0
2022-04-10T11:15-07:00,82,0,0
2022-04-10T11:30-07:00,92,0,0
2022-04-10T11:45-07:00,89,0,0
2022-04-10T12:00-07:00,94,0,0
2022-04-10T12:15-07:00,110,0,0
2022-04-10T12:30-07:00,90,0,0
2022-04-10T12:45-07:00,100,0,0
2022-04-10T13:00-07:00,99,0,0
2022-04-10T13:15-07:00,104,0,0
2022-04-10T13:30-07:00,96,0,0
2022-04-10T13:45-07:00,121,0,0
2022-04-10T14:00-07:00,112,0,0
2022-04-10T14:15-07:00,115,0,0
2022-04-10T14:30-07:00,128,0,0
2022-04-10T14:45-07:00,99,0,0
2022-04-10T15:00-07:00,101,0,0
2022-04-10T15:15-07:00,102,0,0
2022-04-10T15:30-07:00,113,0,0
2022-04-10T15:45-07:00,103,0,0
2022-04-10T16:00-07:00,138,0,0
2022-04-10T16:15-07:00,121,0,0
2022-04-10T16:30-07:00,120,0,0
2022-04-10T16:45-07:00,126,0,0
2022-04-10T17:00-07:00,133,0,0
2022-04-10T17:15-07:00,118,0,0
2022-04-10T17:30-07:00,118,0,0
2022-04-10T17:45-07:00,117,0,0
2022-04-10T18:00-07:00,117,0,0
2022-04-10T18:15-07:00,121,0,0
2022-04-10T18:30-07:00,107,0,0
2022-04-10T18:45-07:00,122,0,0
2022-04-10T19:00-07:00,132,0,0
2022-04-10T19:15-07:00,113,0,0
2022-04-10T19:30-07:00,122,0,0
2022-04-10T19:45-07:00,116,0,0
2022-04-10T20:00-07:00,114,0,0
2022-04-10T20:15-07:00,111,0,0
2022-04-10T20:30-07:00,117,0,0
2022-04-10T20:45-07:00,123,0,0
2022-04-10T21:00-07:00,115,0,0
2022-04-10T21:15-07:00,124,0,0
2022-04-10T21:30-07:00,117,0,0
2022-04-10T21:45-07:00,118,0,0
2022-04-10T22:00-07:00,144,0,0
2022-04-10T22:15-07:00,124,0,0
2022-04-10T22:30-07:00,128,0,0
2022-04-10T22:45-07:00,114,0,0
2022-04-10T23:00-07:00,121,0,0
2022-04-10T23:15-07:00,115,0,0
2022-04-10T23:30-07:00,112,0,0
2022-04-10T23:45-07:00,115,0,0
2022-04-11T00:00-07:00,117,0,0
2022-04-11T00:15-07:00,109,0,0
2022-04-11T00:30-07:00,113,0,0
2022-04-11T00:45-07:00,119,0,0
2022-04-11T01:00-07:00,104,0,0
2022-04-11T01:15-07:00,108,0,0
2022-04-11T01:30-07:00,103,0,0
2022-04-11T01:45-07:00,100,0,0
2022-04-11T02:00-07:00,103,0,0
2022-04-11T02:15-07:00,93,0,0
2022-04-11T02:30-07:00,93,0,0
2022-04-11T02:45-07:00,89,0,0
2022-04-11T03:00-07:00,87,0,0
2022-04-11T03:15-07:00,81,0,0
2022-04-11T03:30-07:00,98,0,0
2022-04-11T03:45-07:00,85,0,0
2022-04-11T04:00-07:00,88,0,0
2022-04-11T04:15-07:00,84,0,0
2022-04-11T04:30-07:00,81,0,0
2022-04-11T04:45-07:00,80,0,0
2022-04-11T05:00-07:00,79,0,0
2022-04-11T05:15-07:00,85,0,0
2022-04-11T05:30-07:00,78,0,0
2022-04-11T05:45-07:00,80,0,0
2022-04-11T06:00-07:00,80,0,0
2022-04-11T06:15-07:00,88,0,0
2022-04-11T06:30-07:00,76,0,0
2022-04-11T06:45-07:00,80,0,0
2022-04-11T07:00-07:00,81,0,0
2022-04-11T07:15-07:00,85,0,0
2022-04-11T07:30-07:00,81,0,0
2022-04-11T07:45-07:00,84,0,0
2022-04-11T08:00-07:00,82,0,0
2022-04-11T08:15-07:00,80,0,0
2022-04-11T08:30-07:00,91,0,0
2022-04-11T08:45-07:00,80,0,0
2022-04-11T09:00-07:00,75,0,0
2022-04-11T09:15-07:00,87,0,0
2022-04-11T09:30-07:00,90,0,0
2022-04-11T09:45-07:00,108,0,0
2022-04-11T10:00-07:00,98,0,0
2022-04-11T10:15-07:00,82,0,0
2022-04-11T10:30-07:00,86,0,0
2022-04-11T10:45-07:00,99,0,0
2022-04-11T11:00-07:00,102,0,0
2022-04-11T11:15-07:00,100,0,0
2022-04-11T11:30-07:00,106,0,0
2022-04-11T11:45-07:00,106,0,0
2022-04-11T12:00-07:00,107,0,0
2022-04-11T12:15-07:00,106,0,0
2022-04-11T12:30-07:00,117,0,0
2022-04-11T12:45-07:00,126,0,0
2022-04-11T13:00-07:00,103,0,0
2022-04-11T13:15-07:00,97,0,0
2022-04-11T13:30-07:00,106,0,0
2022-04-11T13:45-07:00,93,0,0
2022-04-11T14:00-07:00,95,0,0
2022-04-11T14:15-07:00,95,0,0
2022-04-11T14:30-07:00,98,0,0
2022-04-11T14:45-07:00,106,0,0
2022-04-11T15:00-07:00,93,0,0
2022-04-11T15:15-07:00,97,0,0
2022-04-11T15:30-07:00,101,0,0
2022-04-11T15:45-07:00,129,0,0
2022-04-11T16:00-07:00,96,0,0
2022-04-11T16:15-07:00,110,0,0
2022-04-11T16:30-07:00,107,0,0
2022-04-11T16:45-07:00,108,0,0
2022-04-11T17:00-07:00,112,0,0
2022-04-11T17:15-07:00,103,0,0
2022-04-11T17:30-07:00,107,0,0
2022-04-11T17:45-07:00,113,0,0
2022-04-11T18:00-07:00,111,0,0
2022-04-11T18:15-07:00,110,0,0
2022-04-11T18:30-07:00,109,0,0
2022-04-11T18:45-07:00,114,0,0
2022-04-11T19:00-07:00,109,0,0
2022-04-11T19:15-07:00,109,0,0
2022-04-11T19:30-07:00,113,0,0
2022-04-11T19:45-07:00,115,0,0
2022-04-11T20:00-07:00,112,0,0
2022-04-11T20:15-07:00,118,0,0
2022-04-11T20:30-07:00,116,0,0
2022-04-11T20:45-07:00,118,0,0
2022-04-11T21:00-07:00,111,0,0
2022-04-11T21:15-07:00,117,0,0
2022-04-11T21:30-07:00,119,0,0
2022-04-11T21:45-07:00,117,0,0
2022-04-11T22:00-07:00,112,0,0
2022-04-11T22:15-07:00,111,0,0
2022-04-11T22:30-07:00,114,0,0
2022-04-11T22:45-07:00,117,0,0
2022-04-11T23:00-07:00,111,0,0
2022-04-11T23:15-07:00,111,0,0
2022-04-11T23:30-07:00,119,0,0
2022-04-11T23:45-07:00,117,0,0
2022-04-12T00:00-07:00,128,0,0
2022-04-12T00:15-07:00,112,0,0
2022-04-12T00:30-07:00,110,0,0
2022-04-12T00:45-07:00,110,0,0
2022-04-12T01:00-07:00,109,0,0
2022-04-12T01:15-07:00,105,0,0
2022-04-12T01:30-07:00,101,0,0
2022-04-12T01:45-07:00,99,0,0
2022-04-12T02:00-07:00,97,0,0
2022-04-12T02:15-07:00,90,0,0
2022-04-12T02:30-07:00,85,0,0
2022-04-12T02:45-07:00,84,0,0
2022-04-12T03:00-07:00,90,0,0
2022-04-12T03:15-07:00,87,0,0
2022-04-12T03:30-07:00,82,0,0
2022-04-12T03:45-07:00,79,0,0
2022-04-12T04:00-07:00,81,0,0
2022-04-12T04:15-07:00,79,0,0
2022-04-12T04:30-07:00,82,0,0
2022-04-12T04:45-07:00,79,0,0
2022-04-12T05:00-07:00,81,0,0
2022-04-12T05:15-07:00,91,0,0
2022-04-12T05:30-07:00,84,0,0
2022-04-12T05:45-07:00,79,0,0
2022-04-12T06:00-07:00,81,0,0
2022-04-12T06:15-07:00,88,0,0
2022-04-12T06:30-07:00,83,0,0
2022-04-12T06:45-07:00,71,0,0
2022-04-12T07:00-07:00,77,0,0
2022-04-12T07:15-07:00,84,0,0
2022-04-12T07:30-07:00,72,0,0
2022-04-12T07:45-07:00,80,0,0
2022-04-12T08:00-07:00,74,0,0
2022-04-12T08:15-07:00,74,0,0
2022-04-12T08:30-07:00,74,0,0
2022-04-12T08:45-07:00,76,0,0
2022-04-12T09:00-07:00,95,0,0
2022-04-12T09:15-07:00,92,0,0
2022-04-12T09:30-07:00,84,0,0
2022-04-12T09:45-07:00,91,0,0
2022-04-12T10:00-07:00,91,0,0
2022-04-12T10:15-07:00,120,0,0
2022-04-12T10:30-07:00,97,0,0
2022-04-12T10:45-07:00,95,0,0
2022-04-12T11:00-07:00,95,0,0
2022-04-12T11:15-07:00,96,0,0
2022-04-12T11:30-07:00,105,0,0
2022-04-12T11:45-07:00,106,0,0
2022-04-12T12:00-07:00,117,0,0
2022-04-12T12:15-07:00,121,0,0
2022-04-12T12:30-07:00,114,0,0
2022-04-12T12:45-07:00,125,0,0
2022-04-12T13:00-07:00,109,0,0
2022-04-12T13:15-07:00,112,0,0
2022-04-12T13:30-07:00,124,0,0
2022-04-12T13:45-07:00,105,0,0
2022-04-12T14:00-07:00,124,0,0
2022-04-12T14:15-07:00,111,0,0
2022-04-12T14:30-07:00,120,0,0
2022-04-12T14:45-07:00,116,0,0
2022-04-12T15:00-07:00,108,0,0
2022-04-12T15:15-07:00,107,0,0
2022-04-12T15:30-07:00,105,0,0
2022-04-12T15:45-07:00,100,0,0
2022-04-12T16:00-07:00,108,0,0
2022-04-12T16:15-07:00,105,0,0
2022-04-12T16:30-07:00,119,0,0
2022-04-12T16:45-07:00,117,0,0
2022-04-12T17:00-07:00,123,0,0
2022-04-12T17:15-07:00,113,0,0
2022-04-12T17:30-07:00,100,0,0
2022-04-12T17:45-07:00,108,0,0
2022-04-12T18:00-07:00,109,0,0
2022-04-12T18:15-07:00,108,0,0
2022-04-12T18:30-07:00,116,0,0
2022-04-12T18:45-07:00,101,0,0
2022-04-12T19:00-07:00,105,0,0
2022-04-12T19:15-07:00,115,0,0
2022-04-12T19:30-07:00,115,0,0
2022-04-12T19:45-07:00,118,0,0
2022-04-12T20:00-07:00,120,0,0
2022-04-12T20:15-07:00,119,0,0
2022-04-12T20:30-07:00,113,0,0
2022-04-12T20:45-07:00,118,0,0
2022-04-12T21:00-07:00,114,0,0
2022-04-12T21:15-07:00,107,0,0
2022-04-12T21:30-07:00,111,0,0
2022-04-12T21:45-07:00,123,0,0
2022-04-12T22:00-07:00,122,0,0
2022-04-12T22:15-07:00,114,0,0
2022-04-12T22:30-07:00,116,0,0
2022-04-12T22:45-07:00,111,0,0
2022-04-12T23:00-07:00,111,0,0
2022-04-12T23:15-07:00,115,0,0
2022-04-12T23:30-07:00,113,0,0
2022-04-12T23:45-07:00,116,0,0
2022-04-13T00:00-07:00,114,0,0
2022-04-13T00:15-07:00,109,0,0
2022-04-13T00:30-07:00,108,0,0
2022-04-13T00:45-07:00,108,0,0
2022-04-13T01:00-07:00,117,0,0
2022-04-13T01:15-07:00,98,0,0
2022-04-13T01:30-07:00,98,0,0
2022-04-13T01:45-07:00,98,0,0
2022-04-13T02:00-07:00,95,0,0
2022-04-13T02:15-07:00,91,0,0
2022-04-13T02:30-07:00,94,0,0
2022-04-13T02:45-07:00,102,0,0
2022-04-13T03:00-07:00,88,0,0
2022-04-13T03:15-07:00,80,0,0
2022-04-13T03:30-07:00,81,0,0
2022-04-13T03:45-07:00,78,0,0
2022-04-13T04:00-07:00,79,0,0
2022-04-13T04:15-07:00,79,0,0
2022-04-13T04:30-07:00,81,0,0
2022-04-13T04:45-07:00,78,0,0
2022-04-13T05:00-07:00,77,0,0
2022-04-13T05:15-07:00,80,0,0
2022-04-13T05:30-07:00,78,0,0
2022-04-13T05:45-07:00,77,0,0
2022-04-13T06:00-07:00,74,0,0
2022-04-13T06:15-07:00,78,0,0
2022-04-13T06:30-07:00,77,0,0
2022-04-13T06:45-07:00,76,0,0
2022-04-13T07:00-07:00,87,0,0
2022-04-13T07:15-07:00,70,0,0
2022-04-13T07:30-07:00,81,0,0
2022-04-13T07:45-07:00,77,0,0
2022-04-13T08:00-07:00,80,0,0
2022-04-13T08:15-07:00,77,0,0
2022-04-13T08:30-07:00,80,0,0
2022-04-13T08:45-07:00,78,0,0
2022-04-13T09:00-07:00,77,0,0
2022-04-13T09:15-07:00,70,0,0
2022-04-13T09:30-07:00,73,0,0
2022-04-13T09:45-07:00,90,0,0
2022-04-13T10:00-07:00,88,0,0
2022-04-13T10:15-07:00,92,0,0
2022-04-13T10:30-07:00,90,0,0
2022-04-13T10:45-07:00,92,0,0
2022-04-13T11:00-07:00,89,0,0
2022-04-13T11:15-07:00,88,0,0
2022-04-13T11:30-07:00,100,0,0
2022-04-13T11:45-07:00,102,0,0
2022-04-13T12:00-07:00,94,0,0
2022-04-13T12:15-07:00,102,0,0
2022-04-13T12:30-07:00,117,0,0
2022-04-13T12:45-07:00,114,0,0
2022-04-13T13:00-07:00,117,0,0
2022-04-13T13:15-07:00,116,0,0
2022-04-13T13:30-07:00,119,0,0
2022-04-13T13:45-07:00,95,0,0
2022-04-13T14:00-07:00,94,0,0
2022-04-13T14:15-07:00,113,0,0
2022-04-13T14:30-07:00,115,0,0
2022-04-13T14:45-07:00,116,0,0
2022-04-13T15:00-07:00,124,0,0
2022-04-13T15:15-07:00,113,0,0
2022-04-13T15:30-07:00,111,0,0
2022-04-13T15:45-07:00,108,0,0
2022-04-13T16:00-07:00,98,0,0
2022-04-13T16:15-07:00,110,0,0
2022-04-13T16:30-07:00,102,0,0
2022-04-13T16:45-07:00,118,0,0
2022-04-13T17:00-07:00,101,0,0
2022-04-13T17:15-07:00,100,0,0
2022-04-13T17:30-07:00,102,0,0
2022-04-13T17:45-07:00,99,0,0
2022-04-13T18:00-07:00,101,0,0
2022-04-13T18:15-07:00,98,0,0
2022-04-13T18:30-07:00,103,0,0
2022-04-13T18:45-07:00,104,0,0
2022-04-13T19:00-07:00,116,0,0
2022-04-13T19:15-07:00,128,0,0
2022-04-13T19:30-07:00,107,0,0
2022-04-13T19:45-07:00,112,0,0
2022-04-13T20:00-07:00,129,0,0
2022-04-13T20:15-07:00,108,0,0
2022-04-13T20:30-07:00,116,0,0
2022-04-13T20:45-07:00,112,0,0
2022-04-13T21:00-07:00,117,0,0
2022-04-13T21:15-07:00,123,0,0
2022-04-13T21:30-07:00,125,0,0
2022-04-13T21:45-07:00,115,0,0
2022-04-13T22:00-07:00,122,0,0
2022-04-13T22:15-07:00,117,0,0
2022-04-13T22:30-07:00,115,0,0
2022-04-13T22:45-07:00,112,0,0
2022-04-13T23:00-07:00,123,0,0
2022-04-13T23:15-07:00,119,0,0
2022-04-13T23:30-07:00,113,0,0
2022-04-13T23:45-07:00,113,0,0
2022-04-14T00:00-07:00,113,0,0
2022-04-14T00:15-07:00,121,0,0
2022-04-14T00:30-07:00,107,0,0
2022-04-14T00:45-07:00,105,0,0
2022-04-14T01:00-07:00,120,0,0
2022-04-14T01:15-07:00,107,0,0
2022-04-14T01:30-07:00,116,0,0
2022-04-14T01:45-07:00,111,0,0
2022-04-14T02:00-07:00,113,0,0
2022-04-14T02:15-07:00,99,0,0
2022-04-14T02:30-07:00,102,0,0
2022-04-14T02:45-07:00,90,0,0
2022-04-14T03:00-07:00,90,0,0
2022-04-14T03:15-07:00,92,0,0
2022-04-14T03:30-07:00,91,0,0
2022-04-14T03:45-07:00,83,0,0
2022-04-14T04:00-07:00,80,0,0
2022-04-14T04:15-07:00,87,0,0
2022-04-14T04:30-07:00,81,0,0
2022-04-14T04:45-07:00,84,0,0
2022-04-14T05:00-07:00,83,0,0
2022-04-14T05:15-07:00,86,0,0
2022-04-14T05:30-07:00,82,0,0
2022-04-14T05:45-07:00,79,0,0
2022-04-14T06:00-07:00,92,0,0
2022-04-14T06:15-07:00,91,0,0
2022-04-14T06:30-07:00,84,0,0
2022-04-14T06:45-07:00,77,0,0
2022-04-14T07:00-07:00,98,0,0
2022-04-14T07:15-07:00,81,0,0
2022-04-14T07:30-07:00,77,0,0
2022-04-14T07:45-07:00,0,16,1
2022-04-14T08:00-07:00,0,16,0
2022-04-14T08:15-07:00,84,0,0
2022-04-14T08:30-07:00,81,0,0
2022-04-14T08:45-07:00,71,0,0
2022-04-14T09:00-07:00,67,0,0
2022-04-14T09:15-07:00,78,0,0
2022-04-14T09:30-07:00,82,0,0
2022-04-14T09:45-07:00,96,0,0
2022-04-14T10:00-07:00,84,0,0
2022-04-14T10:15-07:00,89,0,0
2022-04-14T10:30-07:00,89,0,0
2022-04-14T10:45-07:00,104,0,0
2022-04-14T11:00-07:00,88,0,0
2022-04-14T11:15-07:00,96,0,0
2022-04-14T11:30-07:00,97,0,0
2022-04-14T11:45-07:00,98,0,0
2022-04-14T12:00-07:00,86,0,0
2022-04-14T12:15-07:00,95,0,0
2022-04-14T12:30-07:00,118,0,0
2022-04-14T12:45-07:00,108,0,0
2022-04-14T13:00-07:00,114,0,0
2022-04-14T13:15-07:00,105,0,0
2022-04-14T13:30-07:00,104,0,0
2022-04-14T13:45-07:00,107,0,0
2022-04-14T14:00-07:00,105,0,0
2022-04-14T14:15-07:00,115,0,0
2022-04-14T14:30-07:00,103,0,0
2022-04-14T14:45-07:00,107,0,0
2022-04-14T15:00-07:00,107,0,0
2022-04-14T15:15-07:00,113,0,0
2022-04-14T15:30-07:00,95,0,0
2022-04-14T15:45-07:00,110,0,0
2022-04-14T16:00-07:00,113,0,0
2022-04-14T16:15-07:00,99,0,0
2022-04-14T16:30-07:00,96,0,0
2022-04-14T16:45-07:00,98,0,0
2022-04-14T17:00-07:00,96,0,0
2022-04-14T17:15-07:00,106,0,0
2022-04-14T17:30-07:00,103,0,0
2022-04-14T17:45-07:00,97,0,0
2022-04-14T18:00-07:00,114,0,0
2022-04-14T18:15-07:00,105,0,0
2022-04-14T18:30-07:00,118,0,0
2022-04-14T18:45-07:00,124,0,0
2022-04-14T19:00-07:00,106,0,0
2022-04-14T19:15-07:00,105,0,0
2022-04-14T19:30-07:00,105,0,0
2022-04-14T19:45-07:00,111,0,0
2022-04-14T20:00-07:00,107,0,0
2022-04-14T20:15-07:00,124,0,0
2022-04-14T20:30-07:00,105,0,0
2022-04-14T20:45-07:00,126,0,0
2022-04-14T21:00-07:00,108,0,0
2022-04-14T21:15-07:00,114,0,0
2022-04-14T21:30-07:00,112,0,0
2022-04-14T21:45-07:00,107,0,0
2022-04-14T22:00-07:00,122,0,0
2022-04-14T22:15-07:00,109,0,0
2022-04-14T22:30-07:00,130,0,0
2022-04-14T22:45-07:00,111,0,0
2022-04-14T23:00-07:00,116,0,0
2022-04-14T23:15-07:00,115,0,0
2022-04-14T23:30-07:00,114,0,0
2022-04-14T23:45-07:00,136,0,0
2022-04-15T00:00-07:00,116,0,0
2022-04-15T00:15-07:00,109,0,0
2022-04-15T00:30-07:00,121,0,0
2022-04-15T00:45-07:00,105,0,0
2022-04-15T01:00-07:00,111,0,0
2022-04-15T01:15-07:00,107,0,0
2022-04-15T01:30-07:00,103,0,0
2022-04-15T01:45-07:00,100,0,0
2022-04-15T02:00-07:00,111,0,0
2022-04-15T02:15-07:00,98,0,0
2022-04-15T02:30-07:00,107,0,0
2022-04-15T02:45-07:00,95,0,0
2022-04-15T03:00-07:00,98,0,0
2022-04-15T03:15-07:00,100,0,0
2022-04-15T03:30-07:00,105,0,0
2022-04-15T03:45-07:00,99,0,0
2022-04-15T04:00-07:00,105,0,0
2022-04-15T04:15-07:00,105,0,0
2022-04-15T04:30-07:00,94,0,0
2022-04-15T04:45-07:00,91,0,0
2022-04-15T05:00-07:00,86,0,0
2022-04-15T05:15-07:00,96,0,0
2022-04-15T05:30-07:00,84,0,0
2022-04-15T05:45-07:00,86,0,0
2022-04-15T06:00-07:00,85,0,0
2022-04-15T06:15-07:00,89,0,0
2022-04-15T06:30-07:00,83,0,0
2022-04-15T06:45-07:00,85,0,0
2022-04-15T07:00-07:00,96,0,0
2022-04-15T07:15-07:00,86,0,0
2022-04-15T07:30-07:00,77,0,0
2022-04-15T07:45-07:00,88,0,0
2022-04-15T08:00-07:00,74,0,0
2022-04-15T08:15-07:00,87,0,0
2022-04-15T08:30-07:00,88,0,0
2022-04-15T08:45-07:00,92,0,0
2022-04-15T09:00-07:00,87,0,0
2022-04-15T09:15-07:00,112,0,0
2022-04-15T09:30-07:00,95,0,0
2022-04-15T09:45-07:00,86,0,0
2022-04-15T10:00-07:00,101,0,0
2022-04-15T10:15-07:00,94,0,0
2022-04-15T10:30-07:00,102,0,0
2022-04-15T10:45-07:00,94,0,0
2022-04-15T11:00-07:00,92,0,0
2022-04-15T11:15-07:00,111,0,0
2022-04-15T11:30-07:00,99,0,0
2022-04-15T11:45-07:00,121,0,0
2022-04-15T12:00-07:00,108,0,0
2022-04-15T12:15-07:00,108,0,0
2022-04-15T12:30-07:00,119,0,0
2022-04-15T12:45-07:00,104,0,0
2022-04-15T13:00-07:00,107,0,0
2022-04-15T13:15-07:00,107,0,0
2022-04-15T13:30-07:00,129,0,0
2022-04-15T13:45-07:00,105,0,0
2022-04-15T14:00-07:00,105,0,0
2022-04-15T14:15-07:00,113,0,0
2022-04-15T14:30-07:00,140,0,0
2022-04-15T14:45-07:00,115,0,0
2022-04-15T15:00-07:00,93,0,0
2022-04-15T15:15-07:00,102,0,0
2022-04-15T15:30-07:00,118,0,0
2022-04-15T15:45-07:00,121,0,0
2022-04-15T16:00-07:00,131,0,0
2022-04-15T16:15-07:00,130,0,0
2022-04-15T16:30-07:00,123,0,0
2022-04-15T16:45-07:00,136,0,0
2022-04-15T17:00-07:00,122,0,0
2022-04-15T17:15-07:00,112,0,0
2022-04-15T17:30-07:00,109,0,0
2022-04-15T17:45-07:00,120,0,0
2022-04-15T18:00-07:00,113,0,0
2022-04-15T18:15-07:00,110,0,0
2022-04-15T18:30-07:00,95,0,0
2022-04-15T18:45-07:00,97,0,0
2022-04-15T19:00-07:00,98,0,0
2022-04-15T19:15-07:00,89,0,0
2022-04-15T19:30-07:00,102,0,0
2022-04-15T19:45-07:00,105,0,0
2022-04-15T20:00-07:00,95,0,0
2022-04-15T20:15-07:00,101,0,0
2022-04-15T20:30-07:00,104,0,0
2022-04-15T20:45-07:00,105,0,0
2022-04-15T21:00-07:00,96,0,0
2022-04-15T21:15-07:00,104,0,0
2022-04-15T21:30-07:00,102,0,0
2022-04-15T21:45-07:00,96,0,0
2022-04-15T22:00-07:00,94,0,0
2022-04-15T22:15-07:00,92,0,0
2022-04-15T22:30-07:00,100,0,0
2022-04-15T22:45-07:00,95,0,0
2022-04-15T23:00-07:00,101,0,0
2022-04-15T23:15-07:00,93,0,0
2022-04-15T23:30-07:00,92,0,0
2022-04-15T23:45-07:00,94,0,0
2022-04-16T00:00-07:00,105,0,0
2022-04-16T00:15-07:00,105,0,0
2022-04-16T00:30-07:00,97,0,0
2022-04-16T00:45-07:00,106,0,0
2022-04-16T01:00-07:00,112,0,0
2022-04-16T01:15-07:00,100,0,0
2022-04-16T01:30-07:00,89,0,0
2022-04-16T01:45-07:00,96,0,0
2022-04-16T02:00-07:00,93,0,0
2022-04-16T02:15-07:00,115,0,0
2022-04-16T02:30-07:00,99,0,0
2022-04-16T02:45-07:00,82,0,0
2022-04-16T03:00-07:00,87,0,0
2022-04-16T03:15-07:00,80,0,0
2022-04-16T03:30-07:00,96,0,0
2022-04-16T03:45-07:00,76,0,0
2022-04-16T04:00-07:00,88,0,0
2022-04-16T04:15-07:00,79,0,0
2022-04-16T04:30-07:00,80,0,0
2022-04-16T04:45-07:00,75,0,0
2022-04-16T05:00-07:00,78,0,0
2022-04-16T05:15-07:00,86,0,0
2022-04-16T05:30-07:00,79,0,0
2022-04-16T05:45-07:00,82,0,0
2022-04-16T06:00-07:00,75,0,0
2022-04-16T06:15-07:00,79,0,0
2022-04-16T06:30-07:00,90,0,0
2022-04-16T06:45-07:00,78,0,0
2022-04-16T07:00-07:00,88,0,0
2022-04-16T07:15-07:00,76,0,0
2022-04-16T07:30-07:00,75,0,0
2022-04-16T07:45-07:00,95,0,0
2022-04-16T08:00-07:00,76,0,0
2022-04-16T08:15-07:00,92,0,0
2022-04-16T08:30-07:00,85,0,0
2022-04-16T08:45-07:00,77,0,0
2022-04-16T09:00-07:00,85,0,0
2022-04-16T09:15-07:00,81,0,0
2022-04-16T09:30-07:00,78,0,0
2022-04-16T09:45-07:00,81,0,0
2022-04-16T10:00-07:00,84,0,0
2022-04-16T10:15-07:00,77,0,0
2022-04-16T10:30-07:00,87,0,0
2022-04-16T10:45-07:00,93,0,0
2022-04-16T11:00-07:00,90,0,0
2022-04-16T11:15-07:00,101,0,0
2022-04-16T11:30-07:00,89,0,0
2022-04-16T11:45-07:00,97,0,0
2022-04-16T12:00-07:00,96,0,0
2022-04-16T12:15-07:00,107,0,0
2022-04-16T12:30-07:00,101,0,0
2022-04-16T12:45-07:00,108,0,0
2022-04-16T13:00-07:00,99,0,0
2022-04-16T13:15-07:00,109,0,0
2022-04-16T13:30-07:00,102,0,0
2022-04-16T13:45-07:00,106,0,0
2022-04-16T14:00-07:00,103,0,0
2022-04-16T14:15-07:00,92,0,0
2022-04-16T14:30-07:00,96,0,0
2022-04-16T14:45-07:00,89,0,0
2022-04-16T15:00-07:00,105,0,0
2022-04-16T15:15-07:00,103,0,0
2022-04-16T15:30-07:00,93,0,0
2022-04-16T15:45-07:00,96,0,0
2022-04-16T16:00-07:00,99,0,0
2022-04-16T16:15-07:00,105,0,0
2022-04-16T16:30-07:00,94,0,0
2022-04-16T16:45-07:00,97,0,0
2022-04-16T17:00-07:00,102,0,0
2022-04-16T17:15-07:00,96,0,0
2022-04-16T17:30-07:00,104,0,0
2022-04-16T17:45-07:00,109,0,0
2022-04-16T18:00-07:00,113,0,0
2022-04-16T18:15-07:00,138,0,0
2022-04-16T18:30-07:00,131,0,0
2022-04-16T18:45-07:00,122,0,0
2022-04-16T19:00-07:00,154,0,0
2022-04-16T19:15-07:00,112,0,0
2022-04-16T19:30-07:00,172,0,0
2022-04-16T19:45-07:00,149,0,0
2022-04-16T20:00-07:00,115,0,0
2022-04-16T20:15-07:00,106,0,0
2022-04-16T20:30-07:00,128,0,0
2022-04-16T20:45-07:00,125,0,0
2022-04-16T21:00-07:00,114,0,0
2022-04-16T21:15-07:00,131,0,0
2022-04-16T21:30-07:00,133,0,0
2022-04-16T21:45-07:00,102,0,0
2022-04-16T22:00-07:00,128,0,0
2022-04-16T22:15-07:00,112,0,0
2022-04-16T22:30-07:00,119,0,0
2022-04-16T22:45-07:00,117,0,0
2022-04-16T23:00-07:00,121,0,0
2022-04-16T23:15-07:00,114,0,0
2022-04-16T23:30-07:00,105,0,0
2022-04-16T23:45-07:00,111,0,0
2022-04-17T00:00-07:00,103,0,0
2022-04-17T00:15-07:00,104,0,0
2022-04-17T00:30-07:00,105,0,0
2022-04-17T00:45-07:00,112,0,0
2022-04-17T01:00-07:00,117,0,0
2022-04-17T01:15-07:00,107,0,0
2022-04-17T01:30-07:00,96,0,0
2022-04-17T01:45-07:00,111,0,0
2022-04-17T02:00-07:00,103,0,0
2022-04-17T02:15-07:00,112,0,0
2022-04-17T02:30-07:00,107,0,0
2022-04-17T02:45-07:00,120,0,0
2022-04-17T03:00-07:00,110,0,0
2022-04-17T03:15-07:00,95,0,0
2022-04-17T03:30-07:00,93,0,0
2022-04-17T03:45-07:00,103,0,0
2022-04-17T04:00-07:00,87,0,0
2022-04-17T04:15-07:00,84,0,0
2022-04-17T04:30-07:00,84,0,0
2022-04-17T04:45-07:00,97,0,0
2022-04-17T05:00-07:00,80,0,0
2022-04-17T05:15-07:00,88,0,0
2022-04-17T05:30-07:00,78,0,0
2022-04-17T05:45-07:00,77,0,0
2022-04-17T06:00-07:00,88,0,0
2022-04-17T06:15-07:00,74,0,0
2022-04-17T06:30-07:00,82,0,0
2022-04-17T06:45-07:00,77,0,0
2022-04-17T07:00-07:00,79,0,0
2022-04-17T07:15-07:00,76,0,0
2022-04-17T07:30-07:00,94,0,0
2022-04-17T07:45-07:00,87,0,0
2022-04-17T08:00-07:00,78,0,0
2022-04-17T08:15-07:00,77,0,0
2022-04-17T08:30-07:00,82,0,0
2022-04-17T08:45-07:00,77,0,0
2022-04-17T09:00-07:00,90,0,0
2022-04-17T09:15-07:00,88,0,0
2022-04-17T09:30-07:00,79,0,0
2022-04-17T09:45-07:00,97,0,0
2022-04-17T10:00-07:00,90,0,0
2022-04-17T10:15-07:00,77,0,0
2022-04-17T10:30-07:00,91,0,0
2022-04-17T10:45-07:00,89,0,0
2022-04-17T11:00-07:00,77,0,0
2022-04-17T11:15-07:00,85,0,0
2022-04-17T11:30-07:00,81,0,0
2022-04-17T11:45-07:00,101,0,0
2022-04-17T12:00-07:00,87,0,0
2022-04-17T12:15-07:00,96,0,0
2022-04-17T12:30-07:00,109,0,0
2022-04-17T12:45-07:00,94,0,0
2022-04-17T13:00-07:00,95,0,0
2022-04-17T13:15-07:00,118,0,0
2022-04-17T13:30-07:00,100,0,0
2022-04-17T13:45-07:00,111,0,0
2022-04-17T14:00-07:00,100,0,0
2022-04-17T14:15-07:00,102,0,0
2022-04-17T14:30-07:00,110,0,0
2022-04-17T14:45-07:00,104,0,0
2022-04-17T15:00-07:00,102,0,0
2022-04-17T15:15-07:00,104,0,0
2022-04-17T15:30-07:00,112,0,0
2022-04-17T15:45-07:00,113,0,0
2022-04-17T16:00-07:00,103,0,0
2022-04-17T16:15-07:00,98,0,0
2022-04-17T16:30-07:00,110,0,0
2022-04-17T16:45-07:00,124,0,0
2022-04-17T17:00-07:00,115,0,0
2022-04-17T17:15-07:00,103,0,0
2022-04-17T17:30-07:00,112,0,0
2022-04-17T17:45-07:00,106,0,0
2022-04-17T18:00-07:00,106,0,0
2022-04-17T18:15-07:00,113,0,0
2022-04-17T18:30-07:00,115,0,0
2022-04-17T18:45-07:00,124,0,0
2022-04-17T19:00-07:00,123,0,0
2022-04-17T19:15-07:00,108,0,0
2022-04-17T19:30-07:00,122,0,0
2022-04-17T19:45-07:00,125,0,0
2022-04-17T20:00-07:00,113,0,0
2022-04-17T20:15-07:00,119,0,0
2022-04-17T20:30-07:00,103,0,0
2022-04-17T20:45-07:00,105,0,0
2022-04-17T21:00-07:00,110,0,0
2022-04-17T21:15-07:00,117,0,0
2022-04-17T21:30-07:00,114,0,0
2022-04-17T21:45-07:00,132,0,0
2022-04-17T22:00-07:00,117,0,0
2022-04-17T22:15-07:00,112,0,0
2022-04-17T22:30-07:00,108,0,0
2022-04-17T22:45-07:00,130,0,0
2022-04-17T23:00-07:00,114,0,0
2022-04-17T23:15-07:00,118,0,0
2022-04-17T23:30-07:00,134,0,0
2022-04-17T23:45-07:00,108,0,0
2022-04-18T00:00-07:00,106,0,0
2022-04-18T00:15-07:00,118,0,0
2022-04-18T00:30-07:00,127,0,0
2022-04-18T00:45-07:00,108,0,0
2022-04-18T01:00-07:00,106,0,0
2022-04-18T01:15-07:00,100,0,0
2022-04-18T01:30-07:00,111,0,0
2022-04-18T01:45-07:00,99,0,0
2022-04-18T02:00-07:00,94,0,0
2022-04-18T02:15-07:00,93,0,0
2022-04-18T02:30-07:00,94,0,0
2022-04-18T02:45-07:00,90,0,0
2022-04-18T03:00-07:00,100,0,0
2022-04-18T03:15-07:00,82,0,0
2022-04-18T03:30-07:00,84,0,0
2022-04-18T03:45-07:00,83,0,0
2022-04-18T04:00-07:00,99,0,0
2022-04-18T04:15-07:00,82,0,0
2022-04-18T04:30-07:00,88,0,0
2022-04-18T04:45-07:00,88,0,0
2022-04-18T05:00-07:00,75,0,0
2022-04-18T05:15-07:00,76,0,0
2022-04-18T05:30-07:00,75,0,0
2022-04-18T05:45-07:00,78,0,0
2022-04-18T06:00-07:00,78,0,0
2022-04-18T06:15-07:00,71,0,0
2022-04-18T06:30-07:00,78,0,0
2022-04-18T06:45-07:00,76,0,0
2022-04-18T07:00-07:00,76,0,0
2022-04-18T07:15-07:00,77,0,0
2022-04-18T07:30-07:00,78,0,0
2022-04-18T07:45-07:00,77,0,0
2022-04-18T08:00-07:00,75,0,0
2022-04-18T08:15-07:00,83,0,0
2022-04-18T08:30-07:00,77,0,0
2022-04-18T08:45-07:00,76,0,0
2022-04-18T09:00-07:00,78,0,0
2022-04-18T09:15-07:00,74,0,0
2022-04-18T09:30-07:00,71,0,0
2022-04-18T09:45-07:00,88,0,0
2022-04-18T10:00-07:00,74,0,0
2022-04-18T10:15-07:00,79,0,0
2022-04-18T10:30-07:00,83,0,0
2022-04-18T10:45-07:00,83,0,0
2022-04-18T11:00-07:00,79,0,0
2022-04-18T11:15-07:00,82,0,0
2022-04-18T11:30-07:00,86,0,0
2022-04-18T11:45-07:00,90,0,0
2022-04-18T12:00-07:00,85,0,0
2022-04-18T12:15-07:00,95,0,0
2022-04-18T12:30-07:00,94,0,0
2022-04-18T12:45-07:00,107,0,0
2022-04-18T13:00-07:00,105,0,0
2022-04-18T13:15-07:00,101,0,0
2022-04-18T13:30-07:00,109,0,0
2022-04-18T13:45-07:00,108,0,0
2022-04-18T14:00-07:00,100,0,0
2022-04-18T14:15-07:00,113,0,0
2022-04-18T14:30-07:00,110,0,0
2022-04-18T14:45-07:00,114,0,0
2022-04-18T15:00-07:00,118,0,0
2022-04-18T15:15-07:00,100,0,0
2022-04-18T15:30-07:00,106,0,0
2022-04-18T15:45-07:00,96,0,0
2022-04-18T16:00-07:00,99,0,0
2022-04-18T16:15-07:00,104,0,0
2022-04-18T16:30-07:00,99,0,0
2022-04-18T16:45-07:00,102,0,0
2022-04-18T17:00-07:00,102,0,0
2022-04-18T17:15-07:00,104,0,0
2022-04-18T17:30-07:00,106,0,0
2022-04-18T17:45-07:00,113,0,0
2022-04-18T18:00-07:00,104,0,0
2022-04-18T18:15-07:00,106,0,0
2022-04-18T18:30-07:00,112,0,0
2022-04-18T18:45-07:00,103,0,0
2022-04-18T19:00-07:00,116,0,0
2022-04-18T19:15-07:00,111,0,0
2022-04-18T19:30-07:00,111,0,0
2022-04-18T19:45-07:00,111,0,0
2022-04-18T20:00-07:00,108,0,0
2022-04-18T20:15-07:00,102,0,0
2022-04-18T20:30-07:00,114,0,0
2022-04-18T20:45-07:00,107,0,0
2022-04-18T21:00-07:00,107,0,0
2022-04-18T21:15-07:00,110,0,0
2022-04-18T21:30-07:00,115,0,0
2022-04-18T21:45-07:00,110,0,0
2022-04-18T22:00-07:00,119,0,0
2022-04-18T22:15-07:00,107,0,0
2022-04-18T22:30-07:00,132,0,0
2022-04-18T22:45-07:00,125,0,0
2022-04-18T23:00-07:00,113,0,0
2022-04-18T23:15-07:00,109,0,0
2022-04-18T23:30-07:00,110,0,0
2022-04-18T23:45-07:00,122,0,0
2022-04-19T00:00-07:00,106,0,0
2022-04-19T00:15-07:00,109,0,0
2022-04-19T00:30-07:00,97,0,0
2022-04-19T00:45-07:00,97,0,0
2022-04-19T01:00-07:00,96,0,0
2022-04-19T01:15-07:00,94,0,0
2022-04-19T01:30-07:00,97,0,0
2022-04-19T01:45-07:00,94,0,0
2022-04-19T02:00-07:00,90,0,0
2022-04-19T02:15-07:00,93,0,0
2022-04-19T02:30-07:00,85,0,0
2022-04-19T02:45-07:00,85,0,0
2022-04-19T03:00-07:00,84,0,0
2022-04-19T03:15-07:00,79,0,0
2022-04-19T03:30-07:00,76,0,0
2022-04-19T03:45-07:00,91,0,0
2022-04-19T04:00-07:00,78,0,0
2022-04-19T04:15-07:00,77,0,0
2022-04-19T04:30-07:00,77,0,0
2022-04-19T04:45-07:00,79,0,0
2022-04-19T05:00-07:00,77,0,0
2022-04-19T05:15-07:00,76,0,0
2022-04-19T05:30-07:00,70,0,0
2022-04-19T05:45-07:00,74,0,0
2022-04-19T06:00-07:00,71,0,0
2022-04-19T06:15-07:00,80,0,0
2022-04-19T06:30-07:00,79,0,0
2022-04-19T06:45-07:00,91,0,0
2022-04-19T07:00-07:00,80,0,0
2022-04-19T07:15-07:00,74,0,0
2022-04-19T07:30-07:00,81,0,0
2022-04-19T07:45-07:00,73,0,0
2022-04-19T08:00-07:00,78,0,0
2022-04-19T08:15-07:00,76,0,0
2022-04-19T08:30-07:00,77,0,0
2022-04-19T08:45-07:00,75,0,0
2022-04-19T09:00-07:00,85,0,0
2022-04-19T09:15-07:00,83,0,0
2022-04-19T09:30-07:00,93,0,0
2022-04-19T09:45-07:00,110,0,0
2022-04-19T10:00-07:00,83,0,0
2022-04-19T10:15-07:00,97,0,0
2022-04-19T10:30-07:00,87,0,0
2022-04-19T10:45-07:00,90,0,0
2022-04-19T11:00-07:00,97,0,0
2022-04-19T11:15-07:00,92,0,0
2022-04-19T11:30-07:00,86,0,0
2022-04-19T11:45-07:00,86,0,0
2022-04-19T12:00-07:00,86,0,0
2022-04-19T12:15-07:00,87,0,0
2022-04-19T12:30-07:00,90,0,0
2022-04-19T12:45-07:00,97,0,0
2022-04-19T13:00-07:00,86,0,0
2022-04-19T13:15-07:00,99,0,0
2022-04-19T13:30-07:00,104,0,0
2022-04-19T13:45-07:00,134,0,0
2022-04-19T14:00-07:00,107,0,0
2022-04-19T14:15-07:00,113,0,0
2022-04-19T14:30-07:00,97,0,0
2022-04-19T14:45-07:00,100,0,0
2022-04-19T15:00-07:00,96,0,0
2022-04-19T15:15-07:00,120,0,0
2022-04-19T15:30-07:00,100,0,0
2022-04-19T15:45-07:00,108,0,0
2022-04-19T16:00-07:00,100,0,0
2022-04-19T16:15-07:00,118,0,0
2022-04-19T16:30-07:00,106,0,0
2022-04-19T16:45-07:00,120,0,0
2022-04-19T17:00-07:00,105,0,0
2022-04-19T17:15-07:00,100,0,0
2022-04-19T17:30-07:00,97,0,0
2022-04-19T17:45-07:00,109,0,0
2022-04-19T18:00-07:00,115,0,0
2022-04-19T18:15-07:00,109,0,0
2022-04-19T18:30-07:00,104,0,0
2022-04-19T18:45-07:00,102,0,0
2022-04-19T19:00-07:00,119,0,0
2022-04-19T19:15-07:00,112,0,0
2022-04-19T19:30-07:00,106,0,0
2022-04-19T19:45-07:00,106,0,0
2022-04-19T20:00-07:00,110,0,0
2022-04-19T20:15-07:00,113,0,0
2022-04-19T20:30-07:00,116,0,0
2022-04-19T20:45-07:00,111,0,0
2022-04-19T21:00-07:00,111,0,0
2022-04-19T21:15-07:00,113,0,0
2022-04-19T21:30-07:00,119,0,0
2022-04-19T21:45-07:00,111,0,0
2022-04-19T22:00-07:00,116,0,0
2022-04-19T22:15-07:00,119,0,0
2022-04-19T22:30-07:00,118,0,0
2022-04-19T22:45-07:00,112,0,0
2022-04-19T23:00-07:00,108,0,0
2022-04-19T23:15-07:00,113,0,0
2022-04-19T23:30-07:00,111,0,0
2022-04-19T23:45-07:00,111,0,0
2022-04-20T00:00-07:00,117,0,0
2022-04-20T00:15-07:00,111,0,0
2022-04-20T00:30-07:00,106,0,0
2022-04-20T00:45-07:00,109,0,0
2022-04-20T01:00-07:00,108,0,0
2022-04-20T01:15-07:00,105,0,0
2022-04-20T01:30-07:00,101,0,0
2022-04-20T01:45-07:00,106,0,0
2022-04-20T02:00-07:00,96,0,0
2022-04-20T02:15-07:00,91,0,0
2022-04-20T02:30-07:00,93,0,0
2022-04-20T02:45-07:00,90,0,0
2022-04-20T03:00-07:00,86,0,0
2022-04-20T03:15-07:00,83,0,0
2022-04-20T03:30-07:00,96,0,0
2022-04-20T03:45-07:00,85,0,0
2022-04-20T04:00-07:00,87,0,0
2022-04-20T04:15-07:00,89,0,0
2022-04-20T04:30-07:00,84,0,0
2022-04-20T04:45-07:00,82,0,0
2022-04-20T05:00-07:00,85,0,0
2022-04-20T05:15-07:00,79,0,0
2022-04-20T05:30-07:00,84,0,0
2022-04-20T05:45-07:00,78,0,0
2022-04-20T06:00-07:00,79,0,0
2022-04-20T06:15-07:00,83,0,0
2022-04-20T06:30-07:00,76,0,0
2022-04-20T06:45-07:00,78,0,0
2022-04-20T07:00-07:00,98,0,0
2022-04-20T07:15-07:00,71,0,0
2022-04-20T07:30-07:00,76,0,0
2022-04-20T07:45-07:00,76,0,0
2022-04-20T08:00-07:00,79,0,0
2022-04-20T08:15-07:00,78,0,0
2022-04-20T08:30-07:00,76,0,0
2022-04-20T08:45-07:00,79,0,0
2022-04-20T09:00-07:00,96,0,0
2022-04-20T09:15-07:00,93,0,0
2022-04-20T09:30-07:00,87,0,0
2022-04-20T09:45-07:00,84,0,0
2022-04-20T10:00-07:00,88,0,0
2022-04-20T10:15-07:00,90,0,0
2022-04-20T10:30-07:00,90,0,0
2022-04-20T10:45-07:00,90,0,0
2022-04-20T11:00-07:00,95,0,0
2022-04-20T11:15-07:00,98,0,0
2022-04-20T11:30-07:00,94,0,0
2022-04-20T11:45-07:00,102,0,0
2022-04-20T12:00-07:00,88,0,0
2022-04-20T12:15-07:00,93,0,0
2022-04-20T12:30-07:00,88,0,0
2022-04-20T12:45-07:00,93,0,0
2022-04-20T13:00-07:00,104,0,0
2022-04-20T13:15-07:00,92,0,0
2022-04-20T13:30-07:00,110,0,0
2022-04-20T13:45-07:00,114,0,0
2022-04-20T14:00-07:00,121,0,0
2022-04-20T14:15-07:00,117,0,0
2022-04-20T14:30-07:00,112,0,0
2022-04-20T14:45-07:00,111,0,0
2022-04-20T15:00-07:00,105,0,0
2022-04-20T15:15-07:00,105,0,0
2022-04-20T15:30-07:00,114,0,0
2022-04-20T15:45-07:00,111,0,0
2022-04-20T16:00-07:00,110,0,0
2022-04-20T16:15-07:00,128,0,0
2022-04-20T16:30-07:00,117,0,0
2022-04-20T16:45-07:00,118,0,0
2022-04-20T17:00-07:00,102,0,0
2022-04-20T17:15-07:00,100,0,0
2022-04-20T17:30-07:00,99,0,0
2022-04-20T17:45-07:00,102,0,0
2022-04-20T18:00-07:00,99,0,0
2022-04-20T18:15-07:00,96,0,0
2022-04-20T18:30-07:00,99,0,0
2022-04-20T18:45-07:00,128,0,0
2022-04-20T19:00-07:00,107,0,0
2022-04-20T19:15-07:00,111,0,0
2022-04-20T19:30-07:00,105,0,0
2022-04-20T19:45-07:00,102,0,0
2022-04-20T20:00-07:00,115,0,0
2022-04-20T20:15-07:00,108,0,0
2022-04-20T20:30-07:00,110,0,0
2022-04-20T20:45-07:00,108,0,0
2022-04-20T21:00-07:00,106,0,0
2022-04-20T21:15-07:00,102,0,0
2022-04-20T21:30-07:00,105,0,0
2022-04-20T21:45-07:00,114,0,0
2022-04-20T22:00-07:00,112,0,0
2022-04-20T22:15-07:00,113,0,0
2022-04-20T22:30-07:00,137,0,0
2022-04-20T22:45-07:00,119,0,0
2022-04-20T23:00-07:00,116,0,0
2022-04-20T23:15-07:00,111,0,0
2022-04-20T23:30-07:00,110,0,0
2022-04-20T23:45-07:00,111,0,0
2022-04-21T00:00-07:00,113,0,0
2022-04-21T00:15-07:00,114,0,0
2022-04-21T00:30-07:00,116,0,0
2022-04-21T00:45-07:00,107,0,0
2022-04-21T01:00-07:00,111,0,0
2022-04-21T01:15-07:00,120,0,0
2022-04-21T01:30-07:00,106,0,0
2022-04-21T01:45-07:00,112,0,0
2022-04-21T02:00-07:00,101,0,0
2022-04-21T02:15-07:00,106,0,0
2022-04-21T02:30-07:00,108,0,0
2022-04-21T02:45-07:00,98,0,0
2022-04-21T03:00-07:00,108,0,0
2022-04-21T03:15-07:00,92,0,0
2022-04-21T03:30-07:00,98,0,0
2022-04-21T03:45-07:00,91,0,0
2022-04-21T04:00-07:00,88,0,0
2022-04-21T04:15-07:00,90,0,0
2022-04-21T04:30-07:00,89,0,0
2022-04-21T04:45-07:00,86,0,0
2022-04-21T05:00-07:00,83,0,0
2022-04-21T05:15-07:00,84,0,0
2022-04-21T05:30-07:00,80,0,0
2022-04-21T05:45-07:00,80,0,0
2022-04-21T06:00-07:00,81,0,0
2022-04-21T06:15-07:00,85,0,0
2022-04-21T06:30-07:00,83,0,0
2022-04-21T06:45-07:00,77,0,0
2022-04-21T07:00-07:00,81,0,0
2022-04-21T07:15-07:00,86,0,0
2022-04-21T07:30-07:00,77,0,0
2022-04-21T07:45-07:00,81,0,0
2022-04-21T08:00-07:00,80,0,0
2022-04-21T08:15-07:00,85,0,0
2022-04-21T08:30-07:00,79,0,0
2022-04-21T08:45-07:00,71,0,0
2022-04-21T09:00-07:00,80,0,0
2022-04-21T09:15-07:00,77,0,0
2022-04-21T09:30-07:00,78,0,0
2022-04-21T09:45-07:00,69,0,0
2022-04-21T10:00-07:00,75,0,0
2022-04-21T10:15-07:00,97,0,0
2022-04-21T10:30-07:00,87,0,0
2022-04-21T10:45-07:00,84,0,0
2022-04-21T11:00-07:00,83,0,0
2022-04-21T11:15-07:00,91,0,0
2022-04-21T11:30-07:00,93,0,0
2022-04-21T11:45-07:00,86,0,0
2022-04-21T12:00-07:00,89,0,0
2022-04-21T12:15-07:00,88,0,0
2022-04-21T12:30-07:00,103,0,0
2022-04-21T12:45-07:00,97,0,0
2022-04-21T13:00-07:00,87,0,0
2022-04-21T13:15-07:00,106,0,0
2022-04-21T13:30-07:00,96,0,0
2022-04-21T13:45-07:00,95,0,0
2022-04-21T14:00-07:00,101,0,0
2022-04-21T14:15-07:00,95,0,0
2022-04-21T14:30-07:00,94,0,0
2022-04-21T14:45-07:00,101,0,0
2022-04-21T15:00-07:00,105,0,0
2022-04-21T15:15-07:00,95,0,0
2022-04-21T15:30-07:00,97,0,0
2022-04-21T15:45-07:00,101,0,0
2022-04-21T16:00-07:00,95,0,0
2022-04-21T16:15-07:00,113,0,0
2022-04-21T16:30-07:00,96,0,0
2022-04-21T16:45-07:00,98,0,0
2022-04-21T17:00-07:00,98,0,0
2022-04-21T17:15-07:00,96,0,0
2022-04-21T17:30-07:00,121,0,0
2022-04-21T17:45-07:00,101,0,0
2022-04-21T18:00-07:00,110,0,0
2022-04-21T18:15-07:00,110,0,0
2022-04-21T18:30-07:00,118,0,0
2022-04-21T18:45-07:00,102,0,0
2022-04-21T19:00-07:00,111,0,0
2022-04-21T19:15-07:00,109,0,0
2022-04-21T19:30-07:00,112,0,0
2022-04-21T19:45-07:00,114,0,0
2022-04-21T20:00-07:00,116,0,0
2022-04-21T20:15-07:00,133,0,0
2022-04-21T20:30-07:00,115,0,0
2022-04-21T20:45-07:00,117,0,0
2022-04-21T21:00-07:00,137,0,0
2022-04-21T21:15-07:00,123,0,0
2022-04-21T21:30-07:00,134,0,0
2022-04-21T21:45-07:00,131,0,0
2022-04-21T22:00-07:00,141,0,0
2022-04-21T22:15-07:00,127,0,0
2022-04-21T22:30-07:00,119,0,0
2022-04-21T22:45-07:00,115,0,0
2022-04-21T23:00-07:00,115,0,0
2022-04-21T23:15-07:00,115,0,0
2022-04-21T23:30-07:00,120,0,0
2022-04-21T23:45-07:00,119,0,0
2022-04-22T00:00-07:00,119,0,0
2022-04-22T00:15-07:00,111,0,0
2022-04-22T00:30-07:00,112,0,0
2022-04-22T00:45-07:00,111,0,0
2022-04-22T01:00-07:00,124,0,0
2022-04-22T01:15-07:00,110,0,0
2022-04-22T01:30-07:00,114,0,0
2022-04-22T01:45-07:00,104,0,0
2022-04-22T02:00-07:00,101,0,0
2022-04-22T02:15-07:00,99,0,0
2022-04-22T02:30-07:00,96,0,0
2022-04-22T02:45-07:00,109,0,0
2022-04-22T03:00-07:00,96,0,0
2022-04-22T03:15-07:00,88,0,0
2022-04-22T03:30-07:00,90,0,0
2022-04-22T03:45-07:00,87,0,0
2022-04-22T04:00-07:00,82,0,0
2022-04-22T04:15-07:00,99,0,0
2022-04-22T04:30-07:00,83,0,0
2022-04-22T04:45-07:00,84,0,0
2022-04-22T05:00-07:00,80,0,0
2022-04-22T05:15-07:00,77,0,0
2022-04-22T05:30-07:00,80,0,0
2022-04-22T05:45-07:00,90,0,0
2022-04-22T06:00-07:00,85,0,0
2022-04-22T06:15-07:00,76,0,0
2022-04-22T06:30-07:00,79,0,0
2022-04-22T06:45-07:00,74,0,0
2022-04-22T07:00-07:00,80,0,0
2022-04-22T07:15-07:00,72,0,0
2022-04-22T07:30-07:00,80,0,0
2022-04-22T07:45-07:00,89,0,0
2022-04-22T08:00-07:00,75,0,0
2022-04-22T08:15-07:00,77,0,0
2022-04-22T08:30-07:00,77,0,0
2022-04-22T08:45-07:00,74,0,0
2022-04-22T09:00-07:00,77,0,0
2022-04-22T09:15-07:00,74,0,0
2022-04-22T09:30-07:00,82,0,0
2022-04-22T09:45-07:00,79,0,0
2022-04-22T10:00-07:00,83,0,0
2022-04-22T10:15-07:00,84,0,0
2022-04-22T10:30-07:00,97,0,0
2022-04-22T10:45-07:00,113,0,0
2022-04-22T11:00-07:00,81,0,0
2022-04-22T11:15-07:00,86,0,0
2022-04-22T11:30-07:00,88,0,0
2022-04-22T11:45-07:00,86,0,0
2022-04-22T12:00-07:00,85,0,0
2022-04-22T12:15-07:00,97,0,0
2022-04-22T12:30-07:00,98,0,0
2022-04-22T12:45-07:00,108,0,0
2022-04-22T13:00-07:00,96,0,0
2022-04-22T13:15-07:00,118,0,0
2022-04-22T13:30-07:00,123,0,0
2022-04-22T13:45-07:00,110,0,0
2022-04-22T14:00-07:00,93,0,0
2022-04-22T14:15-07:00,110,0,0
2022-04-22T14:30-07:00,91,0,0
2022-04-22T14:45-07:00,99,0,0
2022-04-22T15:00-07:00,88,0,0
2022-04-22T15:15-07:00,104,0,0
2022-04-22T15:30-07:00,101,0,0
2022-04-22T15:45-07:00,113,0,0
2022-04-22T16:00-07:00,101,0,0
2022-04-22T16:15-07:00,114,0,0
2022-04-22T16:30-07:00,93,0,0
2022-04-22T16:45-07:00,101,0,0
2022-04-22T17:00-07:00,96,0,0
2022-04-22T17:15-07:00,99,0,0
2022-04-22T17:30-07:00,119,0,0
2022-04-22T17:45-07:00,113,0,0
2022-04-22T18:00-07:00,107,0,0
2022-04-22T18:15-07:00,107,0,0
2022-04-22T18:30-07:00,121,0,0
2022-04-22T18:45-07:00,110,0,0
2022-04-22T19:00-07:00,101,0,0
2022-04-22T19:15-07:00,101,0,0
2022-04-22T19:30-07:00,102,0,0
2022-04-22T19:45-07:00,104,0,0
2022-04-22T20:00-07:00,116,0,0
2022-04-22T20:15-07:00,104,0,0
2022-04-22T20:30-07:00,110,0,0
2022-04-22T20:45-07:00,108,0,0
2022-04-22T21:00-07:00,110,0,0
2022-04-22T21:15-07:00,101,0,0
2022-04-22T21:30-07:00,109,0,0
2022-04-22T21:45-07:00,108,0,0
2022-04-22T22:00-07:00,108,0,0
2022-04-22T22:15-07:00,104,0,0
2022-04-22T22:30-07:00,104,0,0
2022-04-22T22:45-07:00,101,0,0
2022-04-22T23:00-07:00,100,0,0
2022-04-22T23:15-07:00,110,0,0
2022-04-22T23:30-07:00,97,0,0
2022-04-22T23:45-07:00,105,0,0
2022-04-23T00:00-07:00,108,0,0
2022-04-23T00:15-07:00,108,0,0
2022-04-23T00:30-07:00,97,0,0
2022-04-23T00:45-07:00,100,0,0
2022-04-23T01:00-07:00,117,0,0
2022-04-23T01:15-07:00,110,0,0
2022-04-23T01:30-07:00,111,0,0
2022-04-23T01:45-07:00,104,0,0
2022-04-23T02:00-07:00,114,0,0
2022-04-23T02:15-07:00,98,0,0
2022-04-23T02:30-07:00,91,0,0
2022-04-23T02:45-07:00,82,0,0
2022-04-23T03:00-07:00,92,0,0
2022-04-23T03:15-07:00,84,0,0
2022-04-23T03:30-07:00,92,0,0
2022-04-23T03:45-07:00,95,0,0
2022-04-23T04:00-07:00,80,0,0
2022-04-23T04:15-07:00,84,0,0
2022-04-23T04:30-07:00,80,0,0
2022-04-23T04:45-07:00,91,0,0
2022-04-23T05:00-07:00,96,0,0
2022-04-23T05:15-07:00,85,0,0
2022-04-23T05:30-07:00,81,0,0
2022-04-23T05:45-07:00,75,0,0
2022-04-23T06:00-07:00,80,0,0
2022-04-23T06:15-07:00,80,0,0
2022-04-23T06:30-07:00,80,0,0
2022-04-23T06:45-07:00,76,0,0
2022-04-23T07:00-07:00,76,0,0
2022-04-23T07:15-07:00,76,0,0
2022-04-23T07:30-07:00,76,0,0
2022-04-23T07:45-07:00,81,0,0
2022-04-23T08:00-07:00,74,0,0
2022-04-23T08:15-07:00,78,0,0
2022-04-23T08:30-07:00,79,0,0
2022-04-23T08:45-07:00,78,0,0
2022-04-23T09:00-07:00,78,0,0
2022-04-23T09:15-07:00,83,0,0
2022-04-23T09:30-07:00,80,0,0
2022-04-23T09:45-07:00,78,0,0
2022-04-23T10:00-07:00,81,0,0
2022-04-23T10:15-07:00,78,0,0
2022-04-23T10:30-07:00,74,0,0
2022-04-23T10:45-07:00,74,0,0
2022-04-23T11:00-07:00,74,0,0
2022-04-23T11:15-07:00,86,0,0
2022-04-23T11:30-07:00,82,0,0
2022-04-23T11:45-07:00,82,0,0
2022-04-23T12:00-07:00,90,0,0
2022-04-23T12:15-07:00,83,0,0
2022-04-23T12:30-07:00,89,0,0
2022-04-23T12:45-07:00,86,0,0
2022-04-23T13:00-07:00,87,0,0
2022-04-23T13:15-07:00,95,0,0
2022-04-23T13:30-07:00,91,0,0
2022-04-23T13:45-07:00,89,0,0
2022-04-23T14:00-07:00,98,0,0
2022-04-23T14:15-07:00,94,0,0
2022-04-23T14:30-07:00,116,0,0
2022-04-23T14:45-07:00,104,0,0
2022-04-23T15:00-07:00,96,0,0
2022-04-23T15:15-07:00,98,0,0
2022-04-23T15:30-07:00,102,0,0
2022-04-23T15:45-07:00,105,0,0
2022-04-23T16:00-07:00,96,0,0
2022-04-23T16:15-07:00,103,0,0
2022-04-23T16:30-07:00,104,0,0
2022-04-23T16:45-07:00,102,0,0
2022-04-23T17:00-07:00,93,0,0
2022-04-23T17:15-07:00,102,0,0
2022-04-23T17:30-07:00,111,0,0
2022-04-23T17:45-07:00,111,0,0
2022-04-23T18:00-07:00,103,0,0
2022-04-23T18:15-07:00,123,0,0
2022-04-23T18:30-07:00,136,0,0
2022-04-23T18:45-07:00,97,0,0
2022-04-23T19:00-07:00,107,0,0
2022-04-23T19:15-07:00,97,0,0
2022-04-23T19:30-07:00,104,0,0
2022-04-23T19:45-07:00,102,0,0
2022-04-23T20:00-07:00,107,0,0
2022-04-23T20:15-07:00,111,0,0
2022-04-23T20:30-07:00,110,0,0
2022-04-23T20:45-07:00,107,0,0
2022-04-23T21:00-07:00,116,0,0
2022-04-23T21:15-07:00,104,0,0
2022-04-23T21:30-07:00,107,0,0
2022-04-23T21:45-07:00,106,0,0
2022-04-23T22:00-07:00,106,0,0
2022-04-23T22:15-07:00,104,0,0
2022-04-23T22:30-07:00,115,0,0
2022-04-23T22:45-07:00,109,0,0
2022-04-23T23:00-07:00,110,0,0
2022-04-23T23:15-07:00,124,0,0
2022-04-23T23:30-07:00,106,0,0
2022-04-23T23:45-07:00,109,0,0
2022-04-24T00:00-07:00,107,0,0
2022-04-24T00:15-07:00,103,0,0
2022-04-24T00:30-07:00,110,0,0
2022-04-24T00:45-07:00,109,0,0
2022-04-24T01:00-07:00,113,0,0
2022-04-24T01:15-07:00,113,0,0
2022-04-24T01:30-07:00,101,0,0
2022-04-24T01:45-07:00,109,0,0
2022-04-24T02:00-07:00,92,0,0
2022-04-24T02:15-07:00,101,0,0
2022-04-24T02:30-07:00,94,0,0
2022-04-24T02:45-07:00,90,0,0
2022-04-24T03:00-07:00,90,0,0
2022-04-24T03:15-07:00,82,0,0
2022-04-24T03:30-07:00,94,0,0
2022-04-24T03:45-07:00,91,0,0
2022-04-24T04:00-07:00,86,0,0
2022-04-24T04:15-07:00,83,0,0
2022-04-24T04:30-07:00,84,0,0
2022-04-24T04:45-07:00,88,0,0
2022-04-24T05:00-07:00,78,0,0
2022-04-24T05:15-07:00,82,0,0
2022-04-24T05:30-07:00,78,0,0
2022-04-24T05:45-07:00,73,0,0
2022-04-24T06:00-07:00,73,0,0
2022-04-24T06:15-07:00,72,0,0
2022-04-24T06:30-07:00,72,0,0
2022-04-24T06:45-07:00,83,0,0
2022-04-24T07:00-07:00,75,0,0
2022-04-24T07:15-07:00,72,0,0
2022-04-24T07:30-07:00,75,0,0
2022-04-24T07:45-07:00,74,0,0
2022-04-24T08:00-07:00,81,0,0
2022-04-24T08:15-07:00,79,0,0
2022-04-24T08:30-07:00,75,0,0
2022-04-24T08:45-07:00,89,0,0
2022-04-24T09:00-07:00,84,0,0
2022-04-24T09:15-07:00,88,0,0
2022-04-24T09:30-07:00,77,0,0
2022-04-24T09:45-07:00,85,0,0
2022-04-24T10:00-07:00,90,0,0
2022-04-24T10:15-07:00,87,0,0
2022-04-24T10:30-07:00,98,0,0
2022-04-24T10:45-07:00,96,0,0
2022-04-24T11:00-07:00,80,0,0
2022-04-24T11:15-07:00,83,0,0
2022-04-24T11:30-07:00,95,0,0
2022-04-24T11:45-07:00,90,0,0
2022-04-24T12:00-07:00,106,0,0
2022-04-24T12:15-07:00,101,0,0
2022-04-24T12:30-07:00,101,0,0
2022-04-24T12:45-07:00,98,0,0
2022-04-24T13:00-07:00,104,0,0
2022-04-24T13:15-07:00,106,0,0
2022-04-24T13:30-07:00,102,0,0
2022-04-24T13:45-07:00,119,0,0
2022-04-24T14:00-07:00,98,0,0
2022-04-24T14:15-07:00,102,0,0
2022-04-24T14:30-07:00,101,0,0
2022-04-24T14:45-07:00,109,0,0
2022-04-24T15:00-07:00,101,0,0
2022-04-24T15:15-07:00,118,0,0
2022-04-24T15:30-07:00,109,0,0
2022-04-24T15:45-07:00,114,0,0
2022-04-24T16:00-07:00,99,0,0
2022-04-24T16:15-07:00,116,0,0
2022-04-24T16:30-07:00,128,0,0
2022-04-24T16:45-07:00,106,0,0
2022-04-24T17:00-07:00,103,0,0
2022-04-24T17:15-07:00,119,0,0
2022-04-24T17:30-07:00,108,0,0
2022-04-24T17:45-07:00,109,0,0
2022-04-24T18:00-07:00,114,0,0
2022-04-24T18:15-07:00,111,0,0
2022-04-24T18:30-07:00,124,0,0
2022-04-24T18:45-07:00,117,0,0
2022-04-24T19:00-07:00,99,0,0
2022-04-24T19:15-07:00,115,0,0
2022-04-24T19:30-07:00,132,0,0
2022-04-24T19:45-07:00,120,0,0
2022-04-24T20:00-07:00,104,0,0
2022-04-24T20:15-07:00,113,0,0
2022-04-24T20:30-07:00,121,0,0
2022-04-24T20:45-07:00,110,0,0
2022-04-24T21:00-07:00,127,0,0
2022-04-24T21:15-07:00,124,0,0
2022-04-24T21:30-07:00,112,0,0
2022-04-24T21:45-07:00,109,0,0
2022-04-24T22:00-07:00,119,0,0
2022-04-24T22:15-07:00,112,0,0
2022-04-24T22:30-07:00,116,0,0
2022-04-24T22:45-07:00,115,0,0
2022-04-24T23:00-07:00,141,0,0
2022-04-24T23:15-07:00,118,0,0
2022-04-24T23:30-07:00,113,0,0
2022-04-24T23:45-07:00,112,0,0
2022-04-25T00:00-07:00,118,0,0
2022-04-25T00:15-07:00,107,0,0
2022-04-25T00:30-07:00,107,0,0
2022-04-25T00:45-07:00,104,0,0
2022-04-25T01:00-07:00,103,0,0
2022-04-25T01:15-07:00,99,0,0
2022-04-25T01:30-07:00,109,0,0
2022-04-25T01:45-07:00,116,0,0
2022-04-25T02:00-07:00,96,0,0
2022-04-25T02:15-07:00,93,0,0
2022-04-25T02:30-07:00,91,0,0
2022-04-25T02:45-07:00,95,0,0
2022-04-25T03:00-07:00,87,0,0
2022-04-25T03:15-07:00,86,0,0
2022-04-25T03:30-07:00,83,0,0
2022-04-25T03:45-07:00,95,0,0
2022-04-25T04:00-07:00,78,0,0
2022-04-25T04:15-07:00,77,0,0
2022-04-25T04:30-07:00,79,0,0
2022-04-25T04:45-07:00,76,0,0
2022-04-25T05:00-07:00,77,0,0
2022-04-25T05:15-07:00,74,0,0
2022-04-25T05:30-07:00,81,0,0
2022-04-25T05:45-07:00,73,0,0
2022-04-25T06:00-07:00,74,0,0
2022-04-25T06:15-07:00,75,0,0
2022-04-25T06:30-07:00,72,0,0
2022-04-25T06:45-07:00,80,0,0
2022-04-25T07:00-07:00,73,0,0
2022-04-25T07:15-07:00,79,0,0
2022-04-25T07:30-07:00,75,0,0
2022-04-25T07:45-07:00,76,0,0
2022-04-25T08:00-07:00,77,0,0
2022-04-25T08:15-07:00,84,0,0
2022-04-25T08:30-07:00,81,0,0
2022-04-25T08:45-07:00,74,0,0
2022-04-25T09:00-07:00,84,0,0
2022-04-25T09:15-07:00,84,0,0
2022-04-25T09:30-07:00,87,0,0
2022-04-25T09:45-07:00,88,0,0
2022-04-25T10:00-07:00,87,0,0
2022-04-25T10:15-07:00,109,0,0
2022-04-25T10:30-07:00,89,0,0
2022-04-25T10:45-07:00,87,0,0
2022-04-25T11:00-07:00,95,0,0
2022-04-25T11:15-07:00,86,0,0
2022-04-25T11:30-07:00,115,0,0
2022-04-25T11:45-07:00,87,0,0
2022-04-25T12:00-07:00,103,0,0
2022-04-25T12:15-07:00,104,0,0
2022-04-25T12:30-07:00,92,0,0
2022-04-25T12:45-07:00,98,0,0
2022-04-25T13:00-07:00,104,0,0
2022-04-25T13:15-07:00,103,0,0
2022-04-25T13:30-07:00,122,0,0
2022-04-25T13:45-07:00,113,0,0
2022-04-25T14:00-07:00,121,0,0
2022-04-25T14:15-07:00,119,0,0
2022-04-25T14:30-07:00,98,0,0
2022-04-25T14:45-07:00,110,0,0
2022-04-25T15:00-07:00,111,0,0
2022-04-25T15:15-07:00,108,0,0
2022-04-25T15:30-07:00,106,0,0
2022-04-25T15:45-07:00,124,0,0
2022-04-25T16:00-07:00,95,0,0
2022-04-25T16:15-07:00,120,0,0
2022-04-25T16:30-07:00,111,0,0
2022-04-25T16:45-07:00,102,0,0
2022-04-25T17:00-07:00,105,0,0
2022-04-25T17:15-07:00,109,0,0
2022-04-25T17:30-07:00,117,0,0
2022-04-25T17:45-07:00,105,0,0
2022-04-25T18:00-07:00,125,0,0
2022-04-25T18:15-07:00,103,0,0
2022-04-25T18:30-07:00,111,0,0
2022-04-25T18:45-07:00,109,0,0
2022-04-25T19:00-07:00,113,0,0
2022-04-25T19:15-07:00,121,0,0
2022-04-25T19:30-07:00,124,0,0
2022-04-25T19:45-07:00,114,0,0
2022-04-25T20:00-07:00,130,0,0
2022-04-25T20:15-07:00,112,0,0
2022-04-25T20:30-07:00,110,0,0
2022-04-25T20:45-07:00,115,0,0
2022-04-25T21:00-07:00,126,0,0
2022-04-25T21:15-07:00,112,0,0
2022-04-25T21:30-07:00,121,0,0
2022-04-25T21:45-07:00,114,0,0
2022-04-25T22:00-07:00,118,0,0
2022-04-25T22:15-07:00,113,0,0
2022-04-25T22:30-07:00,113,0,0
2022-04-25T22:45-07:00,119,0,0
2022-04-25T23:00-07:00,108,0,0
2022-04-25T23:15-07:00,130,0,0
2022-04-25T23:30-07:00,110,0,0
2022-04-25T23:45-07:00,106,0,0
2022-04-26T00:00-07:00,106,0,0
2022-04-26T00:15-07:00,110,0,0
2022-04-26T00:30-07:00,110,0,0
2022-04-26T00:45-07:00,100,0,0
2022-04-26T01:00-07:00,106,0,0
2022-04-26T01:15-07:00,116,0,0
2022-04-26T01:30-07:00,114,0,0
2022-04-26T01:45-07:00,97,0,0
2022-04-26T02:00-07:00,98,0,0
2022-04-26T02:15-07:00,100,0,0
2022-04-26T02:30-07:00,96,0,0
2022-04-26T02:45-07:00,108,0,0
2022-04-26T03:00-07:00,95,0,0
2022-04-26T03:15-07:00,86,0,0
2022-04-26T03:30-07:00,93,0,0
2022-04-26T03:45-07:00,81,0,0
2022-04-26T04:00-07:00,93,0,0
2022-04-26T04:15-07:00,92,0,0
2022-04-26T04:30-07:00,83,0,0
2022-04-26T04:45-07:00,92,0,0
2022-04-26T05:00-07:00,84,0,0
2022-04-26T05:15-07:00,79,0,0
2022-04-26T05:30-07:00,85,0,0
2022-04-26T05:45-07:00,77,0,0
2022-04-26T06:00-07:00,77,0,0
2022-04-26T06:15-07:00,88,0,0
2022-04-26T06:30-07:00,78,0,0
2022-04-26T06:45-07:00,81,0,0
2022-04-26T07:00-07:00,79,0,0
2022-04-26T07:15-07:00,78,0,0
2022-04-26T07:30-07:00,77,0,0
2022-04-26T07:45-07:00,81,0,0
2022-04-26T08:00-07:00,75,0,0
2022-04-26T08:15-07:00,83,0,0
2022-04-26T08:30-07:00,83,0,0
2022-04-26T08:45-07:00,79,0,0
2022-04-26T09:00-07:00,92,0,0
2022-04-26T09:15-07:00,95,0,0
2022-04-26T09:30-07:00,99,0,0
2022-04-26T09:45-07:00,94,0,0
2022-04-26T10:00-07:00,111,0,0
2022-04-26T10:15-07:00,97,0,0
2022-04-26T10:30-07:00,89,0,0
2022-04-26T10:45-07:00,106,0,0
2022-04-26T11:00-07:00,111,0,0
2022-04-26T11:15-07:00,103,0,0
2022-04-26T11:30-07:00,91,0,0
2022-04-26T11:45-07:00,115,0,0
2022-04-26T12:00-07:00,114,0,0
2022-04-26T12:15-07:00,98,0,0
2022-04-26T12:30-07:00,118,0,0
2022-04-26T12:45-07:00,129,0,0
2022-04-26T13:00-07:00,126,0,0
2022-04-26T13:15-07:00,113,0,0
2022-04-26T13:30-07:00,100,0,0
2022-04-26T13:45-07:00,101,0,0
2022-04-26T14:00-07:00,112,0,0
2022-04-26T14:15-07:00,109,0,0
2022-04-26T14:30-07:00,111,0,0
2022-04-26T14:45-07:00,123,0,0
2022-04-26T15:00-07:00,126,0,0
2022-04-26T15:15-07:00,114,0,0
2022-04-26T15:30-07:00,126,0,0
2022-04-26T15:45-07:00,108,0,0
2022-04-26T16:00-07:00,112,0,0
2022-04-26T16:15-07:00,116,0,0
2022-04-26T16:30-07:00,118,0,0
2022-04-26T16:45-07:00,123,0,0
2022-04-26T17:00-07:00,134,0,0
2022-04-26T17:15-07:00,133,0,0
2022-04-26T17:30-07:00,111,0,0
2022-04-26T17:45-07:00,126,0,0
2022-04-26T18:00-07:00,124,0,0
2022-04-26T18:15-07:00,110,0,0
2022-04-26T18:30-07:00,112,0,0
2022-04-26T18:45-07:00,106,0,0
2022-04-26T19:00-07:00,111,0,0
2022-04-26T19:15-07:00,103,0,0
2022-04-26T19:30-07:00,125,0,0
2022-04-26T19:45-07:00,114,0,0
2022-04-26T20:00-07:00,106,0,0
2022-04-26T20:15-07:00,113,0,0
2022-04-26T20:30-07:00,115,0,0
2022-04-26T20:45-07:00,121,0,0
2022-04-26T21:00-07:00,112,0,0
2022-04-26T21:15-07:00,115,0,0
2022-04-26T21:30-07:00,130,0,0
2022-04-26T21:45-07:00,118,0,0
2022-04-26T22:00-07:00,111,0,0
2022-04-26T22:15-07:00,121,0,0
2022-04-26T22:30-07:00,110,0,0
2022-04-26T22:45-07:00,117,0,0
2022-04-26T23:00-07:00,121,0,0
2022-04-26T23:15-07:00,115,0,0
2022-04-26T23:30-07:00,117,0,0
2022-04-26T23:45-07:00,111,0,0
2022-04-27T00:00-07:00,113,0,0
2022-04-27T00:15-07:00,121,0,0
2022-04-27T00:30-07:00,115,0,0
2022-04-27T00:45-07:00,111,0,0
2022-04-27T01:00-07:00,114,0,0
2022-04-27T01:15-07:00,102,0,0
2022-04-27T01:30-07:00,104,0,0
2022-04-27T01:45-07:00,101,0,0
2022-04-27T02:00-07:00,97,0,0
2022-04-27T02:15-07:00,115,0,0
2022-04-27T02:30-07:00,94,0,0
2022-04-27T02:45-07:00,94,0,0
2022-04-27T03:00-07:00,90,0,0
2022-04-27T03:15-07:00,94,0,0
2022-04-27T03:30-07:00,90,0,0
2022-04-27T03:45-07:00,96,0,0
2022-04-27T04:00-07:00,85,0,0
2022-04-27T04:15-07:00,79,0,0
2022-04-27T04:30-07:00,88,0,0
2022-04-27T04:45-07:00,83,0,0
2022-04-27T05:00-07:00,86,0,0
2022-04-27T05:15-07:00,79,0,0
2022-04-27T05:30-07:00,91,0,0
2022-04-27T05:45-07:00,77,0,0
2022-04-27T06:00-07:00,78,0,0
2022-04-27T06:15-07:00,79,0,0
2022-04-27T06:30-07:00,83,0,0
2022-04-27T06:45-07:00,81,0,0
2022-04-27T07:00-07:00,81,0,0
2022-04-27T07:15-07:00,85,0,0
2022-04-27T07:30-07:00,81,0,0
2022-04-27T07:45-07:00,80,0,0
2022-04-27T08:00-07:00,74,0,0
2022-04-27T08:15-07:00,82,0,0
2022-04-27T08:30-07:00,82,0,0
2022-04-27T08:45-07:00,83,0,0
2022-04-27T09:00-07:00,73,0,0
2022-04-27T09:15-07:00,90,0,0
2022-04-27T09:30-07:00,76,0,0
2022-04-27T09:45-07:00,87,0,0
2022-04-27T10:00-07:00,84,0,0
2022-04-27T10:15-07:00,79,0,0
2022-04-27T10:30-07:00,82,0,0
2022-04-27T10:45-07:00,90,0,0
2022-04-27T11:00-07:00,82,0,0
2022-04-27T11:15-07:00,82,0,0
2022-04-27T11:30-07:00,87,0,0
2022-04-27T11:45-07:00,86,0,0
2022-04-27T12:00-07:00,94,0,0
2022-04-27T12:15-07:00,91,0,0
2022-04-27T12:30-07:00,96,0,0
2022-04-27T12:45-07:00,96,0,0
2022-04-27T13:00-07:00,114,0,0
2022-04-27T13:15-07:00,102,0,0
2022-04-27T13:30-07:00,106,0,0
2022-04-27T13:45-07:00,108,0,0
2022-04-27T14:00-07:00,93,0,0
2022-04-27T14:15-07:00,101,0,0
2022-04-27T14:30-07:00,99,0,0
2022-04-27T14:45-07:00,116,0,0
2022-04-27T15:00-07:00,98,0,0
2022-04-27T15:15-07:00,93,0,0
2022-04-27T15:30-07:00,96,0,0
2022-04-27T15:45-07:00,100,0,0
2022-04-27T16:00-07:00,98,0,0
2022-04-27T16:15-07:00,104,0,0
2022-04-27T16:30-07:00,98,0,0
2022-04-27T16:45-07:00,107,0,0
2022-04-27T17:00-07:00,94,0,0
2022-04-27T17:15-07:00,117,0,0
2022-04-27T17:30-07:00,100,0,0
2022-04-27T17:45-07:00,102,0,0
2022-04-27T18:00-07:00,99,0,0
2022-04-27T18:15-07:00,116,0,0
2022-04-27T18:30-07:00,110,0,0
2022-04-27T18:45-07:00,113,0,0
2022-04-27T19:00-07:00,123,0,0
2022-04-27T19:15-07:00,115,0,0
2022-04-27T19:30-07:00,109,0,0
2022-04-27T19:45-07:00,106,0,0
2022-04-27T20:00-07:00,109,0,0
2022-04-27T20:15-07:00,109,0,0
2022-04-27T20:30-07:00,114,0,0
2022-04-27T20:45-07:00,113,0,0
2022-04-27T21:00-07:00,103,0,0
2022-04-27T21:15-07:00,109,0,0
2022-04-27T21:30-07:00,105,0,0
2022-04-27T21:45-07:00,117,0,0
2022-04-27T22:00-07:00,104,0,0
2022-04-27T22:15-07:00,104,0,0
2022-04-27T22:30-07:00,108,0,0
2022-04-27T22:45-07:00,113,0,0
2022-04-27T23:00-07:00,114,0,0
2022-04-27T23:15-07:00,117,0,0
2022-04-27T23:30-07:00,121,0,0
2022-04-27T23:45-07:00,109,0,0
2022-04-28T00:00-07:00,112,0,0
2022-04-28T00:15-07:00,108,0,0
2022-04-28T00:30-07:00,98,0,0
2022-04-28T00:45-07:00,104,0,0
2022-04-28T01:00-07:00,113,0,0
2022-04-28T01:15-07:00,114,0,0
2022-04-28T01:30-07:00,101,0,0
2022-04-28T01:45-07:00,115,0,0
2022-04-28T02:00-07:00,96,0,0
2022-04-28T02:15-07:00,101,0,0
2022-04-28T02:30-07:00,100,0,0
2022-04-28T02:45-07:00,89,0,0
2022-04-28T03:00-07:00,102,0,0
2022-04-28T03:15-07:00,83,0,0
2022-04-28T03:30-07:00,86,0,0
2022-04-28T03:45-07:00,101,0,0
2022-04-28T04:00-07:00,83,0,0
2022-04-28T04:15-07:00,80,0,0
2022-04-28T04:30-07:00,78,0,0
2022-04-28T04:45-07:00,84,0,0
2022-04-28T05:00-07:00,81,0,0
2022-04-28T05:15-07:00,79,0,0
2022-04-28T05:30-07:00,92,0,0
2022-04-28T05:45-07:00,81,0,0
2022-04-28T06:00-07:00,81,0,0
2022-04-28T06:15-07:00,90,0,0
2022-04-28T06:30-07:00,75,0,0
2022-04-28T06:45-07:00,76,0,0
2022-04-28T07:00-07:00,76,0,0
2022-04-28T07:15-07:00,75,0,0
2022-04-28T07:30-07:00,75,0,0
2022-04-28T07:45-07:00,80,0,0
2022-04-28T08:00-07:00,81,0,0
2022-04-28T08:15-07:00,77,0,0
2022-04-28T08:30-07:00,81,0,0
2022-04-28T08:45-07:00,78,0,0
2022-04-28T09:00-07:00,81,0,0
2022-04-28T09:15-07:00,84,0,0
2022-04-28T09:30-07:00,79,0,0
2022-04-28T09:45-07:00,88,0,0
2022-04-28T10:00-07:00,84,0,0
2022-04-28T10:15-07:00,98,0,0
2022-04-28T10:30-07:00,91,0,0
2022-04-28T10:45-07:00,84,0,0
2022-04-28T11:00-07:00,79,0,0
2022-04-28T11:15-07:00,95,0,0
2022-04-28T11:30-07:00,98,0,0
2022-04-28T11:45-07:00,88,0,0
2022-04-28T12:00-07:00,87,0,0
2022-04-28T12:15-07:00,92,0,0
2022-04-28T12:30-07:00,105,0,0
2022-04-28T12:45-07:00,102,0,0
2022-04-28T13:00-07:00,91,0,0
2022-04-28T13:15-07:00,98,0,0
2022-04-28T13:30-07:00,107,0,0
2022-04-28T13:45-07:00,114,0,0
2022-04-28T14:00-07:00,98,0,0
2022-04-28T14:15-07:00,101,0,0
2022-04-28T14:30-07:00,94,0,0
2022-04-28T14:45-07:00,103,0,0
2022-04-28T15:00-07:00,116,0,0
2022-04-28T15:15-07:00,112,0,0
2022-04-28T15:30-07:00,105,0,0
2022-04-28T15:45-07:00,100,0,0
2022-04-28T16:00-07:00,95,0,0
2022-04-28T16:15-07:00,91,0,0
2022-04-28T16:30-07:00,118,0,0
2022-04-28T16:45-07:00,108,0,0
2022-04-28T17:00-07:00,100,0,0
2022-04-28T17:15-07:00,98,0,0
2022-04-28T17:30-07:00,105,0,0
2022-04-28T17:45-07:00,116,0,0
2022-04-28T18:00-07:00,110,0,0
2022-04-28T18:15-07:00,103,0,0
2022-04-28T18:30-07:00,102,0,0
2022-04-28T18:45-07:00,113,0,0
2022-04-28T19:00-07:00,107,0,0
2022-04-28T19:15-07:00,118,0,0
2022-04-28T19:30-07:00,103,0,0
2022-04-28T19:45-07:00,103,0,0
2022-04-28T20:00-07:00,102,0,0
2022-04-28T20:15-07:00,100,0,0
2022-04-28T20:30-07:00,107,0,0
2022-04-28T20:45-07:00,101,0,0
2022-04-28T21:00-07:00,106,0,0
2022-04-28T21:15-07:00,121,0,0
2022-04-28T21:30-07:00,112,0,0
2022-04-28T21:45-07:00,130,0,0
2022-04-28T22:00-07:00,119,0,0
2022-04-28T22:15-07:00,115,0,0
2022-04-28T22:30-07:00,104,0,0
2022-04-28T22:45-07:00,103,0,0
2022-04-28T23:00-07:00,104,0,0
2022-04-28T23:15-07:00,115,0,0
2022-04-28T23:30-07:00,109,0,0
2022-04-28T23:45-07:00,106,0,0
2022-04-29T00:00-07:00,103,0,0
2022-04-29T00:15-07:00,107,0,0
2022-04-29T00:30-07:00,131,0,0
2022-04-29T00:45-07:00,102,0,0
2022-04-29T01:00-07:00,102,0,0
2022-04-29T01:15-07:00,106,0,0
2022-04-29T01:30-07:00,99,0,0
2022-04-29T01:45-07:00,99,0,0
2022-04-29T02:00-07:00,91,0,0
2022-04-29T02:15-07:00,87,0,0
2022-04-29T02:30-07:00,92,0,0
2022-04-29T02:45-07:00,84,0,0
2022-04-29T03:00-07:00,79,0,0
2022-04-29T03:15-07:00,80,0,0
2022-04-29T03:30-07:00,76,0,0
2022-04-29T03:45-07:00,77,0,0
2022-04-29T04:00-07:00,79,0,0
2022-04-29T04:15-07:00,79,0,0
2022-04-29T04:30-07:00,74,0,0
2022-04-29T04:45-07:00,77,0,0
2022-04-29T05:00-07:00,72,0,0
2022-04-29T05:15-07:00,69,0,0
2022-04-29T05:30-07:00,75,0,0
2022-04-29T05:45-07:00,76,0,0
2022-04-29T06:00-07:00,75,0,0
2022-04-29T06:15-07:00,71,0,0
2022-04-29T06:30-07:00,73,0,0
2022-04-29T06:45-07:00,77,0,0
2022-04-29T07:00-07:00,87,0,0
2022-04-29T07:15-07:00,71,0,0
2022-04-29T07:30-07:00,73,0,0
2022-04-29T07:45-07:00,76,0,0
2022-04-29T08:00-07:00,75,0,0
2022-04-29T08:15-07:00,77,0,0
2022-04-29T08:30-07:00,80,0,0
2022-04-29T08:45-07:00,73,0,0
2022-04-29T09:00-07:00,81,0,0
2022-04-29T09:15-07:00,78,0,0
2022-04-29T09:30-07:00,78,0,0
2022-04-29T09:45-07:00,84,0,0
2022-04-29T10:00-07:00,90,0,0
2022-04-29T10:15-07:00,82,0,0
2022-04-29T10:30-07:00,88,0,0
2022-04-29T10:45-07:00,81,0,0
2022-04-29T11:00-07:00,85,0,0
2022-04-29T11:15-07:00,97,0,0
2022-04-29T11:30-07:00,89,0,0
2022-04-29T11:45-07:00,85,0,0
2022-04-29T12:00-07:00,94,0,0
2022-04-29T12:15-07:00,95,0,0
2022-04-29T12:30-07:00,99,0,0
2022-04-29T12:45-07:00,113,0,0
2022-04-29T13:00-07:00,96,0,0
2022-04-29T13:15-07:00,99,0,0
2022-04-29T13:30-07:00,116,0,0
2022-04-29T13:45-07:00,99,0,0
2022-04-29T14:00-07:00,117,0,0
2022-04-29T14:15-07:00,114,0,0
2022-04-29T14:30-07:00,101,0,0
2022-04-29T14:45-07:00,102,0,0
2022-04-29T15:00-07:00,96,0,0
2022-04-29T15:15-07:00,106,0,0
2022-04-29T15:30-07:00,109,0,0
2022-04-29T15:45-07:00,108,0,0
2022-04-29T16:00-07:00,95,0,0
2022-04-29T16:15-07:00,117,0,0
2022-04-29T16:30-07:00,101,0,0
2022-04-29T16:45-07:00,101,0,0
2022-04-29T17:00-07:00,101,0,0
2022-04-29T17:15-07:00,110,0,0
2022-04-29T17:30-07:00,107,0,0
2022-04-29T17:45-07:00,105,0,0
2022-04-29T18:00-07:00,100,0,0
2022-04-29T18:15-07:00,109,0,0
2022-04-29T18:30-07:00,102,0,0
2022-04-29T18:45-07:00,106,0,0
2022-04-29T19:00-07:00,104,0,0
2022-04-29T19:15-07:00,113,0,0
2022-04-29T19:30-07:00,107,0,0
2022-04-29T19:45-07:00,106,0,0
2022-04-29T20:00-07:00,108,0,0
2022-04-29T20:15-07:00,114,0,0
2022-04-29T20:30-07:00,110,0,0
2022-04-29T20:45-07:00,114,0,0
2022-04-29T21:00-07:00,116,0,0
2022-04-29T21:15-07:00,112,0,0
2022-04-29T21:30-07:00,111,0,0
2022-04-29T21:45-07:00,114,0,0
2022-04-29T22:00-07:00,107,0,0
2022-04-29T22:15-07:00,106,0,0
2022-04-29T22:30-07:00,110,0,0
2022-04-29T22:45-07:00,103,0,0
2022-04-29T23:00-07:00,111,0,0
2022-04-29T23:15-07:00,111,0,0
2022-04-29T23:30-07:00,113,0,0
2022-04-29T23:45-07:00,104,0,0
2022-04-30T00:00-07:00,106,0,0
2022-04-30T00:15-07:00,111,0,0
2022-04-30T00:30-07:00,105,0,0
2022-04-30T00:45-07:00,107,0,0
2022-04-30T01:00-07:00,106,0,0
2022-04-30T01:15-07:00,104,0,0
2022-04-30T01:30-07:00,104,0,0
2022-04-30T01:45-07:00,105,0,0
2022-04-30T02:00-07:00,97,0,0
2022-04-30T02:15-07:00,96,0,0
2022-04-30T02:30-07:00,98,0,0
2022-04-30T02:45-07:00,93,0,0
2022-04-30T03:00-07:00,87,0,0
2022-04-30T03:15-07:00,92,0,0
2022-04-30T03:30-07:00,89,0,0
2022-04-30T03:45-07:00,84,0,0
2022-04-30T04:00-07:00,85,0,0
2022-04-30T04:15-07:00,83,0,0
2022-04-30T04:30-07:00,87,0,0
2022-04-30T04:45-07:00,88,0,0
2022-04-30T05:00-07:00,86,0,0
2022-04-30T05:15-07:00,89,0,0
2022-04-30T05:30-07:00,74,0,0
2022-04-30T05:45-07:00,79,0,0
2022-04-30T06:00-07:00,81,0,0
2022-04-30T06:15-07:00,83,0,0
2022-04-30T06:30-07:00,86,0,0
2022-04-30T06:45-07:00,74,0,0
2022-04-30T07:00-07:00,82,0,0
2022-04-30T07:15-07:00,78,0,0
2022-04-30T07:30-07:00,81,0,0
2022-04-30T07:45-07:00,86,0,0
2022-04-30T08:00-07:00,80,0,0
2022-04-30T08:15-07:00,80,0,0
2022-04-30T08:30-07:00,89,0,0
2022-04-30T08:45-07:00,76,0,0
2022-04-30T09:00-07:00,80,0,0
2022-04-30T09:15-07:00,78,0,0
2022-04-30T09:30-07:00,78,0,0
2022-04-30T09:45-07:00,86,0,0
2022-04-30T10:00-07:00,80,0,0
2022-04-30T10:15-07:00,83,0,0
2022-04-30T10:30-07:00,83,0,0
2022-04-30T10:45-07:00,89,0,0
2022-04-30T11:00-07:00,87,0,0
2022-04-30T11:15-07:00,98,0,0
2022-04-30T11:30-07:00,86,0,0
2022-04-30T11:45-07:00,81,0,0
2022-04-30T12:00-07:00,85,0,0
2022-04-30T12:15-07:00,115,0,0
2022-04-30T12:30-07:00,90,0,0
2022-04-30T12:45-07:00,108,0,0
2022-04-30T13:00-07:00,90,0,0
2022-04-30T13:15-07:00,93,0,0
2022-04-30T13:30-07:00,95,0,0
2022-04-30T13:45-07:00,89,0,0
2022-04-30T14:00-07:00,102,0,0
2022-04-30T14:15-07:00,94,0,0
2022-04-30T14:30-07:00,102,0,0
2022-04-30T14:45-07:00,95,0,0
2022-04-30T15:00-07:00,95,0,0
2022-04-30T15:15-07:00,117,0,0
2022-04-30T15:30-07:00,98,0,0
2022-04-30T15:45-07:00,107,0,0
2022-04-30T16:00-07:00,111,0,0
2022-04-30T16:15-07:00,105,0,0
2022-04-30T16:30-07:00,115,0,0
2022-04-30T16:45-07:00,107,0,0
2022-04-30T17:00-07:00,99,0,0
2022-04-30T17:15-07:00,98,0,0
2022-04-30T17:30-07:00,95,0,0
2022-04-30T17:45-07:00,118,0,0
2022-04-30T18:00-07:00,110,0,0
2022-04-30T18:15-07:00,110,0,0
2022-04-30T18:30-07:00,108,0,0
2022-04-30T18:45-07:00,102,0,0
2022-04-30T19:00-07:00,109,0,0
2022-04-30T19:15-07:00,106,0,0
2022-04-30T19:30-07:00,102,0,0
2022-04-30T19:45-07:00,116,0,0
2022-04-30T20:00-07:00,116,0,0
2022-04-30T20:15-07:00,110,0,0
2022-04-30T20:30-07:00,112,0,0
2022-04-30T20:45-07:00,109,0,0
2022-04-30T21:00-07:00,107,0,0
2022-04-30T21:15-07:00,115,0,0
2022-04-30T21:30-07:00,121,0,0
2022-04-30T21:45-07:00,112,0,0
2022-04-30T22:00-07:00,114,0,0
2022-04-30T22:15-07:00,115,0,0
2022-04-30T22:30-07:00,108,0,0
2022-04-30T22:45-07:00,120,0,0
2022-04-30T23:00-07:00,117,0,0
2022-04-30T23:15-07:00,115,0,0
2022-04-30T23:30-07:00,116,0,0
2022-04-30T23:45-07:00,111,0,0
2022-05-01T00:00-07:00,109,0,0
2022-05-01T00:15-07:00,113,0,0
2022-05-01T00:30-07:00,111,0,0
2022-05-01T00:45-07:00,120,0,0
2022-05-01T01:00-07:00,109,0,0
2022-05-01T01:15-07:00,99,0,0
2022-05-01T01:30-07:00,96,0,0
2022-05-01T01:45-07:00,96,0,0
2022-05-01T02:00-07:00,103,0,0
2022-05-01T02:15-07:00,99,0,0
2022-05-01T02:30-07:00,97,0,0
2022-05-01T02:45-07:00,91,0,0
2022-05-01T03:00-07:00,99,0,0
2022-05-01T03:15-07:00,104,0,0
2022-05-01T03:30-07:00,95,0,0
2022-05-01T03:45-07:00,95,0,0
2022-05-01T04:00-07:00,92,0,0
2022-05-01T04:15-07:00,86,0,0
2022-05-01T04:30-07:00,87,0,0
2022-05-01T04:45-07:00,80,0,0
2022-05-01T05:00-07:00,89,0,0
2022-05-01T05:15-07:00,82,0,0
2022-05-01T05:30-07:00,82,0,0
2022-05-01T05:45-07:00,81,0,0
2022-05-01T06:00-07:00,82,0,0
2022-05-01T06:15-07:00,81,0,0
2022-05-01T06:30-07:00,75,0,0
2022-05-01T06:45-07:00,84,0,0
2022-05-01T07:00-07:00,73,0,0
2022-05-01T07:15-07:00,76,0,0
2022-05-01T07:30-07:00,77,0,0
2022-05-01T07:45-07:00,86,0,0
2022-05-01T08:00-07:00,82,0,0
2022-05-01T08:15-07:00,73,0,0
2022-05-01T08:30-07:00,79,0,0
2022-05-01T08:45-07:00,86,0,0
2022-05-01T09:00-07:00,77,0,0
2022-05-01T09:15-07:00,83,0,0
2022-05-01T09:30-07:00,98,0,0
2022-05-01T09:45-07:00,96,0,0
2022-05-01T10:00-07:00,83,0,0
2022-05-01T10:15-07:00,84,0,0
2022-05-01T10:30-07:00,91,0,0
2022-05-01T10:45-07:00,86,0,0
2022-05-01T11:00-07:00,94,0,0
2022-05-01T11:15-07:00,99,0,0
2022-05-01T11:30-07:00,99,0,0
2022-05-01T11:45-07:00,105,0,0
2022-05-01T12:00-07:00,104,0,0
2022-05-01T12:15-07:00,87,0,0
2022-05-01T12:30-07:00,92,0,0
2022-05-01T12:45-07:00,99,0,0
2022-05-01T13:00-07:00,104,0,0
2022-05-01T13:15-07:00,98,0,0
2022-05-01T13:30-07:00,93,0,0
2022-05-01T13:45-07:00,99,0,0
2022-05-01T14:00-07:00,100,0,0
2022-05-01T14:15-07:00,99,0,0
2022-05-01T14:30-07:00,107,0,0
2022-05-01T14:45-07:00,128,0,0
2022-05-01T15:00-07:00,113,0,0
2022-05-01T15:15-07:00,110,0,0
2022-05-01T15:30-07:00,121,0,0
2022-05-01T15:45-07:00,129,0,0
2022-05-01T16:00-07:00,111,0,0
2022-05-01T16:15-07:00,113,0,0
2022-05-01T16:30-07:00,114,0,0
2022-05-01T16:45-07:00,134,0,0
2022-05-01T17:00-07:00,113,0,0
2022-05-01T17:15-07:00,124,0,0
2022-05-01T17:30-07:00,114,0,0
2022-05-01T17:45-07:00,124,0,0
2022-05-01T18:00-07:00,123,0,0
2022-05-01T18:15-07:00,119,0,0
2022-05-01T18:30-07:00,122,0,0
2022-05-01T18:45-07:00,150,0,0
2022-05-01T19:00-07:00,121,0,0
2022-05-01T19:15-07:00,138,0,0
2022-05-01T19:30-07:00,126,0,0
2022-05-01T19:45-07:00,124,0,0
2022-05-01T20:00-07:00,126,0,0
2022-05-01T20:15-07:00,119,0,0
2022-05-01T20:30-07:00,127,0,0
2022-05-01T20:45-07:00,121,0,0
2022-05-01T21:00-07:00,118,0,0
2022-05-01T21:15-07:00,120,0,0
2022-05-01T21:30-07:00,119,0,0
2022-05-01T21:45-07:00,117,0,0
2022-05-01T22:00-07:00,120,0,0
2022-05-01T22:15-07:00,116,0,0
2022-05-01T22:30-07:00,117,0,0
2022-05-01T22:45-07:00,119,0,0
2022-05-01T23:00-07:00,146,0,0
2022-05-01T23:15-07:00,121,0,0
2022-05-01T23:30-07:00,116,0,0
2022-05-01T23:45-07:00,114,0,0
2022-05-02T00:00-07:00,114,0,0
2022-05-02T00:15-07:00,104,0,0
2022-05-02T00:30-07:00,108,0,0
2022-05-02T00:45-07:00,105,0,0
2022-05-02T01:00-07:00,104,0,0
2022-05-02T01:15-07:00,100,0,0
2022-05-02T01:30-07:00,107,0,0
2022-05-02T01:45-07:00,98,0,0
2022-05-02T02:00-07:00,97,0,0
2022-05-02T02:15-07:00,99,0,0
2022-05-02T02:30-07:00,99,0,0
2022-05-02T02:45-07:00,94,0,0
2022-05-02T03:00-07:00,89,0,0
2022-05-02T03:15-07:00,87,0,0
2022-05-02T03:30-07:00,89,0,0
2022-05-02T03:45-07:00,84,0,0
2022-05-02T04:00-07:00,83,0,0
2022-05-02T04:15-07:00,86,0,0
2022-05-02T04:30-07:00,84,0,0
2022-05-02T04:45-07:00,78,0,0
2022-05-02T05:00-07:00,86,0,0
2022-05-02T05:15-07:00,83,0,0
2022-05-02T05:30-07:00,89,0,0
2022-05-02T05:45-07:00,81,0,0
2022-05-02T06:00-07:00,89,0,0
2022-05-02T06:15-07:00,80,0,0
2022-05-02T06:30-07:00,86,0,0
2022-05-02T06:45-07:00,84,0,0
2022-05-02T07:00-07:00,88,0,0
2022-05-02T07:15-07:00,82,0,0
2022-05-02T07:30-07:00,83,0,0
2022-05-02T07:45-07:00,81,0,0
2022-05-02T08:00-07:00,80,0,0
2022-05-02T08:15-07:00,85,0,0
2022-05-02T08:30-07:00,83,0,0
2022-05-02T08:45-07:00,87,0,0
2022-05-02T09:00-07:00,81,0,0
2022-05-02T09:15-07:00,78,0,0
2022-05-02T09:30-07:00,99,0,0
2022-05-02T09:45-07:00,95,0,0
2022-05-02T10:00-07:00,97,0,0
2022-05-02T10:15-07:00,88,0,0
2022-05-02T10:30-07:00,87,0,0
2022-05-02T10:45-07:00,96,0,0
2022-05-02T11:00-07:00,99,0,0
2022-05-02T11:15-07:00,102,0,0
2022-05-02T11:30-07:00,96,0,0
2022-05-02T11:45-07:00,114,0,0
2022-05-02T12:00-07:00,105,0,0
2022-05-02T12:15-07:00,109,0,0
2022-05-02T12:30-07:00,102,0,0
2022-05-02T12:45-07:00,122,0,0
2022-05-02T13:00-07:00,124,0,0
2022-05-02T13:15-07:00,101,0,0
2022-05-02T13:30-07:00,134,0,0
2022-05-02T13:45-07:00,115,0,0
2022-05-02T14:00-07:00,94,0,0
2022-05-02T14:15-07:00,110,0,0
2022-05-02T14:30-07:00,109,0,0
2022-05-02T14:45-07:00,104,0,0
2022-05-02T15:00-07:00,116,0,0
2022-05-02T15:15-07:00,128,0,0
2022-05-02T15:30-07:00,121,0,0
2022-05-02T15:45-07:00,109,0,0
2022-05-02T16:00-07:00,105,0,0
2022-05-02T16:15-07:00,109,0,0
2022-05-02T16:30-07:00,111,0,0
2022-05-02T16:45-07:00,114,0,0
2022-05-02T17:00-07:00,108,0,0
2022-05-02T17:15-07:00,99,0,0
2022-05-02T17:30-07:00,113,0,0
2022-05-02T17:45-07:00,102,0,0
2022-05-02T18:00-07:00,109,0,0
2022-05-02T18:15-07:00,115,0,0
2022-05-02T18:30-07:00,109,0,0
2022-05-02T18:45-07:00,110,0,0
2022-05-02T19:00-07:00,111,0,0
2022-05-02T19:15-07:00,104,0,0
2022-05-02T19:30-07:00,111,0,0
2022-05-02T19:45-07:00,108,0,0
2022-05-02T20:00-07:00,109,0,0
2022-05-02T20:15-07:00,120,0,0
2022-05-02T20:30-07:00,115,0,0
2022-05-02T20:45-07:00,111,0,0
2022-05-02T21:00-07:00,126,0,0
2022-05-02T21:15-07:00,116,0,0
2022-05-02T21:30-07:00,123,0,0
2022-05-02T21:45-07:00,125,0,0
2022-05-02T22:00-07:00,126,0,0
2022-05-02T22:15-07:00,123,0,0
2022-05-02T22:30-07:00,125,0,0
2022-05-02T22:45-07:00,126,0,0
2022-05-02T23:00-07:00,117,0,0
2022-05-02T23:15-07:00,111,0,0
2022-05-02T23:30-07:00,109,0,0
2022-05-02T23:45-07:00,120,0,0
2022-05-03T00:00-07:00,104,0,0
2022-05-03T00:15-07:00,110,0,0
2022-05-03T00:30-07:00,102,0,0
2022-05-03T00:45-07:00,104,0,0
2022-05-03T01:00-07:00,98,0,0
2022-05-03T01:15-07:00,103,0,0
2022-05-03T01:30-07:00,95,0,0
2022-05-03T01:45-07:00,106,0,0
2022-05-03T02:00-07:00,107,0,0
2022-05-03T02:15-07:00,100,0,0
2022-05-03T02:30-07:00,92,0,0
2022-05-03T02:45-07:00,97,0,0
2022-05-03T03:00-07:00,82,0,0
2022-05-03T03:15-07:00,83,0,0
2022-05-03T03:30-07:00,85,0,0
2022-05-03T03:45-07:00,83,0,0
2022-05-03T04:00-07:00,85,0,0
2022-05-03T04:15-07:00,80,0,0
2022-05-03T04:30-07:00,80,0,0
2022-05-03T04:45-07:00,79,0,0
2022-05-03T05:00-07:00,84,0,0
2022-05-03T05:15-07:00,76,0,0
2022-05-03T05:30-07:00,86,0,0
2022-05-03T05:45-07:00,92,0,0
2022-05-03T06:00-07:00,80,0,0
2022-05-03T06:15-07:00,88,0,0
2022-05-03T06:30-07:00,80,0,0
2022-05-03T06:45-07:00,77,0,0
2022-05-03T07:00-07:00,75,0,0
2022-05-03T07:15-07:00,79,0,0
2022-05-03T07:30-07:00,88,0,0
2022-05-03T07:45-07:00,83,0,0
2022-05-03T08:00-07:00,80,0,0
2022-05-03T08:15-07:00,82,0,0
2022-05-03T08:30-07:00,77,0,0
2022-05-03T08:45-07:00,79,0,0
2022-05-03T09:00-07:00,82,0,0
2022-05-03T09:15-07:00,103,0,0
2022-05-03T09:30-07:00,90,0,0
2022-05-03T09:45-07:00,104,0,0
2022-05-03T10:00-07:00,103,0,0
2022-05-03T10:15-07:00,93,0,0
2022-05-03T10:30-07:00,101,0,0
2022-05-03T10:45-07:00,99,0,0
2022-05-03T11:00-07:00,106,0,0
2022-05-03T11:15-07:00,114,0,0
2022-05-03T11:30-07:00,115,0,0
2022-05-03T11:45-07:00,103,0,0
2022-05-03T12:00-07:00,99,0,0
2022-05-03T12:15-07:00,106,0,0
2022-05-03T12:30-07:00,99,0,0
2022-05-03T12:45-07:00,100,0,0
2022-05-03T13:00-07:00,103,0,0
2022-05-03T13:15-07:00,103,0,0
2022-05-03T13:30-07:00,107,0,0
2022-05-03T13:45-07:00,112,0,0
2022-05-03T14:00-07:00,134,0,0
2022-05-03T14:15-07:00,114,0,0
2022-05-03T14:30-07:00,112,0,0
2022-05-03T14:45-07:00,90,0,0
2022-05-03T15:00-07:00,97,0,0
2022-05-03T15:15-07:00,101,0,0
2022-05-03T15:30-07:00,113,0,0
2022-05-03T15:45-07:00,104,0,0
2022-05-03T16:00-07:00,110,0,0
2022-05-03T16:15-07:00,97,0,0
2022-05-03T16:30-07:00,102,0,0
2022-05-03T16:45-07:00,94,0,0
2022-05-03T17:00-07:00,102,0,0
2022-05-03T17:15-07:00,109,0,0
2022-05-03T17:30-07:00,113,0,0
2022-05-03T17:45-07:00,103,0,0
2022-05-03T18:00-07:00,102,0,0
2022-05-03T18:15-07:00,99,0,0
2022-05-03T18:30-07:00,107,0,0
2022-05-03T18:45-07:00,102,0,0
2022-05-03T19:00-07:00,109,0,0
2022-05-03T19:15-07:00,123,0,0
2022-05-03T19:30-07:00,113,0,0
2022-05-03T19:45-07:00,116,0,0
2022-05-03T20:00-07:00,109,0,0
2022-05-03T20:15-07:00,113,0,0
2022-05-03T20:30-07:00,109,0,0
2022-05-03T20:45-07:00,117,0,0
2022-05-03T21:00-07:00,115,0,0
2022-05-03T21:15-07:00,116,0,0
2022-05-03T21:30-07:00,122,0,0
2022-05-03T21:45-07:00,123,0,0
2022-05-03T22:00-07:00,133,0,0
2022-05-03T22:15-07:00,115,0,0
2022-05-03T22:30-07:00,118,0,0
2022-05-03T22:45-07:00,119,0,0
2022-05-03T23:00-07:00,117,0,0
2022-05-03T23:15-07:00,119,0,0
2022-05-03T23:30-07:00,132,0,0
2022-05-03T23:45-07:00,131,0,0
2022-05-04T00:00-07:00,123,0,0
2022-05-04T00:15-07:00,126,0,0
2022-05-04T00:30-07:00,121,0,0
2022-05-04T00:45-07:00,111,0,0
2022-05-04T01:00-07:00,106,0,0
2022-05-04T01:15-07:00,111,0,0
2022-05-04T01:30-07:00,106,0,0
2022-05-04T01:45-07:00,99,0,0
2022-05-04T02:00-07:00,106,0,0
2022-05-04T02:15-07:00,94,0,0
2022-05-04T02:30-07:00,89,0,0
2022-05-04T02:45-07:00,88,0,0
2022-05-04T03:00-07:00,85,0,0
2022-05-04T03:15-07:00,85,0,0
2022-05-04T03:30-07:00,88,0,0
2022-05-04T03:45-07:00,89,0,0
2022-05-04T04:00-07:00,83,0,0
2022-05-04T04:15-07:00,81,0,0
2022-05-04T04:30-07:00,90,0,0
2022-05-04T04:45-07:00,91,0,0
2022-05-04T05:00-07:00,91,0,0
2022-05-04T05:15-07:00,79,0,0
2022-05-04T05:30-07:00,86,0,0
2022-05-04T05:45-07:00,88,0,0
2022-05-04T06:00-07:00,96,0,0
2022-05-04T06:15-07:00,77,0,0
2022-05-04T06:30-07:00,72,0,0
2022-05-04T06:45-07:00,73,0,0
2022-05-04T07:00-07:00,87,0,0
2022-05-04T07:15-07:00,77,0,0
2022-05-04T07:30-07:00,84,0,0
2022-05-04T07:45-07:00,73,0,0
2022-05-04T08:00-07:00,77,0,0
2022-05-04T08:15-07:00,73,0,0
2022-05-04T08:30-07:00,79,0,0
2022-05-04T08:45-07:00,77,0,0
2022-05-04T09:00-07:00,90,0,0
2022-05-04T09:15-07:00,95,0,0
2022-05-04T09:30-07:00,96,0,0
2022-05-04T09:45-07:00,93,0,0
2022-05-04T10:00-07:00,98,0,0
2022-05-04T10:15-07:00,86,0,0
2022-05-04T10:30-07:00,89,0,0
2022-05-04T10:45-07:00,89,0,0
2022-05-04T11:00-07:00,101,0,0
2022-05-04T11:15-07:00,102,0,0
2022-05-04T11:30-07:00,110,0,0
2022-05-04T11:45-07:00,99,0,0
2022-05-04T12:00-07:00,97,0,0
2022-05-04T12:15-07:00,107,0,0
2022-05-04T12:30-07:00,118,0,0
2022-05-04T12:45-07:00,123,0,0
2022-05-04T13:00-07:00,115,0,0
2022-05-04T13:15-07:00,123,0,0
2022-05-04T13:30-07:00,115,0,0
2022-05-04T13:45-07:00,125,0,0
2022-05-04T14:00-07:00,99,0,0
2022-05-04T14:15-07:00,107,0,0
2022-05-04T14:30-07:00,122,0,0
2022-05-04T14:45-07:00,134,0,0
2022-05-04T15:00-07:00,117,0,0
2022-05-04T15:15-07:00,126,0,0
2022-05-04T15:30-07:00,105,0,0
2022-05-04T15:45-07:00,122,0,0
2022-05-04T16:00-07:00,110,0,0
2022-05-04T16:15-07:00,112,0,0
2022-05-04T16:30-07:00,96,0,0
2022-05-04T16:45-07:00,125,0,0
2022-05-04T17:00-07:00,126,0,0
2022-05-04T17:15-07:00,116,0,0
2022-05-04T17:30-07:00,114,0,0
2022-05-04T17:45-07:00,124,0,0
2022-05-04T18:00-07:00,112,0,0
2022-05-04T18:15-07:00,108,0,0
2022-05-04T18:30-07:00,128,0,0
2022-05-04T18:45-07:00,115,0,0
2022-05-04T19:00-07:00,129,0,0
2022-05-04T19:15-07:00,117,0,0
2022-05-04T19:30-07:00,113,0,0
2022-05-04T19:45-07:00,111,0,0
2022-05-04T20:00-07:00,134,0,0
2022-05-04T20:15-07:00,121,0,0
2022-05-04T20:30-07:00,137,0,0
2022-05-04T20:45-07:00,119,0,0
2022-05-04T21:00-07:00,113,0,0
2022-05-04T21:15-07:00,108,0,0
2022-05-04T21:30-07:00,121,0,0
2022-05-04T21:45-07:00,122,0,0
2022-05-04T22:00-07:00,129,0,0
2022-05-04T22:15-07:00,115,0,0
2022-05-04T22:30-07:00,118,0,0
2022-05-04T22:45-07:00,122,0,0
2022-05-04T23:00-07:00,127,0,0
2022-05-04T23:15-07:00,129,0,0
2022-05-04T23:30-07:00,122,0,0
2022-05-04T23:45-07:00,121,0,0
2022-05-05T00:00-07:00,112,0,0
2022-05-05T00:15-07:00,114,0,0
2022-05-05T00:30-07:00,106,0,0
2022-05-05T00:45-07:00,111,0,0
2022-05-05T01:00-07:00,106,0,0
2022-05-05T01:15-07:00,109,0,0
2022-05-05T01:30-07:00,101,0,0
2022-05-05T01:45-07:00,101,0,0
2022-05-05T02:00-07:00,100,0,0
2022-05-05T02:15-07:00,109,0,0
2022-05-05T02:30-07:00,97,0,0
2022-05-05T02:45-07:00,94,0,0
2022-05-05T03:00-07:00,92,0,0
2022-05-05T03:15-07:00,91,0,0
2022-05-05T03:30-07:00,94,0,0
2022-05-05T03:45-07:00,89,0,0
2022-05-05T04:00-07:00,86,0,0
2022-05-05T04:15-07:00,84,0,0
2022-05-05T04:30-07:00,90,0,0
2022-05-05T04:45-07:00,77,0,0
2022-05-05T05:00-07:00,81,0,0
2022-05-05T05:15-07:00,80,0,0
2022-05-05T05:30-07:00,76,0,0
2022-05-05T05:45-07:00,81,0,0
2022-05-05T06:00-07:00,82,0,0
2022-05-05T06:15-07:00,88,0,0
2022-05-05T06:30-07:00,75,0,0
2022-05-05T06:45-07:00,81,0,0
2022-05-05T07:00-07:00,78,0,0
2022-05-05T07:15-07:00,76,0,0
2022-05-05T07:30-07:00,73,0,0
2022-05-05T07:45-07:00,75,0,0
2022-05-05T08:00-07:00,79,0,0
2022-05-05T08:15-07:00,81,0,0
2022-05-05T08:30-07:00,73,0,0
2022-05-05T08:45-07:00,75,0,0
2022-05-05T09:00-07:00,76,0,0
2022-05-05T09:15-07:00,80,0,0
2022-05-05T09:30-07:00,79,0,0
2022-05-05T09:45-07:00,84,0,0
2022-05-05T10:00-07:00,101,0,0
2022-05-05T10:15-07:00,80,0,0
2022-05-05T10:30-07:00,84,0,0
2022-05-05T10:45-07:00,89,0,0
2022-05-05T11:00-07:00,89,0,0
2022-05-05T11:15-07:00,97,0,0
2022-05-05T11:30-07:00,96,0,0
2022-05-05T11:45-07:00,101,0,0
2022-05-05T12:00-07:00,103,0,0
2022-05-05T12:15-07:00,109,0,0
2022-05-05T12:30-07:00,108,0,0
2022-05-05T12:45-07:00,97,0,0
2022-05-05T13:00-07:00,94,0,0
2022-05-05T13:15-07:00,126,0,0
2022-05-05T13:30-07:00,114,0,0
2022-05-05T13:45-07:00,102,0,0
2022-05-05T14:00-07:00,118,0,0
2022-05-05T14:15-07:00,108,0,0
2022-05-05T14:30-07:00,103,0,0
2022-05-05T14:45-07:00,109,0,0
2022-05-05T15:00-07:00,119,0,0
2022-05-05T15:15-07:00,112,0,0
2022-05-05T15:30-07:00,106,0,0
2022-05-05T15:45-07:00,124,0,0
2022-05-05T16:00-07:00,105,0,0
2022-05-05T16:15-07:00,109,0,0
2022-05-05T16:30-07:00,101,0,0
2022-05-05T16:45-07:00,127,0,0
2022-05-05T17:00-07:00,118,0,0
2022-05-05T17:15-07:00,105,0,0
2022-05-05T17:30-07:00,117,0,0
2022-05-05T17:45-07:00,111,0,0
2022-05-05T18:00-07:00,117,0,0
2022-05-05T18:15-07:00,103,0,0
2022-05-05T18:30-07:00,121,0,0
2022-05-05T18:45-07:00,103,0,0
2022-05-05T19:00-07:00,101,0,0
2022-05-05T19:15-07:00,121,0,0
2022-05-05T19:30-07:00,108,0,0
2022-05-05T19:45-07:00,108,0,0
2022-05-05T20:00-07:00,124,0,0
2022-05-05T20:15-07:00,115,0,0
2022-05-05T20:30-07:00,103,0,0
2022-05-05T20:45-07:00,134,0,0
2022-05-05T21:00-07:00,117,0,0
2022-05-05T21:15-07:00,110,0,0
2022-05-05T21:30-07:00,112,0,0
2022-05-05T21:45-07:00,114,0,0
2022-05-05T22:00-07:00,121,0,0
2022-05-05T22:15-07:00,113,0,0
2022-05-05T22:30-07:00,109,0,0
2022-05-05T22:45-07:00,121,0,0
2022-05-05T23:00-07:00,116,0,0
2022-05-05T23:15-07:00,115,0,0
2022-05-05T23:30-07:00,117,0,0
2022-05-05T23:45-07:00,125,0,0
2022-05-06T00:00-07:00,106,0,0
2022-05-06T00:15-07:00,117,0,0
2022-05-06T00:30-07:00,106,0,0
2022-05-06T00:45-07:00,115,0,0
2022-05-06T01:00-07:00,108,0,0
2022-05-06T01:15-07:00,96,0,0
2022-05-06T01:30-07:00,116,0,0
2022-05-06T01:45-07:00,105,0,0
2022-05-06T02:00-07:00,99,0,0
2022-05-06T02:15-07:00,95,0,0
2022-05-06T02:30-07:00,93,0,0
2022-05-06T02:45-07:00,98,0,0
2022-05-06T03:00-07:00,89,0,0
2022-05-06T03:15-07:00,84,0,0
2022-05-06T03:30-07:00,91,0,0
2022-05-06T03:45-07:00,80,0,0
2022-05-06T04:00-07:00,86,0,0
2022-05-06T04:15-07:00,79,0,0
2022-05-06T04:30-07:00,76,0,0
2022-05-06T04:45-07:00,80,0,0
2022-05-06T05:00-07:00,85,0,0
2022-05-06T05:15-07:00,80,0,0
2022-05-06T05:30-07:00,79,0,0
2022-05-06T05:45-07:00,79,0,0
2022-05-06T06:00-07:00,80,0,0
2022-05-06T06:15-07:00,77,0,0
2022-05-06T06:30-07:00,79,0,0
2022-05-06T06:45-07:00,77,0,0
2022-05-06T07:00-07:00,78,0,0
2022-05-06T07:15-07:00,84,0,0
2022-05-06T07:30-07:00,78,0,0
2022-05-06T07:45-07:00,77,0,0
2022-05-06T08:00-07:00,78,0,0
2022-05-06T08:15-07:00,77,0,0
2022-05-06T08:30-07:00,78,0,0
2022-05-06T08:45-07:00,83,0,0
2022-05-06T09:00-07:00,81,0,0
2022-05-06T09:15-07:00,85,0,0
2022-05-06T09:30-07:00,78,0,0
2022-05-06T09:45-07:00,85,0,0
2022-05-06T10:00-07:00,91,0,0
2022-05-06T10:15-07:00,79,0,0
2022-05-06T10:30-07:00,86,0,0
2022-05-06T10:45-07:00,96,0,0
2022-05-06T11:00-07:00,83,0,0
2022-05-06T11:15-07:00,105,0,0
2022-05-06T11:30-07:00,100,0,0
2022-05-06T11:45-07:00,105,0,0
2022-05-06T12:00-07:00,100,0,0
2022-05-06T12:15-07:00,113,0,0
2022-05-06T12:30-07:00,100,0,0
2022-05-06T12:45-07:00,108,0,0
2022-05-06T13:00-07:00,107,0,0
2022-05-06T13:15-07:00,93,0,0
2022-05-06T13:30-07:00,105,0,0
2022-05-06T13:45-07:00,131,0,0
2022-05-06T14:00-07:00,104,0,0
2022-05-06T14:15-07:00,111,0,0
2022-05-06T14:30-07:00,114,0,0
2022-05-06T14:45-07:00,121,0,0
2022-05-06T15:00-07:00,116,0,0
2022-05-06T15:15-07:00,106,0,0
2022-05-06T15:30-07:00,136,0,0
2022-05-06T15:45-07:00,118,0,0
2022-05-06T16:00-07:00,127,0,0
2022-05-06T16:15-07:00,93,0,0
2022-05-06T16:30-07:00,107,0,0
2022-05-06T16:45-07:00,101,0,0
2022-05-06T17:00-07:00,104,0,0
2022-05-06T17:15-07:00,122,0,0
2022-05-06T17:30-07:00,101,0,0
2022-05-06T17:45-07:00,105,0,0
2022-05-06T18:00-07:00,112,0,0
2022-05-06T18:15-07:00,107,0,0
2022-05-06T18:30-07:00,114,0,0
2022-05-06T18:45-07:00,108,0,0
2022-05-06T19:00-07:00,99,0,0
2022-05-06T19:15-07:00,123,0,0
2022-05-06T19:30-07:00,112,0,0
2022-05-06T19:45-07:00,105,0,0
2022-05-06T20:00-07:00,108,0,0
2022-05-06T20:15-07:00,122,0,0
2022-05-06T20:30-07:00,125,0,0
2022-05-06T20:45-07:00,137,0,0
2022-05-06T21:00-07:00,112,0,0
2022-05-06T21:15-07:00,113,0,0
2022-05-06T21:30-07:00,112,0,0
2022-05-06T21:45-07:00,118,0,0
2022-05-06T22:00-07:00,108,0,0
2022-05-06T22:15-07:00,108,0,0
2022-05-06T22:30-07:00,109,0,0
2022-05-06T22:45-07:00,126,0,0
2022-05-06T23:00-07:00,114,0,0
2022-05-06T23:15-07:00,116,0,0
2022-05-06T23:30-07:00,131,0,0
2022-05-06T23:45-07:00,107,0,0
2022-05-07T00:00-07:00,110,0,0
2022-05-07T00:15-07:00,114,0,0
2022-05-07T00:30-07:00,122,0,0
2022-05-07T00:45-07:00,119,0,0
2022-05-07T01:00-07:00,111,0,0
2022-05-07T01:15-07:00,115,0,0
2022-05-07T01:30-07:00,112,0,0
2022-05-07T01:45-07:00,111,0,0
2022-05-07T02:00-07:00,100,0,0
2022-05-07T02:15-07:00,110,0,0
2022-05-07T02:30-07:00,105,0,0
2022-05-07T02:45-07:00,103,0,0
2022-05-07T03:00-07:00,98,0,0
2022-05-07T03:15-07:00,93,0,0
2022-05-07T03:30-07:00,99,0,0
2022-05-07T03:45-07:00,93,0,0
2022-05-07T04:00-07:00,86,0,0
2022-05-07T04:15-07:00,88,0,0
2022-05-07T04:30-07:00,89,0,0
2022-05-07T04:45-07:00,81,0,0
2022-05-07T05:00-07:00,78,0,0
2022-05-07T05:15-07:00,85,0,0
2022-05-07T05:30-07:00,82,0,0
2022-05-07T05:45-07:00,83,0,0
2022-05-07T06:00-07:00,78,0,0
2022-05-07T06:15-07:00,80,0,0
2022-05-07T06:30-07:00,79,0,0
2022-05-07T06:45-07:00,92,0,0
2022-05-07T07:00-07:00,92,0,0
2022-05-07T07:15-07:00,74,0,0
2022-05-07T07:30-07:00,99,0,0
2022-05-07T07:45-07:00,87,0,0
2022-05-07T08:00-07:00,91,0,0
2022-05-07T08:15-07:00,84,0,0
2022-05-07T08:30-07:00,78,0,0
2022-05-07T08:45-07:00,86,0,0
2022-05-07T09:00-07:00,81,0,0
2022-05-07T09:15-07:00,80,0,0
2022-05-07T09:30-07:00,79,0,0
2022-05-07T09:45-07:00,82,0,0
2022-05-07T10:00-07:00,82,0,0
2022-05-07T10:15-07:00,93,0,0
2022-05-07T10:30-07:00,86,0,0
2022-05-07T10:45-07:00,103,0,0
2022-05-07T11:00-07:00,104,0,0
2022-05-07T11:15-07:00,93,0,0
2022-05-07T11:30-07:00,90,0,0
2022-05-07T11:45-07:00,89,0,0
2022-05-07T12:00-07:00,91,0,0
2022-05-07T12:15-07:00,104,0,0
2022-05-07T12:30-07:00,105,0,0
2022-05-07T12:45-07:00,110,0,0
2022-05-07T13:00-07:00,96,0,0
2022-05-07T13:15-07:00,100,0,0
2022-05-07T13:30-07:00,110,0,0
2022-05-07T13:45-07:00,110,0,0
2022-05-07T14:00-07:00,95,0,0
2022-05-07T14:15-07:00,142,0,0
2022-05-07T14:30-07:00,99,0,0
2022-05-07T14:45-07:00,110,0,0
2022-05-07T15:00-07:00,108,0,0
2022-05-07T15:15-07:00,117,0,0
2022-05-07T15:30-07:00,102,0,0
2022-05-07T15:45-07:00,103,0,0
2022-05-07T16:00-07:00,115,0,0
2022-05-07T16:15-07:00,108,0,0
2022-05-07T16:30-07:00,92,0,0
2022-05-07T16:45-07:00,99,0,0
2022-05-07T17:00-07:00,106,0,0
2022-05-07T17:15-07:00,99,0,0
2022-05-07T17:30-07:00,109,0,0
2022-05-07T17:45-07:00,101,0,0
2022-05-07T18:00-07:00,112,0,0
2022-05-07T18:15-07:00,127,0,0
2022-05-07T18:30-07:00,119,0,0
2022-05-07T18:45-07:00,123,0,0
2022-05-07T19:00-07:00,104,0,0
2022-05-07T19:15-07:00,117,0,0
2022-05-07T19:30-07:00,120,0,0
2022-05-07T19:45-07:00,120,0,0
2022-05-07T20:00-07:00,125,0,0
2022-05-07T20:15-07:00,114,0,0
2022-05-07T20:30-07:00,109,0,0
2022-05-07T20:45-07:00,108,0,0
2022-05-07T21:00-07:00,107,0,0
2022-05-07T21:15-07:00,100,0,0
2022-05-07T21:30-07:00,104,0,0
2022-05-07T21:45-07:00,117,0,0
2022-05-07T22:00-07:00,108,0,0
2022-05-07T22:15-07:00,102,0,0
2022-05-07T22:30-07:00,102,0,0
2022-05-07T22:45-07:00,98,0,0
2022-05-07T23:00-07:00,89,0,0
2022-05-07T23:15-07:00,106,0,0
2022-05-07T23:30-07:00,108,0,0
2022-05-07T23:45-07:00,97,0,0
2022-05-08T00:00-07:00,97,0,0
2022-05-08T00:15-07:00,98,0,0
2022-05-08T00:30-07:00,92,0,0
2022-05-08T00:45-07:00,89,0,0
2022-05-08T01:00-07:00,102,0,0
2022-05-08T01:15-07:00,94,0,0
2022-05-08T01:30-07:00,89,0,0
2022-05-08T01:45-07:00,102,0,0
2022-05-08T02:00-07:00,93,0,0
2022-05-08T02:15-07:00,94,0,0
2022-05-08T02:30-07:00,91,0,0
2022-05-08T02:45-07:00,98,0,0
2022-05-08T03:00-07:00,102,0,0
2022-05-08T03:15-07:00,94,0,0
2022-05-08T03:30-07:00,109,0,0
2022-05-08T03:45-07:00,89,0,0
2022-05-08T04:00-07:00,103,0,0
2022-05-08T04:15-07:00,94,0,0
2022-05-08T04:30-07:00,93,0,0
2022-05-08T04:45-07:00,84,0,0
2022-05-08T05:00-07:00,79,0,0
2022-05-08T05:15-07:00,88,0,0
2022-05-08T05:30-07:00,82,0,0
2022-05-08T05:45-07:00,85,0,0
2022-05-08T06:00-07:00,82,0,0
2022-05-08T06:15-07:00,83,0,0
2022-05-08T06:30-07:00,79,0,0
2022-05-08T06:45-07:00,74,0,0
2022-05-08T07:00-07:00,83,0,0
2022-05-08T07:15-07:00,84,0,0
2022-05-08T07:30-07:00,82,0,0
2022-05-08T07:45-07:00,80,0,0
2022-05-08T08:00-07:00,81,0,0
2022-05-08T08:15-07:00,82,0,0
2022-05-08T08:30-07:00,78,0,0
2022-05-08T08:45-07:00,82,0,0
2022-05-08T09:00-07:00,86,0,0
2022-05-08T09:15-07:00,80,0,0
2022-05-08T09:30-07:00,84,0,0
2022-05-08T09:45-07:00,93,0,0
2022-05-08T10:00-07:00,84,0,0
2022-05-08T10:15-07:00,91,0,0
2022-05-08T10:30-07:00,84,0,0
2022-05-08T10:45-07:00,78,0,0
2022-05-08T11:00-07:00,84,0,0
2022-05-08T11:15-07:00,84,0,0
2022-05-08T11:30-07:00,79,0,0
2022-05-08T11:45-07:00,96,0,0
2022-05-08T12:00-07:00,90,0,0
2022-05-08T12:15-07:00,85,0,0
2022-05-08T12:30-07:00,110,0,0
2022-05-08T12:45-07:00,100,0,0
2022-05-08T13:00-07:00,102,0,0
2022-05-08T13:15-07:00,100,0,0
2022-05-08T13:30-07:00,107,0,0
2022-05-08T13:45-07:00,95,0,0
2022-05-08T14:00-07:00,103,0,0
2022-05-08T14:15-07:00,104,0,0
2022-05-08T14:30-07:00,101,0,0
2022-05-08T14:45-07:00,119,0,0
2022-05-08T15:00-07:00,105,0,0
2022-05-08T15:15-07:00,106,0,0
2022-05-08T15:30-07:00,112,0,0
2022-05-08T15:45-07:00,97,0,0
2022-05-08T16:00-07:00,118,0,0
2022-05-08T16:15-07:00,123,0,0
2022-05-08T16:30-07:00,113,0,0
2022-05-08T16:45-07:00,108,0,0
2022-05-08T17:00-07:00,103,0,0
2022-05-08T17:15-07:00,111,0,0
2022-05-08T17:30-07:00,102,0,0
2022-05-08T17:45-07:00,102,0,0
2022-05-08T18:00-07:00,104,0,0
2022-05-08T18:15-07:00,107,0,0
2022-05-08T18:30-07:00,99,0,0
2022-05-08T18:45-07:00,110,0,0
2022-05-08T19:00-07:00,96,0,0
2022-05-08T19:15-07:00,102,0,0
2022-05-08T19:30-07:00,100,0,0
2022-05-08T19:45-07:00,109,0,0
2022-05-08T20:00-07:00,100,0,0
2022-05-08T20:15-07:00,103,0,0
2022-05-08T20:30-07:00,108,0,0
2022-05-08T20:45-07:00,111,0,0
2022-05-08T21:00-07:00,114,0,0
2022-05-08T21:15-07:00,117,0,0
2022-05-08T21:30-07:00,109,0,0
2022-05-08T21:45-07:00,120,0,0
2022-05-08T22:00-07:00,121,0,0
2022-05-08T22:15-07:00,126,0,0
2022-05-08T22:30-07:00,116,0,0
2022-05-08T22:45-07:00,113,0,0
2022-05-08T23:00-07:00,117,0,0
2022-05-08T23:15-07:00,112,0,0
2022-05-08T23:30-07:00,115,0,0
2022-05-08T23:45-07:00,116,0,0
2022-05-09T00:00-07:00,123,0,0
2022-05-09T00:15-07:00,123,0,0
2022-05-09T00:30-07:00,108,0,0
2022-05-09T00:45-07:00,102,0,0
2022-05-09T01:00-07:00,104,0,0
2022-05-09T01:15-07:00,105,0,0
2022-05-09T01:30-07:00,110,0,0
2022-05-09T01:45-07:00,109,0,0
2022-05-09T02:00-07:00,106,0,0
2022-05-09T02:15-07:00,97,0,0
2022-05-09T02:30-07:00,91,0,0
2022-05-09T02:45-07:00,94,0,0
2022-05-09T03:00-07:00,92,0,0
2022-05-09T03:15-07:00,95,0,0
2022-05-09T03:30-07:00,93,0,0
2022-05-09T03:45-07:00,93,0,0
2022-05-09T04:00-07:00,86,0,0
2022-05-09T04:15-07:00,90,0,0
2022-05-09T04:30-07:00,86,0,0
2022-05-09T04:45-07:00,86,0,0
2022-05-09T05:00-07:00,81,0,0
2022-05-09T05:15-07:00,82,0,0
2022-05-09T05:30-07:00,92,0,0
2022-05-09T05:45-07:00,79,0,0
2022-05-09T06:00-07:00,78,0,0
2022-05-09T06:15-07:00,77,0,0
2022-05-09T06:30-07:00,89,0,0
2022-05-09T06:45-07:00,82,0,0
2022-05-09T07:00-07:00,80,0,0
2022-05-09T07:15-07:00,83,0,0
2022-05-09T07:30-07:00,81,0,0
2022-05-09T07:45-07:00,89,0,0
2022-05-09T08:00-07:00,80,0,0
2022-05-09T08:15-07:00,83,0,0
2022-05-09T08:30-07:00,77,0,0
2022-05-09T08:45-07:00,82,0,0
2022-05-09T09:00-07:00,96,0,0
2022-05-09T09:15-07:00,95,0,0
2022-05-09T09:30-07:00,96,0,0
2022-05-09T09:45-07:00,94,0,0
2022-05-09T10:00-07:00,107,0,0
2022-05-09T10:15-07:00,98,0,0
2022-05-09T10:30-07:00,103,0,0
2022-05-09T10:45-07:00,96,0,0
2022-05-09T11:00-07:00,108,0,0
2022-05-09T11:15-07:00,100,0,0
2022-05-09T11:30-07:00,108,0,0
2022-05-09T11:45-07:00,99,0,0
2022-05-09T12:00-07:00,113,0,0
2022-05-09T12:15-07:00,94,0,0
2022-05-09T12:30-07:00,88,0,0
2022-05-09T12:45-07:00,114,0,0
2022-05-09T13:00-07:00,100,0,0
2022-05-09T13:15-07:00,95,0,0
2022-05-09T13:30-07:00,105,0,0
2022-05-09T13:45-07:00,143,0,0
2022-05-09T14:00-07:00,118,0,0
2022-05-09T14:15-07:00,113,0,0
2022-05-09T14:30-07:00,141,0,0
2022-05-09T14:45-07:00,125,0,0
2022-05-09T15:00-07:00,104,0,0
2022-05-09T15:15-07:00,111,0,0
2022-05-09T15:30-07:00,115,0,0
2022-05-09T15:45-07:00,113,0,0
2022-05-09T16:00-07:00,124,0,0
2022-05-09T16:15-07:00,113,0,0
2022-05-09T16:30-07:00,117,0,0
2022-05-09T16:45-07:00,110,0,0
2022-05-09T17:00-07:00,108,0,0
2022-05-09T17:15-07:00,96,0,0
2022-05-09T17:30-07:00,119,0,0
2022-05-09T17:45-07:00,120,0,0
2022-05-09T18:00-07:00,103,0,0
2022-05-09T18:15-07:00,119,0,0
2022-05-09T18:30-07:00,115,0,0
2022-05-09T18:45-07:00,110,0,0
2022-05-09T19:00-07:00,103,0,0
2022-05-09T19:15-07:00,106,0,0
2022-05-09T19:30-07:00,109,0,0
2022-05-09T19:45-07:00,110,0,0
2022-05-09T20:00-07:00,106,0,0
2022-05-09T20:15-07:00,124,0,0
2022-05-09T20:30-07:00,105,0,0
2022-05-09T20:45-07:00,104,0,0
2022-05-09T21:00-07:00,112,0,0
2022-05-09T21:15-07:00,117,0,0
2022-05-09T21:30-07:00,111,0,0
2022-05-09T21:45-07:00,111,0,0
2022-05-09T22:00-07:00,113,0,0
2022-05-09T22:15-07:00,126,0,0
2022-05-09T22:30-07:00,112,0,0
2022-05-09T22:45-07:00,107,0,0
2022-05-09T23:00-07:00,114,0,0
2022-05-09T23:15-07:00,107,0,0
2022-05-09T23:30-07:00,113,0,0
2022-05-09T23:45-07:00,111,0,0
2022-05-10T00:00-07:00,115,0,0
2022-05-10T00:15-07:00,108,0,0
2022-05-10T00:30-07:00,111,0,0
2022-05-10T00:45-07:00,111,0,0
2022-05-10T01:00-07:00,100,0,0
2022-05-10T01:15-07:00,104,0,0
2022-05-10T01:30-07:00,99,0,0
2022-05-10T01:45-07:00,99,0,0
2022-05-10T02:00-07:00,96,0,0
2022-05-10T02:15-07:00,98,0,0
2022-05-10T02:30-07:00,98,0,0
2022-05-10T02:45-07:00,91,0,0
2022-05-10T03:00-07:00,86,0,0
2022-05-10T03:15-07:00,84,0,0
2022-05-10T03:30-07:00,83,0,0
2022-05-10T03:45-07:00,85,0,0
2022-05-10T04:00-07:00,82,0,0
2022-05-10T04:15-07:00,85,0,0
2022-05-10T04:30-07:00,86,0,0
2022-05-10T04:45-07:00,83,0,0
2022-05-10T05:00-07:00,81,0,0
2022-05-10T05:15-07:00,80,0,0
2022-05-10T05:30-07:00,78,0,0
2022-05-10T05:45-07:00,74,0,0
2022-05-10T06:00-07:00,80,0,0
2022-05-10T06:15-07:00,75,0,0
2022-05-10T06:30-07:00,75,0,0
2022-05-10T06:45-07:00,73,0,0
2022-05-10T07:00-07:00,79,0,0
2022-05-10T07:15-07:00,75,0,0
2022-05-10T07:30-07:00,72,0,0
2022-05-10T07:45-07:00,77,0,0
2022-05-10T08:00-07:00,77,0,0
2022-05-10T08:15-07:00,75,0,0
2022-05-10T08:30-07:00,84,0,0
2022-05-10T08:45-07:00,75,0,0
2022-05-10T09:00-07:00,78,0,0
2022-05-10T09:15-07:00,92,0,0
2022-05-10T09:30-07:00,93,0,0
2022-05-10T09:45-07:00,118,0,0
2022-05-10T10:00-07:00,90,0,0
2022-05-10T10:15-07:00,115,0,0
2022-05-10T10:30-07:00,102,0,0
2022-05-10T10:45-07:00,92,0,0
2022-05-10T11:00-07:00,99,0,0
2022-05-10T11:15-07:00,95,0,0
2022-05-10T11:30-07:00,95,0,0
2022-05-10T11:45-07:00,106,0,0
2022-05-10T12:00-07:00,103,0,0
2022-05-10T12:15-07:00,119,0,0
2022-05-10T12:30-07:00,101,0,0
2022-05-10T12:45-07:00,105,0,0
2022-05-10T13:00-07:00,116,0,0
2022-05-10T13:15-07:00,102,0,0
2022-05-10T13:30-07:00,118,0,0
2022-05-10T13:45-07:00,119,0,0
2022-05-10T14:00-07:00,107,0,0
2022-05-10T14:15-07:00,129,0,0
2022-05-10T14:30-07:00,109,0,0
2022-05-10T14:45-07:00,107,0,0
2022-05-10T15:00-07:00,112,0,0
2022-05-10T15:15-07:00,101,0,0
2022-05-10T15:30-07:00,97,0,0
2022-05-10T15:45-07:00,96,0,0
2022-05-10T16:00-07:00,118,0,0
2022-05-10T16:15-07:00,124,0,0
2022-05-10T16:30-07:00,111,0,0
2022-05-10T16:45-07:00,126,0,0
2022-05-10T17:00-07:00,98,0,0
2022-05-10T17:15-07:00,97,0,0
2022-05-10T17:30-07:00,103,0,0
2022-05-10T17:45-07:00,102,0,0
2022-05-10T18:00-07:00,110,0,0
2022-05-10T18:15-07:00,103,0,0
2022-05-10T18:30-07:00,112,0,0
2022-05-10T18:45-07:00,97,0,0
2022-05-10T19:00-07:00,103,0,0
2022-05-10T19:15-07:00,104,0,0
2022-05-10T19:30-07:00,108,0,0
2022-05-10T19:45-07:00,119,0,0
2022-05-10T20:00-07:00,105,0,0
2022-05-10T20:15-07:00,108,0,0
2022-05-10T20:30-07:00,108,0,0
2022-05-10T20:45-07:00,126,0,0
2022-05-10T21:00-07:00,113,0,0
2022-05-10T21:15-07:00,124,0,0
2022-05-10T21:30-07:00,115,0,0
2022-05-10T21:45-07:00,111,0,0
2022-05-10T22:00-07:00,129,0,0
2022-05-10T22:15-07:00,114,0,0
2022-05-10T22:30-07:00,108,0,0
2022-05-10T22:45-07:00,122,0,0
2022-05-10T23:00-07:00,113,0,0
2022-05-10T23:15-07:00,105,0,0
2022-05-10T23:30-07:00,126,0,0
2022-05-10T23:45-07:00,121,0,0
2022-05-11T00:00-07:00,117,0,0
2022-05-11T00:15-07:00,108,0,0
2022-05-11T00:30-07:00,108,0,0
2022-05-11T00:45-07:00,102,0,0
2022-05-11T01:00-07:00,107,0,0
2022-05-11T01:15-07:00,103,0,0
2022-05-11T01:30-07:00,101,0,0
2022-05-11T01:45-07:00,104,0,0
2022-05-11T02:00-07:00,113,0,0
2022-05-11T02:15-07:00,95,0,0
2022-05-11T02:30-07:00,94,0,0
2022-05-11T02:45-07:00,91,0,0
2022-05-11T03:00-07:00,92,0,0
2022-05-11T03:15-07:00,83,0,0
2022-05-11T03:30-07:00,90,0,0
2022-05-11T03:45-07:00,85,0,0
2022-05-11T04:00-07:00,82,0,0
2022-05-11T04:15-07:00,84,0,0
2022-05-11T04:30-07:00,79,0,0
2022-05-11T04:45-07:00,81,0,0
2022-05-11T05:00-07:00,78,0,0
2022-05-11T05:15-07:00,78,0,0
2022-05-11T05:30-07:00,81,0,0
2022-05-11T05:45-07:00,78,0,0
2022-05-11T06:00-07:00,77,0,0
2022-05-11T06:15-07:00,77,0,0
2022-05-11T06:30-07:00,75,0,0
2022-05-11T06:45-07:00,81,0,0
2022-05-11T07:00-07:00,75,0,0
2022-05-11T07:15-07:00,74,0,0
2022-05-11T07:30-07:00,75,0,0
2022-05-11T07:45-07:00,85,0,0
2022-05-11T08:00-07:00,81,0,0
2022-05-11T08:15-07:00,80,0,0
2022-05-11T08:30-07:00,86,0,0
2022-05-11T08:45-07:00,79,0,0
2022-05-11T09:00-07:00,80,0,0
2022-05-11T09:15-07:00,76,0,0
2022-05-11T09:30-07:00,79,0,0
2022-05-11T09:45-07:00,98,0,0
2022-05-11T10:00-07:00,103,0,0
2022-05-11T10:15-07:00,107,0,0
2022-05-11T10:30-07:00,108,0,0
2022-05-11T10:45-07:00,97,0,0
2022-05-11T11:00-07:00,100,0,0
2022-05-11T11:15-07:00,128,0,0
2022-05-11T11:30-07:00,117,0,0
2022-05-11T11:45-07:00,107,0,0
2022-05-11T12:00-07:00,103,0,0
2022-05-11T12:15-07:00,90,0,0
2022-05-11T12:30-07:00,86,0,0
2022-05-11T12:45-07:00,100,0,0
2022-05-11T13:00-07:00,96,0,0
2022-05-11T13:15-07:00,111,0,0
2022-05-11T13:30-07:00,116,0,0
2022-05-11T13:45-07:00,112,0,0
2022-05-11T14:00-07:00,108,0,0
2022-05-11T14:15-07:00,121,0,0
2022-05-11T14:30-07:00,117,0,0
2022-05-11T14:45-07:00,111,0,0
2022-05-11T15:00-07:00,112,0,0
2022-05-11T15:15-07:00,107,0,0
2022-05-11T15:30-07:00,123,0,0
2022-05-11T15:45-07:00,131,0,0
2022-05-11T16:00-07:00,120,0,0
2022-05-11T16:15-07:00,116,0,0
2022-05-11T16:30-07:00,119,0,0
2022-05-11T16:45-07:00,109,0,0
2022-05-11T17:00-07:00,95,0,0
2022-05-11T17:15-07:00,92,0,0
2022-05-11T17:30-07:00,114,0,0
2022-05-11T17:45-07:00,99,0,0
2022-05-11T18:00-07:00,107,0,0
2022-05-11T18:15-07:00,104,0,0
2022-05-11T18:30-07:00,117,0,0
2022-05-11T18:45-07:00,96,0,0
2022-05-11T19:00-07:00,102,0,0
2022-05-11T19:15-07:00,110,0,0
2022-05-11T19:30-07:00,113,0,0
2022-05-11T19:45-07:00,118,0,0
2022-05-11T20:00-07:00,135,0,0
2022-05-11T20:15-07:00,110,0,0
2022-05-11T20:30-07:00,113,0,0
2022-05-11T20:45-07:00,120,0,0
2022-05-11T21:00-07:00,114,0,0
2022-05-11T21:15-07:00,112,0,0
2022-05-11T21:30-07:00,117,0,0
2022-05-11T21:45-07:00,119,0,0
2022-05-11T22:00-07:00,123,0,0
2022-05-11T22:15-07:00,119,0,0
2022-05-11T22:30-07:00,105,0,0
2022-05-11T22:45-07:00,129,0,0
2022-05-11T23:00-07:00,113,0,0
2022-05-11T23:15-07:00,110,0,0
2022-05-11T23:30-07:00,111,0,0
2022-05-11T23:45-07:00,107,0,0
2022-05-12T00:00-07:00,102,0,0
2022-05-12T00:15-07:00,102,0,0
2022-05-12T00:30-07:00,108,0,0
2022-05-12T00:45-07:00,99,0,0
2022-05-12T01:00-07:00,113,0,0
2022-05-12T01:15-07:00,106,0,0
2022-05-12T01:30-07:00,109,0,0
2022-05-12T01:45-07:00,107,0,0
2022-05-12T02:00-07:00,95,0,0
2022-05-12T02:15-07:00,106,0,0
2022-05-12T02:30-07:00,91,0,0
2022-05-12T02:45-07:00,85,0,0
2022-05-12T03:00-07:00,96,0,0
2022-05-12T03:15-07:00,85,0,0
2022-05-12T03:30-07:00,82,0,0
2022-05-12T03:45-07:00,93,0,0
2022-05-12T04:00-07:00,85,0,0
2022-05-12T04:15-07:00,86,0,0
2022-05-12T04:30-07:00,75,0,0
2022-05-12T04:45-07:00,75,0,0
2022-05-12T05:00-07:00,83,0,0
2022-05-12T05:15-07:00,80,0,0
2022-05-12T05:30-07:00,78,0,0
2022-05-12T05:45-07:00,78,0,0
2022-05-12T06:00-07:00,73,0,0
2022-05-12T06:15-07:00,70,0,0
2022-05-12T06:30-07:00,74,0,0
2022-05-12T06:45-07:00,79,0,0
2022-05-12T07:00-07:00,73,0,0
2022-05-12T07:15-07:00,85,0,0
2022-05-12T07:30-07:00,80,0,0
2022-05-12T07:45-07:00,74,0,0
2022-05-12T08:00-07:00,74,0,0
2022-05-12T08:15-07:00,75,0,0
2022-05-12T08:30-07:00,83,0,0
2022-05-12T08:45-07:00,82,0,0
2022-05-12T09:00-07:00,79,0,0
2022-05-12T09:15-07:00,90,0,0
2022-05-12T09:30-07:00,103,0,0
2022-05-12T09:45-07:00,86,0,0
2022-05-12T10:00-07:00,103,0,0
2022-05-12T10:15-07:00,100,0,0
2022-05-12T10:30-07:00,88,0,0
2022-05-12T10:45-07:00,92,0,0
2022-05-12T11:00-07:00,78,0,0
2022-05-12T11:15-07:00,98,0,0
2022-05-12T11:30-07:00,84,0,0
2022-05-12T11:45-07:00,104,0,0
2022-05-12T12:00-07:00,109,0,0
2022-05-12T12:15-07:00,88,0,0
2022-05-12T12:30-07:00,110,0,0
2022-05-12T12:45-07:00,106,0,0
2022-05-12T13:00-07:00,118,0,0
2022-05-12T13:15-07:00,109,0,0
2022-05-12T13:30-07:00,119,0,0
2022-05-12T13:45-07:00,108,0,0
2022-05-12T14:00-07:00,130,0,0
2022-05-12T14:15-07:00,106,0,0
2022-05-12T14:30-07:00,102,0,0
2022-05-12T14:45-07:00,96,0,0
2022-05-12T15:00-07:00,104,0,0
2022-05-12T15:15-07:00,96,0,0
2022-05-12T15:30-07:00,102,0,0
2022-05-12T15:45-07:00,117,0,0
2022-05-12T16:00-07:00,101,0,0
2022-05-12T16:15-07:00,115,0,0
2022-05-12T16:30-07:00,116,0,0
2022-05-12T16:45-07:00,105,0,0
2022-05-12T17:00-07:00,95,0,0
2022-05-12T17:15-07:00,95,0,0
2022-05-12T17:30-07:00,102,0,0
2022-05-12T17:45-07:00,107,0,0
2022-05-12T18:00-07:00,108,0,0
2022-05-12T18:15-07:00,107,0,0
2022-05-12T18:30-07:00,111,0,0
2022-05-12T18:45-07:00,97,0,0
2022-05-12T19:00-07:00,103,0,0
2022-05-12T19:15-07:00,102,0,0
2022-05-12T19:30-07:00,110,0,0
2022-05-12T19:45-07:00,122,0,0
2022-05-12T20:00-07:00,107,0,0
2022-05-12T20:15-07:00,112,0,0
2022-05-12T20:30-07:00,107,0,0
2022-05-12T20:45-07:00,101,0,0
2022-05-12T21:00-07:00,104,0,0
2022-05-12T21:15-07:00,117,0,0
2022-05-12T21:30-07:00,128,0,0
2022-05-12T21:45-07:00,119,0,0
2022-05-12T22:00-07:00,109,0,0
2022-05-12T22:15-07:00,128,0,0
2022-05-12T22:30-07:00,114,0,0
2022-05-12T22:45-07:00,112,0,0
2022-05-12T23:00-07:00,113,0,0
2022-05-12T23:15-07:00,113,0,0
2022-05-12T23:30-07:00,112,0,0
2022-05-12T23:45-07:00,126,0,0
2022-05-13T00:00-07:00,104,0,0
2022-05-13T00:15-07:00,119,0,0
2022-05-13T00:30-07:00,106,0,0
2022-05-13T00:45-07:00,110,0,0
2022-05-13T01:00-07:00,105,0,0
2022-05-13T01:15-07:00,118,0,0
2022-05-13T01:30-07:00,97,0,0
2022-05-13T01:45-07:00,97,0,0
2022-05-13T02:00-07:00,97,0,0
2022-05-13T02:15-07:00,103,0,0
2022-05-13T02:30-07:00,102,0,0
2022-05-13T02:45-07:00,95,0,0
2022-05-13T03:00-07:00,86,0,0
2022-05-13T03:15-07:00,89,0,0
2022-05-13T03:30-07:00,81,0,0
2022-05-13T03:45-07:00,84,0,0
2022-05-13T04:00-07:00,81,0,0
2022-05-13T04:15-07:00,74,0,0
2022-05-13T04:30-07:00,77,0,0
2022-05-13T04:45-07:00,77,0,0
2022-05-13T05:00-07:00,78,0,0
2022-05-13T05:15-07:00,74,0,0
2022-05-13T05:30-07:00,74,0,0
2022-05-13T05:45-07:00,80,0,0
2022-05-13T06:00-07:00,80,0,0
2022-05-13T06:15-07:00,74,0,0
2022-05-13T06:30-07:00,80,0,0
2022-05-13T06:45-07:00,74,0,0
2022-05-13T07:00-07:00,71,0,0
2022-05-13T07:15-07:00,75,0,0
2022-05-13T07:30-07:00,70,0,0
2022-05-13T07:45-07:00,78,0,0
2022-05-13T08:00-07:00,73,0,0
2022-05-13T08:15-07:00,82,0,0
2022-05-13T08:30-07:00,71,0,0
2022-05-13T08:45-07:00,75,0,0
2022-05-13T09:00-07:00,79,0,0
2022-05-13T09:15-07:00,82,0,0
2022-05-13T09:30-07:00,86,0,0
2022-05-13T09:45-07:00,77,0,0
2022-05-13T10:00-07:00,106,0,0
2022-05-13T10:15-07:00,88,0,0
2022-05-13T10:30-07:00,90,0,0
2022-05-13T10:45-07:00,94,0,0
2022-05-13T11:00-07:00,107,0,0
2022-05-13T11:15-07:00,96,0,0
2022-05-13T11:30-07:00,103,0,0
2022-05-13T11:45-07:00,99,0,0
2022-05-13T12:00-07:00,100,0,0
2022-05-13T12:15-07:00,111,0,0
2022-05-13T12:30-07:00,109,0,0
2022-05-13T12:45-07:00,87,0,0
2022-05-13T13:00-07:00,100,0,0
2022-05-13T13:15-07:00,113,0,0
2022-05-13T13:30-07:00,113,0,0
2022-05-13T13:45-07:00,102,0,0
2022-05-13T14:00-07:00,100,0,0
2022-05-13T14:15-07:00,102,0,0
2022-05-13T14:30-07:00,100,0,0
2022-05-13T14:45-07:00,95,0,0
2022-05-13T15:00-07:00,96,0,0
2022-05-13T15:15-07:00,97,0,0
2022-05-13T15:30-07:00,104,0,0
2022-05-13T15:45-07:00,107,0,0
2022-05-13T16:00-07:00,119,0,0
2022-05-13T16:15-07:00,114,0,0
2022-05-13T16:30-07:00,117,0,0
2022-05-13T16:45-07:00,126,0,0
2022-05-13T17:00-07:00,107,0,0
2022-05-13T17:15-07:00,105,0,0
2022-05-13T17:30-07:00,111,0,0
2022-05-13T17:45-07:00,119,0,0
2022-05-13T18:00-07:00,122,0,0
2022-05-13T18:15-07:00,101,0,0
2022-05-13T18:30-07:00,105,0,0
2022-05-13T18:45-07:00,109,0,0
2022-05-13T19:00-07:00,91,0,0
2022-05-13T19:15-07:00,92,0,0
2022-05-13T19:30-07:00,102,0,0
2022-05-13T19:45-07:00,112,0,0
2022-05-13T20:00-07:00,106,0,0
2022-05-13T20:15-07:00,116,0,0
2022-05-13T20:30-07:00,104,0,0
2022-05-13T20:45-07:00,107,0,0
2022-05-13T21:00-07:00,111,0,0
2022-05-13T21:15-07:00,118,0,0
2022-05-13T21:30-07:00,107,0,0
2022-05-13T21:45-07:00,104,0,0
2022-05-13T22:00-07:00,106,0,0
2022-05-13T22:15-07:00,97,0,0
2022-05-13T22:30-07:00,94,0,0
2022-05-13T22:45-07:00,110,0,0
2022-05-13T23:00-07:00,98,0,0
2022-05-13T23:15-07:00,108,0,0
2022-05-13T23:30-07:00,109,0,0
2022-05-13T23:45-07:00,102,0,0
2022-05-14T00:00-07:00,101,0,0
2022-05-14T00:15-07:00,110,0,0
2022-05-14T00:30-07:00,103,0,0
2022-05-14T00:45-07:00,101,0,0
2022-05-14T01:00-07:00,103,0,0
2022-05-14T01:15-07:00,92,0,0
2022-05-14T01:30-07:00,99,0,0
2022-05-14T01:45-07:00,97,0,0
2022-05-14T02:00-07:00,105,0,0
2022-05-14T02:15-07:00,106,0,0
2022-05-14T02:30-07:00,96,0,0
2022-05-14T02:45-07:00,114,0,0
2022-05-14T03:00-07:00,95,0,0
2022-05-14T03:15-07:00,92,0,0
2022-05-14T03:30-07:00,84,0,0
2022-05-14T03:45-07:00,90,0,0
2022-05-14T04:00-07:00,84,0,0
2022-05-14T04:15-07:00,93,0,0
2022-05-14T04:30-07:00,85,0,0
2022-05-14T04:45-07:00,76,0,0
2022-05-14T05:00-07:00,90,0,0
2022-05-14T05:15-07:00,82,0,0
2022-05-14T05:30-07:00,81,0,0
2022-05-14T05:45-07:00,81,0,0
2022-05-14T06:00-07:00,83,0,0
2022-05-14T06:15-07:00,83,0,0
2022-05-14T06:30-07:00,75,0,0
2022-05-14T06:45-07:00,76,0,0
2022-05-14T07:00-07:00,77,0,0
2022-05-14T07:15-07:00,79,0,0
2022-05-14T07:30-07:00,85,0,0
2022-05-14T07:45-07:00,82,0,0
2022-05-14T08:00-07:00,86,0,0
2022-05-14T08:15-07:00,93,0,0
2022-05-14T08:30-07:00,80,0,0
2022-05-14T08:45-07:00,95,0,0
2022-05-14T09:00-07:00,87,0,0
2022-05-14T09:15-07:00,81,0,0
2022-05-14T09:30-07:00,87,0,0
2022-05-14T09:45-07:00,99,0,0
2022-05-14T10:00-07:00,85,0,0
2022-05-14T10:15-07:00,91,0,0
2022-05-14T10:30-07:00,93,0,0
2022-05-14T10:45-07:00,95,0,0
2022-05-14T11:00-07:00,96,0,0
2022-05-14T11:15-07:00,107,0,0
2022-05-14T11:30-07:00,95,0,0
2022-05-14T11:45-07:00,98,0,0
2022-05-14T12:00-07:00,111,0,0
2022-05-14T12:15-07:00,101,0,0
2022-05-14T12:30-07:00,92,0,0
2022-05-14T12:45-07:00,111,0,0
2022-05-14T13:00-07:00,127,0,0
2022-05-14T13:15-07:00,127,0,0
2022-05-14T13:30-07:00,113,0,0
2022-05-14T13:45-07:00,114,0,0
2022-05-14T14:00-07:00,130,0,0
2022-05-14T14:15-07:00,124,0,0
2022-05-14T14:30-07:00,92,0,0
2022-05-14T14:45-07:00,113,0,0
2022-05-14T15:00-07:00,102,0,0
2022-05-14T15:15-07:00,98,0,0
2022-05-14T15:30-07:00,106,0,0
2022-05-14T15:45-07:00,110,0,0
2022-05-14T16:00-07:00,105,0,0
2022-05-14T16:15-07:00,117,0,0
2022-05-14T16:30-07:00,109,0,0
2022-05-14T16:45-07:00,124,0,0
2022-05-14T17:00-07:00,135,0,0
2022-05-14T17:15-07:00,125,0,0
2022-05-14T17:30-07:00,126,0,0
2022-05-14T17:45-07:00,160,0,0
2022-05-14T18:00-07:00,136,0,0
2022-05-14T18:15-07:00,113,0,0
2022-05-14T18:30-07:00,115,0,0
2022-05-14T18:45-07:00,118,0,0
2022-05-14T19:00-07:00,111,0,0
2022-05-14T19:15-07:00,110,0,0
2022-05-14T19:30-07:00,113,0,0
2022-05-14T19:45-07:00,128,0,0
2022-05-14T20:00-07:00,124,0,0
2022-05-14T20:15-07:00,120,0,0
2022-05-14T20:30-07:00,112,0,0
2022-05-14T20:45-07:00,130,0,0
2022-05-14T21:00-07:00,113,0,0
2022-05-14T21:15-07:00,110,0,0
2022-05-14T21:30-07:00,111,0,0
2022-05-14T21:45-07:00,105,0,0
2022-05-14T22:00-07:00,123,0,0
2022-05-14T22:15-07:00,119,0,0
2022-05-14T22:30-07:00,112,0,0
2022-05-14T22:45-07:00,102,0,0
2022-05-14T23:00-07:00,110,0,0
2022-05-14T23:15-07:00,114,0,0
2022-05-14T23:30-07:00,126,0,0
2022-05-14T23:45-07:00,112,0,0
2022-05-15T00:00-07:00,127,0,0
2022-05-15T00:15-07:00,134,0,0
2022-05-15T00:30-07:00,114,0,0
2022-05-15T00:45-07:00,113,0,0
2022-05-15T01:00-07:00,130,0,0
2022-05-15T01:15-07:00,111,0,0
2022-05-15T01:30-07:00,123,0,0
2022-05-15T01:45-07:00,114,0,0
2022-05-15T02:00-07:00,118,0,0
2022-05-15T02:15-07:00,108,0,0
2022-05-15T02:30-07:00,105,0,0
2022-05-15T02:45-07:00,97,0,0
2022-05-15T03:00-07:00,108,0,0
2022-05-15T03:15-07:00,106,0,0
2022-05-15T03:30-07:00,100,0,0
2022-05-15T03:45-07:00,98,0,0
2022-05-15T04:00-07:00,92,0,0
2022-05-15T04:15-07:00,82,0,0
2022-05-15T04:30-07:00,91,0,0
2022-05-15T04:45-07:00,92,0,0
2022-05-15T05:00-07:00,84,0,0
2022-05-15T05:15-07:00,80,0,0
2022-05-15T05:30-07:00,80,0,0
2022-05-15T05:45-07:00,77,0,0
2022-05-15T06:00-07:00,88,0,0
2022-05-15T06:15-07:00,87,0,0
2022-05-15T06:30-07:00,84,0,0
2022-05-15T06:45-07:00,84,0,0
2022-05-15T07:00-07:00,93,0,0
2022-05-15T07:15-07:00,86,0,0
2022-05-15T07:30-07:00,88,0,0
2022-05-15T07:45-07:00,85,0,0
2022-05-15T08:00-07:00,84,0,0
2022-05-15T08:15-07:00,92,0,0
2022-05-15T08:30-07:00,77,0,0
2022-05-15T08:45-07:00,76,0,0
2022-05-15T09:00-07:00,85,0,0
2022-05-15T09:15-07:00,82,0,0
2022-05-15T09:30-07:00,77,0,0
2022-05-15T09:45-07:00,90,0,0
2022-05-15T10:00-07:00,103,0,0
2022-05-15T10:15-07:00,92,0,0
2022-05-15T10:30-07:00,87,0,0
2022-05-15T10:45-07:00,89,0,0
2022-05-15T11:00-07:00,92,0,0
2022-05-15T11:15-07:00,75,0,0
2022-05-15T11:30-07:00,108,0,0
2022-05-15T11:45-07:00,107,0,0
2022-05-15T12:00-07:00,119,0,0
2022-05-15T12:15-07:00,99,0,0
2022-05-15T12:30-07:00,118,0,0
2022-05-15T12:45-07:00,103,0,0
2022-05-15T13:00-07:00,97,0,0
2022-05-15T13:15-07:00,107,0,0
2022-05-15T13:30-07:00,102,0,0
2022-05-15T13:45-07:00,124,0,0
2022-05-15T14:00-07:00,125,0,0
2022-05-15T14:15-07:00,133,0,0
2022-05-15T14:30-07:00,108,0,0
2022-05-15T14:45-07:00,108,0,0
2022-05-15T15:00-07:00,100,0,0
2022-05-15T15:15-07:00,121,0,0
2022-05-15T15:30-07:00,112,0,0
2022-05-15T15:45-07:00,106,0,0
2022-05-15T16:00-07:00,128,0,0
2022-05-15T16:15-07:00,114,0,0
2022-05-15T16:30-07:00,125,0,0
2022-05-15T16:45-07:00,144,0,0
2022-05-15T17:00-07:00,136,0,0
2022-05-15T17:15-07:00,143,0,0
2022-05-15T17:30-07:00,123,0,0
2022-05-15T17:45-07:00,127,0,0
2022-05-15T18:00-07:00,135,0,0
2022-05-15T18:15-07:00,146,0,0
2022-05-15T18:30-07:00,144,0,0
2022-05-15T18:45-07:00,105,0,0
2022-05-15T19:00-07:00,107,0,0
2022-05-15T19:15-07:00,97,0,0
2022-05-15T19:30-07:00,112,0,0
2022-05-15T19:45-07:00,97,0,0
2022-05-15T20:00-07:00,107,0,0
2022-05-15T20:15-07:00,111,0,0
2022-05-15T20:30-07:00,129,0,0
2022-05-15T20:45-07:00,122,0,0
2022-05-15T21:00-07:00,114,0,0
2022-05-15T21:15-07:00,123,0,0
2022-05-15T21:30-07:00,107,0,0
2022-05-15T21:45-07:00,111,0,0
2022-05-15T22:00-07:00,111,0,0
2022-05-15T22:15-07:00,130,0,0
2022-05-15T22:30-07:00,110,0,0
2022-05-15T22:45-07:00,104,0,0
2022-05-15T23:00-07:00,109,0,0
2022-05-15T23:15-07:00,115,0,0
2022-05-15T23:30-07:00,111,0,0
2022-05-15T23:45-07:00,115,0,0
2022-05-16T00:00-07:00,104,0,0
2022-05-16T00:15-07:00,107,0,0
2022-05-16T00:30-07:00,96,0,0
2022-05-16T00:45-07:00,101,0,0
2022-05-16T01:00-07:00,98,0,0
2022-05-16T01:15-07:00,118,0,0
2022-05-16T01:30-07:00,94,0,0
2022-05-16T01:45-07:00,93,0,0
2022-05-16T02:00-07:00,103,0,0
2022-05-16T02:15-07:00,93,0,0
2022-05-16T02:30-07:00,97,0,0
2022-05-16T02:45-07:00,97,0,0
2022-05-16T03:00-07:00,87,0,0
2022-05-16T03:15-07:00,102,0,0
2022-05-16T03:30-07:00,84,0,0
2022-05-16T03:45-07:00,80,0,0
2022-05-16T04:00-07:00,83,0,0
2022-05-16T04:15-07:00,79,0,0
2022-05-16T04:30-07:00,85,0,0
2022-05-16T04:45-07:00,84,0,0
2022-05-16T05:00-07:00,85,0,0
2022-05-16T05:15-07:00,95,0,0
2022-05-16T05:30-07:00,84,0,0
2022-05-16T05:45-07:00,80,0,0
2022-05-16T06:00-07:00,91,0,0
2022-05-16T06:15-07:00,77,0,0
2022-05-16T06:30-07:00,76,0,0
2022-05-16T06:45-07:00,78,0,0
2022-05-16T07:00-07:00,83,0,0
2022-05-16T07:15-07:00,85,0,0
2022-05-16T07:30-07:00,81,0,0
2022-05-16T07:45-07:00,79,0,0
2022-05-16T08:00-07:00,79,0,0
2022-05-16T08:15-07:00,75,0,0
2022-05-16T08:30-07:00,84,0,0
2022-05-16T08:45-07:00,82,0,0
2022-05-16T09:00-07:00,80,0,0
2022-05-16T09:15-07:00,80,0,0
2022-05-16T09:30-07:00,87,0,0
2022-05-16T09:45-07:00,89,0,0
2022-05-16T10:00-07:00,86,0,0
2022-05-16T10:15-07:00,68,0,0
2022-05-16T10:30-07:00,92,0,0
2022-05-16T10:45-07:00,93,0,0
2022-05-16T11:00-07:00,85,0,0
2022-05-16T11:15-07:00,83,0,0
2022-05-16T11:30-07:00,100,0,0
2022-05-16T11:45-07:00,98,0,0
2022-05-16T12:00-07:00,86,0,0
2022-05-16T12:15-07:00,113,0,0
2022-05-16T12:30-07:00,90,0,0
2022-05-16T12:45-07:00,104,0,0
2022-05-16T13:00-07:00,95,0,0
2022-05-16T13:15-07:00,101,0,0
2022-05-16T13:30-07:00,106,0,0
2022-05-16T13:45-07:00,100,0,0
2022-05-16T14:00-07:00,113,0,0
2022-05-16T14:15-07:00,102,0,0
2022-05-16T14:30-07:00,99,0,0
2022-05-16T14:45-07:00,108,0,0
2022-05-16T15:00-07:00,111,0,0
2022-05-16T15:15-07:00,121,0,0
2022-05-16T15:30-07:00,102,0,0
2022-05-16T15:45-07:00,117,0,0
2022-05-16T16:00-07:00,94,0,0
2022-05-16T16:15-07:00,93,0,0
2022-05-16T16:30-07:00,115,0,0
2022-05-16T16:45-07:00,100,0,0
2022-05-16T17:00-07:00,97,0,0
2022-05-16T17:15-07:00,114,0,0
2022-05-16T17:30-07:00,95,0,0
2022-05-16T17:45-07:00,104,0,0
2022-05-16T18:00-07:00,112,0,0
2022-05-16T18:15-07:00,96,0,0
2022-05-16T18:30-07:00,112,0,0
2022-05-16T18:45-07:00,102,0,0
2022-05-16T19:00-07:00,95,0,0
2022-05-16T19:15-07:00,98,0,0
2022-05-16T19:30-07:00,97,0,0
2022-05-16T19:45-07:00,89,0,0
2022-05-16T20:00-07:00,97,0,0
2022-05-16T20:15-07:00,105,0,0
2022-05-16T20:30-07:00,102,0,0
2022-05-16T20:45-07:00,104,0,0
2022-05-16T21:00-07:00,98,0,0
2022-05-16T21:15-07:00,104,0,0
2022-05-16T21:30-07:00,115,0,0
2022-05-16T21:45-07:00,108,0,0
2022-05-16T22:00-07:00,114,0,0
2022-05-16T22:15-07:00,114,0,0
2022-05-16T22:30-07:00,119,0,0
2022-05-16T22:45-07:00,110,0,0
2022-05-16T23:00-07:00,128,0,0
2022-05-16T23:15-07:00,121,0,0
2022-05-16T23:30-07:00,109,0,0
2022-05-16T23:45-07:00,113,0,0
2022-05-17T00:00-07:00,119,0,0
2022-05-17T00:15-07:00,107,0,0
2022-05-17T00:30-07:00,103,0,0
2022-05-17T00:45-07:00,107,0,0
2022-05-17T01:00-07:00,103,0,0
2022-05-17T01:15-07:00,118,0,0
2022-05-17T01:30-07:00,113,0,0
2022-05-17T01:45-07:00,111,0,0
2022-05-17T02:00-07:00,103,0,0
2022-05-17T02:15-07:00,102,0,0
2022-05-17T02:30-07:00,99,0,0
2022-05-17T02:45-07:00,95,0,0
2022-05-17T03:00-07:00,106,0,0
2022-05-17T03:15-07:00,93,0,0
2022-05-17T03:30-07:00,87,0,0
2022-05-17T03:45-07:00,85,0,0
2022-05-17T04:00-07:00,91,0,0
2022-05-17T04:15-07:00,89,0,0
2022-05-17T04:30-07:00,81,0,0
2022-05-17T04:45-07:00,80,0,0
2022-05-17T05:00-07:00,81,0,0
2022-05-17T05:15-07:00,82,0,0
2022-05-17T05:30-07:00,98,0,0
2022-05-17T05:45-07:00,78,0,0
2022-05-17T06:00-07:00,85,0,0
2022-05-17T06:15-07:00,79,0,0
2022-05-17T06:30-07:00,79,0,0
2022-05-17T06:45-07:00,81,0,0
2022-05-17T07:00-07:00,76,0,0
2022-05-17T07:15-07:00,76,0,0
2022-05-17T07:30-07:00,82,0,0
2022-05-17T07:45-07:00,78,0,0
2022-05-17T08:00-07:00,79,0,0
2022-05-17T08:15-07:00,75,0,0
2022-05-17T08:30-07:00,79,0,0
2022-05-17T08:45-07:00,84,0,0
2022-05-17T09:00-07:00,90,0,0
2022-05-17T09:15-07:00,86,0,0
2022-05-17T09:30-07:00,99,0,0
2022-05-17T09:45-07:00,111,0,0
2022-05-17T10:00-07:00,94,0,0
2022-05-17T10:15-07:00,95,0,0
2022-05-17T10:30-07:00,105,0,1
2022-05-17T10:45-07:00,96,0,0
2022-05-17T11:00-07:00,106,0,0
2022-05-17T11:15-07:00,96,0,0
2022-05-17T11:30-07:00,97,0,0
2022-05-17T11:45-07:00,105,0,0
2022-05-17T12:00-07:00,100,0,0
2022-05-17T12:15-07:00,102,0,0
2022-05-17T12:30-07:00,93,0,0
2022-05-17T12:45-07:00,95,0,0
2022-05-17T13:00-07:00,106,0,0
2022-05-17T13:15-07:00,111,0,0
2022-05-17T13:30-07:00,92,0,0
2022-05-17T13:45-07:00,110,0,0
2022-05-17T14:00-07:00,113,0,0
2022-05-17T14:15-07:00,117,0,0
2022-05-17T14:30-07:00,102,0,0
2022-05-17T14:45-07:00,109,0,0
2022-05-17T15:00-07:00,99,0,0
2022-05-17T15:15-07:00,104,0,0
2022-05-17T15:30-07:00,108,0,0
2022-05-17T15:45-07:00,98,0,0
2022-05-17T16:00-07:00,114,0,0
2022-05-17T16:15-07:00,99,0,0
2022-05-17T16:30-07:00,98,0,0
2022-05-17T16:45-07:00,98,0,0
2022-05-17T17:00-07:00,93,0,0
2022-05-17T17:15-07:00,94,0,0
2022-05-17T17:30-07:00,90,0,0
2022-05-17T17:45-07:00,101,0,0
2022-05-17T18:00-07:00,110,0,0
2022-05-17T18:15-07:00,99,0,0
2022-05-17T18:30-07:00,110,0,0
2022-05-17T18:45-07:00,101,0,0
2022-05-17T19:00-07:00,101,0,0
2022-05-17T19:15-07:00,96,0,0
2022-05-17T19:30-07:00,113,0,0
2022-05-17T19:45-07:00,109,0,0
2022-05-17T20:00-07:00,105,0,0
2022-05-17T20:15-07:00,109,0,0
2022-05-17T20:30-07:00,105,0,0
2022-05-17T20:45-07:00,103,0,0
2022-05-17T21:00-07:00,111,0,0
2022-05-17T21:15-07:00,110,0,0
2022-05-17T21:30-07:00,110,0,0
2022-05-17T21:45-07:00,109,0,0
2022-05-17T22:00-07:00,98,0,0
2022-05-17T22:15-07:00,110,0,0
2022-05-17T22:30-07:00,107,0,0
2022-05-17T22:45-07:00,120,0,0
2022-05-17T23:00-07:00,111,0,0
2022-05-17T23:15-07:00,106,0,0
2022-05-17T23:30-07:00,120,0,0
2022-05-17T23:45-07:00,106,0,0
2022-05-18T00:00-07:00,104,0,0
2022-05-18T00:15-07:00,109,0,0
2022-05-18T00:30-07:00,105,0,0
2022-05-18T00:45-07:00,111,0,0
2022-05-18T01:00-07:00,100,0,0
2022-05-18T01:15-07:00,102,0,0
2022-05-18T01:30-07:00,101,0,0
2022-05-18T01:45-07:00,99,0,0
2022-05-18T02:00-07:00,102,0,0
2022-05-18T02:15-07:00,109,0,0
2022-05-18T02:30-07:00,103,0,0
2022-05-18T02:45-07:00,99,0,0
2022-05-18T03:00-07:00,89,0,0
2022-05-18T03:15-07:00,92,0,0
2022-05-18T03:30-07:00,83,0,0
2022-05-18T03:45-07:00,89,0,0
2022-05-18T04:00-07:00,95,0,0
2022-05-18T04:15-07:00,90,0,0
2022-05-18T04:30-07:00,90,0,0
2022-05-18T04:45-07:00,79,0,0
2022-05-18T05:00-07:00,80,0,0
2022-05-18T05:15-07:00,81,0,0
2022-05-18T05:30-07:00,85,0,0
2022-05-18T05:45-07:00,77,0,0
2022-05-18T06:00-07:00,86,0,0
2022-05-18T06:15-07:00,89,0,0
2022-05-18T06:30-07:00,78,0,0
2022-05-18T06:45-07:00,69,0,0
2022-05-18T07:00-07:00,68,0,0
2022-05-18T07:15-07:00,78,0,0
2022-05-18T07:30-07:00,75,0,0
2022-05-18T07:45-07:00,81,0,0
2022-05-18T08:00-07:00,79,0,0
2022-05-18T08:15-07:00,79,0,0
2022-05-18T08:30-07:00,81,0,0
2022-05-18T08:45-07:00,85,0,0
2022-05-18T09:00-07:00,77,0,0
2022-05-18T09:15-07:00,89,0,0
2022-05-18T09:30-07:00,86,0,0
2022-05-18T09:45-07:00,91,0,0
2022-05-18T10:00-07:00,88,0,0
2022-05-18T10:15-07:00,93,0,0
2022-05-18T10:30-07:00,94,0,0
2022-05-18T10:45-07:00,95,0,0
2022-05-18T11:00-07:00,92,0,0
2022-05-18T11:15-07:00,91,0,0
2022-05-18T11:30-07:00,101,0,0
2022-05-18T11:45-07:00,100,0,0
2022-05-18T12:00-07:00,109,0,0
2022-05-18T12:15-07:00,99,0,0
2022-05-18T12:30-07:00,90,0,0
2022-05-18T12:45-07:00,97,0,0
2022-05-18T13:00-07:00,97,0,0
2022-05-18T13:15-07:00,92,0,0
2022-05-18T13:30-07:00,95,0,0
2022-05-18T13:45-07:00,100,0,0
2022-05-18T14:00-07:00,108,0,0
2022-05-18T14:15-07:00,98,0,0
2022-05-18T14:30-07:00,116,0,0
2022-05-18T14:45-07:00,103,0,0
2022-05-18T15:00-07:00,114,0,0
2022-05-18T15:15-07:00,113,0,0
2022-05-18T15:30-07:00,109,0,0
2022-05-18T15:45-07:00,118,0,0
2022-05-18T16:00-07:00,132,0,0
2022-05-18T16:15-07:00,115,0,0
2022-05-18T16:30-07:00,122,0,0
2022-05-18T16:45-07:00,127,0,0
2022-05-18T17:00-07:00,111,0,0
2022-05-18T17:15-07:00,110,0,0
2022-05-18T17:30-07:00,123,0,0
2022-05-18T17:45-07:00,107,0,0
2022-05-18T18:00-07:00,112,0,0
2022-05-18T18:15-07:00,108,0,0
2022-05-18T18:30-07:00,113,0,0
2022-05-18T18:45-07:00,106,0,0
2022-05-18T19:00-07:00,106,0,0
2022-05-18T19:15-07:00,116,0,0
2022-05-18T19:30-07:00,117,0,0
2022-05-18T19:45-07:00,107,0,0
2022-05-18T20:00-07:00,104,0,0
2022-05-18T20:15-07:00,106,0,0
2022-05-18T20:30-07:00,108,0,0
2022-05-18T20:45-07:00,109,0,0
2022-05-18T21:00-07:00,129,0,0
2022-05-18T21:15-07:00,114,0,0
2022-05-18T21:30-07:00,111,0,0
2022-05-18T21:45-07:00,135,0,0
2022-05-18T22:00-07:00,122,0,0
2022-05-18T22:15-07:00,115,0,0
2022-05-18T22:30-07:00,115,0,0
2022-05-18T22:45-07:00,108,0,0
2022-05-18T23:00-07:00,113,0,0
2022-05-18T23:15-07:00,113,0,0
2022-05-18T23:30-07:00,117,0,0
2022-05-18T23:45-07:00,118,0,0
2022-05-19T00:00-07:00,114,0,0
2022-05-19T00:15-07:00,118,0,0
2022-05-19T00:30-07:00,112,0,0
2022-05-19T00:45-07:00,113,0,0
2022-05-19T01:00-07:00,111,0,0
2022-05-19T01:15-07:00,109,0,0
2022-05-19T01:30-07:00,107,0,0
2022-05-19T01:45-07:00,93,0,0
2022-05-19T02:00-07:00,96,0,0
2022-05-19T02:15-07:00,95,0,0
2022-05-19T02:30-07:00,90,0,0
2022-05-19T02:45-07:00,101,0,0
2022-05-19T03:00-07:00,85,0,0
2022-05-19T03:15-07:00,87,0,0
2022-05-19T03:30-07:00,83,0,0
2022-05-19T03:45-07:00,92,0,0
2022-05-19T04:00-07:00,91,0,0
2022-05-19T04:15-07:00,77,0,0
2022-05-19T04:30-07:00,88,0,0
2022-05-19T04:45-07:00,85,0,0
2022-05-19T05:00-07:00,81,0,0
2022-05-19T05:15-07:00,80,0,0
2022-05-19T05:30-07:00,78,0,0
2022-05-19T05:45-07:00,77,0,0
2022-05-19T06:00-07:00,79,0,0
2022-05-19T06:15-07:00,76,0,0
2022-05-19T06:30-07:00,77,0,0
2022-05-19T06:45-07:00,81,0,0
2022-05-19T07:00-07:00,74,0,0
2022-05-19T07:15-07:00,85,0,0
2022-05-19T07:30-07:00,87,0,0
2022-05-19T07:45-07:00,79,0,0
2022-05-19T08:00-07:00,87,0,0
2022-05-19T08:15-07:00,90,0,0
2022-05-19T08:30-07:00,86,0,0
2022-05-19T08:45-07:00,84,0,0
2022-05-19T09:00-07:00,87,0,0
2022-05-19T09:15-07:00,94,0,0
2022-05-19T09:30-07:00,86,0,0
2022-05-19T09:45-07:00,86,0,0
2022-05-19T10:00-07:00,101,0,0
2022-05-19T10:15-07:00,104,0,0
2022-05-19T10:30-07:00,95,0,0
2022-05-19T10:45-07:00,99,0,0
2022-05-19T11:00-07:00,95,0,0
2022-05-19T11:15-07:00,95,0,0
2022-05-19T11:30-07:00,97,0,0
2022-05-19T11:45-07:00,81,0,0
2022-05-19T12:00-07:00,90,0,0
2022-05-19T12:15-07:00,97,0,0
2022-05-19T12:30-07:00,118,0,0
2022-05-19T12:45-07:00,103,0,0
2022-05-19T13:00-07:00,92,0,0
2022-05-19T13:15-07:00,104,0,0
2022-05-19T13:30-07:00,112,0,0
2022-05-19T13:45-07:00,116,0,0
2022-05-19T14:00-07:00,98,0,0
2022-05-19T14:15-07:00,100,0,0
2022-05-19T14:30-07:00,111,0,0
2022-05-19T14:45-07:00,102,0,0
2022-05-19T15:00-07:00,101,0,0
2022-05-19T15:15-07:00,94,0,0
2022-05-19T15:30-07:00,131,0,0
2022-05-19T15:45-07:00,104,0,0
2022-05-19T16:00-07:00,110,0,0
2022-05-19T16:15-07:00,114,0,0
2022-05-19T16:30-07:00,111,0,0
2022-05-19T16:45-07:00,117,0,0
2022-05-19T17:00-07:00,96,0,0
2022-05-19T17:15-07:00,111,0,0
2022-05-19T17:30-07:00,95,0,0
2022-05-19T17:45-07:00,117,0,0
2022-05-19T18:00-07:00,96,0,0
2022-05-19T18:15-07:00,99,0,0
2022-05-19T18:30-07:00,100,0,0
2022-05-19T18:45-07:00,99,0,0
2022-05-19T19:00-07:00,91,0,0
2022-05-19T19:15-07:00,88,0,0
2022-05-19T19:30-07:00,89,0,0
2022-05-19T19:45-07:00,90,0,0
2022-05-19T20:00-07:00,105,0,0
2022-05-19T20:15-07:00,93,0,0
2022-05-19T20:30-07:00,117,0,0
2022-05-19T20:45-07:00,115,0,0
2022-05-19T21:00-07:00,113,0,0
2022-05-19T21:15-07:00,119,0,0
2022-05-19T21:30-07:00,122,0,0
2022-05-19T21:45-07:00,117,0,0
2022-05-19T22:00-07:00,111,0,0
2022-05-19T22:15-07:00,110,0,0
2022-05-19T22:30-07:00,108,0,0
2022-05-19T22:45-07:00,106,0,0
2022-05-19T23:00-07:00,108,0,0
2022-05-19T23:15-07:00,106,0,0
2022-05-19T23:30-07:00,109,0,0
2022-05-19T23:45-07:00,118,0,0
2022-05-20T00:00-07:00,107,0,0
2022-05-20T00:15-07:00,106,0,0
2022-05-20T00:30-07:00,113,0,0
2022-05-20T00:45-07:00,114,0,0
2022-05-20T01:00-07:00,115,0,0
2022-05-20T01:15-07:00,105,0,0
2022-05-20T01:30-07:00,106,0,0
2022-05-20T01:45-07:00,93,0,0
2022-05-20T02:00-07:00,95,0,0
2022-05-20T02:15-07:00,103,0,0
2022-05-20T02:30-07:00,94,0,0
2022-05-20T02:45-07:00,100,0,0
2022-05-20T03:00-07:00,83,0,0
2022-05-20T03:15-07:00,84,0,0
2022-05-20T03:30-07:00,89,0,0
2022-05-20T03:45-07:00,85,0,0
2022-05-20T04:00-07:00,86,0,0
2022-05-20T04:15-07:00,79,0,0
2022-05-20T04:30-07:00,76,0,0
2022-05-20T04:45-07:00,82,0,0
2022-05-20T05:00-07:00,79,0,0
2022-05-20T05:15-07:00,78,0,0
2022-05-20T05:30-07:00,75,0,0
2022-05-20T05:45-07:00,81,0,0
2022-05-20T06:00-07:00,82,0,0
2022-05-20T06:15-07:00,77,0,0
2022-05-20T06:30-07:00,77,0,0
2022-05-20T06:45-07:00,78,0,0
2022-05-20T07:00-07:00,74,0,0
2022-05-20T07:15-07:00,87,0,0
2022-05-20T07:30-07:00,90,0,0
2022-05-20T07:45-07:00,76,0,0
2022-05-20T08:00-07:00,79,0,0
2022-05-20T08:15-07:00,91,0,0
2022-05-20T08:30-07:00,82,0,0
2022-05-20T08:45-07:00,81,0,0
2022-05-20T09:00-07:00,90,0,0
2022-05-20T09:15-07:00,108,0,0
2022-05-20T09:30-07:00,102,0,0
2022-05-20T09:45-07:00,100,0,0
2022-05-20T10:00-07:00,97,0,0
2022-05-20T10:15-07:00,94,0,0
2022-05-20T10:30-07:00,92,0,0
2022-05-20T10:45-07:00,96,0,0
2022-05-20T11:00-07:00,94,0,0
2022-05-20T11:15-07:00,83,0,0
2022-05-20T11:30-07:00,90,0,0
2022-05-20T11:45-07:00,92,0,0
2022-05-20T12:00-07:00,97,0,0
2022-05-20T12:15-07:00,86,0,0
2022-05-20T12:30-07:00,97,0,0
2022-05-20T12:45-07:00,105,0,0
2022-05-20T13:00-07:00,95,0,0
2022-05-20T13:15-07:00,96,0,0
2022-05-20T13:30-07:00,91,0,0
2022-05-20T13:45-07:00,89,0,0
2022-05-20T14:00-07:00,91,0,0
2022-05-20T14:15-07:00,93,0,0
2022-05-20T14:30-07:00,97,0,0
2022-05-20T14:45-07:00,98,0,0
2022-05-20T15:00-07:00,94,0,0
2022-05-20T15:15-07:00,101,0,0
2022-05-20T15:30-07:00,98,0,0
2022-05-20T15:45-07:00,82,0,0
2022-05-20T16:00-07:00,88,0,0
2022-05-20T16:15-07:00,89,0,0
2022-05-20T16:30-07:00,87,0,0
2022-05-20T16:45-07:00,84,0,0
2022-05-20T17:00-07:00,78,0,0
2022-05-20T17:15-07:00,85,0,0
2022-05-20T17:30-07:00,80,0,0
2022-05-20T17:45-07:00,85,0,0
2022-05-20T18:00-07:00,84,0,0
2022-05-20T18:15-07:00,80,0,0
2022-05-20T18:30-07:00,81,0,0
2022-05-20T18:45-07:00,81,0,0
2022-05-20T19:00-07:00,100,0,0
2022-05-20T19:15-07:00,88,0,0
2022-05-20T19:30-07:00,90,0,0
2022-05-20T19:45-07:00,96,0,0
2022-05-20T20:00-07:00,91,0,0
2022-05-20T20:15-07:00,91,0,0
2022-05-20T20:30-07:00,105,0,0
2022-05-20T20:45-07:00,100,0,0
2022-05-20T21:00-07:00,115,0,0
2022-05-20T21:15-07:00,101,0,0
2022-05-20T21:30-07:00,114,0,0
2022-05-20T21:45-07:00,114,0,0
2022-05-20T22:00-07:00,106,0,0
2022-05-20T22:15-07:00,107,0,0
2022-05-20T22:30-07:00,98,0,0
2022-05-20T22:45-07:00,97,0,0
2022-05-20T23:00-07:00,113,0,0
2022-05-20T23:15-07:00,106,0,0
2022-05-20T23:30-07:00,103,0,0
2022-05-20T23:45-07:00,108,0,0
2022-05-21T00:00-07:00,101,0,0
2022-05-21T00:15-07:00,110,0,0
2022-05-21T00:30-07:00,116,0,0
2022-05-21T00:45-07:00,104,0,0
2022-05-21T01:00-07:00,101,0,0
2022-05-21T01:15-07:00,103,0,0
2022-05-21T01:30-07:00,107,0,0
2022-05-21T01:45-07:00,95,0,0
2022-05-21T02:00-07:00,90,0,0
2022-05-21T02:15-07:00,89,0,0
2022-05-21T02:30-07:00,87,0,0
2022-05-21T02:45-07:00,90,0,0
2022-05-21T03:00-07:00,84,0,0
2022-05-21T03:15-07:00,76,0,0
2022-05-21T03:30-07:00,79,0,0
2022-05-21T03:45-07:00,73,0,0
2022-05-21T04:00-07:00,79,0,0
2022-05-21T04:15-07:00,82,0,0
2022-05-21T04:30-07:00,77,0,0
2022-05-21T04:45-07:00,86,0,0
2022-05-21T05:00-07:00,74,0,0
2022-05-21T05:15-07:00,79,0,0
2022-05-21T05:30-07:00,84,0,0
2022-05-21T05:45-07:00,84,0,0
2022-05-21T06:00-07:00,77,0,0
2022-05-21T06:15-07:00,76,0,0
2022-05-21T06:30-07:00,78,0,0
2022-05-21T06:45-07:00,73,0,0
2022-05-21T07:00-07:00,73,0,0
2022-05-21T07:15-07:00,77,0,0
2022-05-21T07:30-07:00,73,0,0
2022-05-21T07:45-07:00,73,0,0
2022-05-21T08:00-07:00,79,0,0
2022-05-21T08:15-07:00,78,0,0
2022-05-21T08:30-07:00,76,0,0
2022-05-21T08:45-07:00,77,0,0
2022-05-21T09:00-07:00,81,0,0
2022-05-21T09:15-07:00,70,0,0
2022-05-21T09:30-07:00,78,0,0
2022-05-21T09:45-07:00,80,0,0
2022-05-21T10:00-07:00,84,0,0
2022-05-21T10:15-07:00,79,0,0
2022-05-21T10:30-07:00,74,0,0
2022-05-21T10:45-07:00,76,0,0
2022-05-21T11:00-07:00,77,0,0
2022-05-21T11:15-07:00,84,0,0
2022-05-21T11:30-07:00,89,0,0
2022-05-21T11:45-07:00,104,0,0
2022-05-21T12:00-07:00,91,0,0
2022-05-21T12:15-07:00,85,0,0
2022-05-21T12:30-07:00,84,0,0
2022-05-21T12:45-07:00,87,0,0
2022-05-21T13:00-07:00,91,0,0
2022-05-21T13:15-07:00,94,0,0
2022-05-21T13:30-07:00,94,0,0
2022-05-21T13:45-07:00,89,0,0
2022-05-21T14:00-07:00,95,0,0
2022-05-21T14:15-07:00,91,0,0
2022-05-21T14:30-07:00,88,0,0
2022-05-21T14:45-07:00,90,0,0
2022-05-21T15:00-07:00,104,0,0
2022-05-21T15:15-07:00,102,0,0
2022-05-21T15:30-07:00,106,0,0
2022-05-21T15:45-07:00,100,0,0
2022-05-21T16:00-07:00,94,0,0
2022-05-21T16:15-07:00,97,0,0
2022-05-21T16:30-07:00,119,0,0
2022-05-21T16:45-07:00,101,0,0
2022-05-21T17:00-07:00,96,0,0
2022-05-21T17:15-07:00,95,0,0
2022-05-21T17:30-07:00,111,0,0
2022-05-21T17:45-07:00,121,0,0
2022-05-21T18:00-07:00,105,0,0
2022-05-21T18:15-07:00,99,0,0
2022-05-21T18:30-07:00,104,0,0
2022-05-21T18:45-07:00,102,0,0
2022-05-21T19:00-07:00,108,0,0
2022-05-21T19:15-07:00,90,0,0
2022-05-21T19:30-07:00,96,0,0
2022-05-21T19:45-07:00,101,0,0
2022-05-21T20:00-07:00,100,0,0
2022-05-21T20:15-07:00,106,0,0
2022-05-21T20:30-07:00,96,0,0
2022-05-21T20:45-07:00,102,0,0
2022-05-21T21:00-07:00,99,0,0
2022-05-21T21:15-07:00,124,0,0
2022-05-21T21:30-07:00,100,0,0
2022-05-21T21:45-07:00,100,0,0
2022-05-21T22:00-07:00,115,0,0
2022-05-21T22:15-07:00,101,0,0
2022-05-21T22:30-07:00,103,0,0
2022-05-21T22:45-07:00,106,0,0
2022-05-21T23:00-07:00,99,0,0
2022-05-21T23:15-07:00,104,0,0
2022-05-21T23:30-07:00,104,0,0
2022-05-21T23:45-07:00,104,0,0
2022-05-22T00:00-07:00,99,0,0
2022-05-22T00:15-07:00,99,0,0
2022-05-22T00:30-07:00,104,0,0
2022-05-22T00:45-07:00,98,0,0
2022-05-22T01:00-07:00,103,0,0
2022-05-22T01:15-07:00,94,0,0
2022-05-22T01:30-07:00,88,0,0
2022-05-22T01:45-07:00,86,0,0
2022-05-22T02:00-07:00,91,0,0
2022-05-22T02:15-07:00,83,0,0
2022-05-22T02:30-07:00,94,0,0
2022-05-22T02:45-07:00,91,0,0
2022-05-22T03:00-07:00,84,0,0
2022-05-22T03:15-07:00,82,0,0
2022-05-22T03:30-07:00,85,0,0
2022-05-22T03:45-07:00,78,0,0
2022-05-22T04:00-07:00,88,0,0
2022-05-22T04:15-07:00,87,0,0
2022-05-22T04:30-07:00,78,0,0
2022-05-22T04:45-07:00,80,0,0
2022-05-22T05:00-07:00,78,0,0
2022-05-22T05:15-07:00,78,0,0
2022-05-22T05:30-07:00,83,0,0
2022-05-22T05:45-07:00,77,0,0
2022-05-22T06:00-07:00,76,0,0
2022-05-22T06:15-07:00,77,0,0
2022-05-22T06:30-07:00,77,0,0
2022-05-22T06:45-07:00,73,0,0
2022-05-22T07:00-07:00,71,0,0
2022-05-22T07:15-07:00,77,0,0
2022-05-22T07:30-07:00,79,0,0
2022-05-22T07:45-07:00,79,0,0
2022-05-22T08:00-07:00,79,0,0
2022-05-22T08:15-07:00,81,0,0
2022-05-22T08:30-07:00,81,0,0
2022-05-22T08:45-07:00,78,0,0
2022-05-22T09:00-07:00,78,0,0
2022-05-22T09:15-07:00,76,0,0
2022-05-22T09:30-07:00,74,0,0
2022-05-22T09:45-07:00,76,0,0
2022-05-22T10:00-07:00,82,0,0
2022-05-22T10:15-07:00,88,0,0
2022-05-22T10:30-07:00,75,0,0
2022-05-22T10:45-07:00,92,0,0
2022-05-22T11:00-07:00,83,0,0
2022-05-22T11:15-07:00,80,0,0
2022-05-22T11:30-07:00,89,0,0
2022-05-22T11:45-07:00,96,0,0
2022-05-22T12:00-07:00,104,0,0
2022-05-22T12:15-07:00,93,0,0
2022-05-22T12:30-07:00,102,0,0
2022-05-22T12:45-07:00,103,0,0
2022-05-22T13:00-07:00,106,0,0
2022-05-22T13:15-07:00,110,0,0
2022-05-22T13:30-07:00,97,0,0
2022-05-22T13:45-07:00,103,0,0
2022-05-22T14:00-07:00,122,0,0
2022-05-22T14:15-07:00,113,0,0
2022-05-22T14:30-07:00,101,0,0
2022-05-22T14:45-07:00,98,0,0
2022-05-22T15:00-07:00,107,0,0
2022-05-22T15:15-07:00,105,0,0
2022-05-22T15:30-07:00,105,0,0
2022-05-22T15:45-07:00,104,0,0
2022-05-22T16:00-07:00,115,0,0
2022-05-22T16:15-07:00,111,0,0
2022-05-22T16:30-07:00,105,0,0
2022-05-22T16:45-07:00,101,0,0
2022-05-22T17:00-07:00,102,0,0
2022-05-22T17:15-07:00,100,0,0
2022-05-22T17:30-07:00,106,0,0
2022-05-22T17:45-07:00,104,0,0
2022-05-22T18:00-07:00,98,0,0
2022-05-22T18:15-07:00,115,0,0
2022-05-22T18:30-07:00,102,0,0
2022-05-22T18:45-07:00,115,0,0
2022-05-22T19:00-07:00,124,0,0
2022-05-22T19:15-07:00,106,0,0
2022-05-22T19:30-07:00,99,0,0
2022-05-22T19:45-07:00,113,0,0
2022-05-22T20:00-07:00,105,0,0
2022-05-22T20:15-07:00,98,0,0
2022-05-22T20:30-07:00,101,0,0
2022-05-22T20:45-07:00,111,0,0
2022-05-22T21:00-07:00,110,0,0
2022-05-22T21:15-07:00,107,0,0
2022-05-22T21:30-07:00,124,0,0
2022-05-22T21:45-07:00,111,0,0
2022-05-22T22:00-07:00,106,0,0
2022-05-22T22:15-07:00,112,0,0
2022-05-22T22:30-07:00,114,0,0
2022-05-22T22:45-07:00,112,0,0
2022-05-22T23:00-07:00,114,0,0
2022-05-22T23:15-07:00,113,0,0
2022-05-22T23:30-07:00,110,0,0
2022-05-22T23:45-07:00,107,0,0
2022-05-23T00:00-07:00,109,0,0
2022-05-23T00:15-07:00,104,0,0
2022-05-23T00:30-07:00,98,0,0
2022-05-23T00:45-07:00,98,0,0
2022-05-23T01:00-07:00,95,0,0
2022-05-23T01:15-07:00,96,0,0
2022-05-23T01:30-07:00,94,0,0
2022-05-23T01:45-07:00,104,0,0
2022-05-23T02:00-07:00,94,0,0
2022-05-23T02:15-07:00,86,0,0
2022-05-23T02:30-07:00,90,0,0
2022-05-23T02:45-07:00,86,0,0
2022-05-23T03:00-07:00,85,0,0
2022-05-23T03:15-07:00,79,0,0
2022-05-23T03:30-07:00,80,0,0
2022-05-23T03:45-07:00,77,0,0
2022-05-23T04:00-07:00,79,0,0
2022-05-23T04:15-07:00,76,0,0
2022-05-23T04:30-07:00,73,0,0
2022-05-23T04:45-07:00,73,0,0
2022-05-23T05:00-07:00,85,0,0
2022-05-23T05:15-07:00,88,0,0
2022-05-23T05:30-07:00,87,0,0
2022-05-23T05:45-07:00,87,0,0
2022-05-23T06:00-07:00,81,0,0
2022-05-23T06:15-07:00,81,0,0
2022-05-23T06:30-07:00,80,0,0
2022-05-23T06:45-07:00,83,0,0
2022-05-23T07:00-07:00,85,0,0
2022-05-23T07:15-07:00,84,0,0
2022-05-23T07:30-07:00,83,0,0
2022-05-23T07:45-07:00,85,0,0
2022-05-23T08:00-07:00,87,0,0
2022-05-23T08:15-07:00,84,0,0
2022-05-23T08:30-07:00,83,0,0
2022-05-23T08:45-07:00,81,0,0
2022-05-23T09:00-07:00,98,0,0
2022-05-23T09:15-07:00,92,0,0
2022-05-23T09:30-07:00,78,0,0
2022-05-23T09:45-07:00,91,0,0
2022-05-23T10:00-07:00,85,0,0
2022-05-23T10:15-07:00,96,0,0
2022-05-23T10:30-07:00,96,0,0
2022-05-23T10:45-07:00,106,0,0
2022-05-23T11:00-07:00,99,0,0
2022-05-23T11:15-07:00,103,0,0
2022-05-23T11:30-07:00,90,0,0
2022-05-23T11:45-07:00,97,0,0
2022-05-23T12:00-07:00,117,0,0
2022-05-23T12:15-07:00,103,0,0
2022-05-23T12:30-07:00,111,0,0
2022-05-23T12:45-07:00,104,0,0
2022-05-23T13:00-07:00,107,0,0
2022-05-23T13:15-07:00,116,0,0
2022-05-23T13:30-07:00,110,0,0
2022-05-23T13:45-07:00,116,0,0
2022-05-23T14:00-07:00,118,0,0
2022-05-23T14:15-07:00,126,0,0
2022-05-23T14:30-07:00,110,0,0
2022-05-23T14:45-07:00,98,0,0
2022-05-23T15:00-07:00,97,0,0
2022-05-23T15:15-07:00,96,0,0
2022-05-23T15:30-07:00,105,0,0
2022-05-23T15:45-07:00,117,0,0
2022-05-23T16:00-07:00,103,0,0
2022-05-23T16:15-07:00,103,0,0
2022-05-23T16:30-07:00,112,0,0
2022-05-23T16:45-07:00,94,0,0
2022-05-23T17:00-07:00,94,0,0
2022-05-23T17:15-07:00,103,0,0
2022-05-23T17:30-07:00,100,0,0
2022-05-23T17:45-07:00,105,0,0
2022-05-23T18:00-07:00,103,0,0
2022-05-23T18:15-07:00,109,0,0
2022-05-23T18:30-07:00,97,0,0
2022-05-23T18:45-07:00,93,0,0
2022-05-23T19:00-07:00,93,0,0
2022-05-23T19:15-07:00,97,0,0
2022-05-23T19:30-07:00,114,0,0
2022-05-23T19:45-07:00,96,0,0
2022-05-23T20:00-07:00,106,0,0
2022-05-23T20:15-07:00,102,0,0
2022-05-23T20:30-07:00,102,0,0
2022-05-23T20:45-07:00,106,0,0
2022-05-23T21:00-07:00,105,0,0
2022-05-23T21:15-07:00,113,0,0
2022-05-23T21:30-07:00,111,0,0
2022-05-23T21:45-07:00,109,0,0
2022-05-23T22:00-07:00,106,0,0
2022-05-23T22:15-07:00,104,0,0
2022-05-23T22:30-07:00,111,0,0
2022-05-23T22:45-07:00,103,0,0
2022-05-23T23:00-07:00,104,0,0
2022-05-23T23:15-07:00,102,0,0
2022-05-23T23:30-07:00,108,0,0
2022-05-23T23:45-07:00,102,0,0
2022-05-24T00:00-07:00,104,0,0
2022-05-24T00:15-07:00,99,0,0
2022-05-24T00:30-07:00,94,0,0
2022-05-24T00:45-07:00,101,0,0
2022-05-24T01:00-07:00,101,0,0
2022-05-24T01:15-07:00,112,0,0
2022-05-24T01:30-07:00,98,0,0
2022-05-24T01:45-07:00,98,0,0
2022-05-24T02:00-07:00,95,0,0
2022-05-24T02:15-07:00,88,0,0
2022-05-24T02:30-07:00,87,0,0
2022-05-24T02:45-07:00,82,0,0
2022-05-24T03:00-07:00,80,0,0
2022-05-24T03:15-07:00,83,0,0
2022-05-24T03:30-07:00,77,0,0
2022-05-24T03:45-07:00,74,0,0
2022-05-24T04:00-07:00,79,0,0
2022-05-24T04:15-07:00,85,0,0
2022-05-24T04:30-07:00,78,0,0
2022-05-24T04:45-07:00,72,0,0
2022-05-24T05:00-07:00,71,0,0
2022-05-24T05:15-07:00,69,0,0
2022-05-24T05:30-07:00,78,0,0
2022-05-24T05:45-07:00,78,0,0
2022-05-24T06:00-07:00,81,0,0
2022-05-24T06:15-07:00,68,0,0
2022-05-24T06:30-07:00,71,0,0
2022-05-24T06:45-07:00,71,0,0
2022-05-24T07:00-07:00,69,0,0
2022-05-24T07:15-07:00,74,0,0
2022-05-24T07:30-07:00,77,0,0
2022-05-24T07:45-07:00,79,0,0
2022-05-24T08:00-07:00,77,0,0
2022-05-24T08:15-07:00,76,0,0
2022-05-24T08:30-07:00,76,0,0
2022-05-24T08:45-07:00,79,0,0
2022-05-24T09:00-07:00,80,0,0
2022-05-24T09:15-07:00,79,0,0
2022-05-24T09:30-07:00,79,0,0
2022-05-24T09:45-07:00,90,0,0
2022-05-24T10:00-07:00,80,0,0
2022-05-24T10:15-07:00,86,0,0
2022-05-24T10:30-07:00,93,0,0
2022-05-24T10:45-07:00,80,0,0
2022-05-24T11:00-07:00,88,0,0
2022-05-24T11:15-07:00,96,0,0
2022-05-24T11:30-07:00,87,0,0
2022-05-24T11:45-07:00,87,0,0
2022-05-24T12:00-07:00,98,0,0
2022-05-24T12:15-07:00,91,0,0
2022-05-24T12:30-07:00,91,0,0
2022-05-24T12:45-07:00,111,0,0
2022-05-24T13:00-07:00,90,0,0
2022-05-24T13:15-07:00,87,0,0
2022-05-24T13:30-07:00,104,0,0
2022-05-24T13:45-07:00,93,0,0
2022-05-24T14:00-07:00,93,0,0
2022-05-24T14:15-07:00,116,0,0
2022-05-24T14:30-07:00,108,0,0
2022-05-24T14:45-07:00,102,0,0
2022-05-24T15:00-07:00,92,0,0
2022-05-24T15:15-07:00,99,0,0
2022-05-24T15:30-07:00,107,0,0
2022-05-24T15:45-07:00,100,0,0
2022-05-24T16:00-07:00,109,0,0
2022-05-24T16:15-07:00,125,0,0
2022-05-24T16:30-07:00,149,0,0
2022-05-24T16:45-07:00,117,0,0
2022-05-24T17:00-07:00,107,0,0
2022-05-24T17:15-07:00,124,0,0
2022-05-24T17:30-07:00,139,0,0
2022-05-24T17:45-07:00,116,0,0
2022-05-24T18:00-07:00,114,0,0
2022-05-24T18:15-07:00,117,0,0
2022-05-24T18:30-07:00,116,0,0
2022-05-24T18:45-07:00,96,0,0
2022-05-24T19:00-07:00,106,0,0
2022-05-24T19:15-07:00,94,0,0
2022-05-24T19:30-07:00,117,0,0
2022-05-24T19:45-07:00,121,0,0
2022-05-24T20:00-07:00,133,0,0
2022-05-24T20:15-07:00,112,0,0
2022-05-24T20:30-07:00,117,0,0
2022-05-24T20:45-07:00,114,0,0
2022-05-24T21:00-07:00,113,0,0
2022-05-24T21:15-07:00,115,0,0
2022-05-24T21:30-07:00,122,0,0
2022-05-24T21:45-07:00,120,0,0
2022-05-24T22:00-07:00,123,0,0
2022-05-24T22:15-07:00,115,0,0
2022-05-24T22:30-07:00,125,0,0
2022-05-24T22:45-07:00,139,0,0
2022-05-24T23:00-07:00,137,0,0
2022-05-24T23:15-07:00,120,0,0
2022-05-24T23:30-07:00,123,0,0
2022-05-24T23:45-07:00,124,0,0
2022-05-25T00:00-07:00,114,0,0
2022-05-25T00:15-07:00,122,0,0
2022-05-25T00:30-07:00,125,0,0
2022-05-25T00:45-07:00,109,0,0
2022-05-25T01:00-07:00,105,0,0
2022-05-25T01:15-07:00,111,0,0
2022-05-25T01:30-07:00,108,0,0
2022-05-25T01:45-07:00,109,0,0
2022-05-25T02:00-07:00,100,0,0
2022-05-25T02:15-07:00,98,0,0
2022-05-25T02:30-07:00,99,0,0
2022-05-25T02:45-07:00,98,0,0
2022-05-25T03:00-07:00,93,0,0
2022-05-25T03:15-07:00,94,0,0
2022-05-25T03:30-07:00,90,0,0
2022-05-25T03:45-07:00,87,0,0
2022-05-25T04:00-07:00,91,0,0
2022-05-25T04:15-07:00,89,0,0
2022-05-25T04:30-07:00,88,0,0
2022-05-25T04:45-07:00,90,0,0
2022-05-25T05:00-07:00,83,0,0
2022-05-25T05:15-07:00,81,0,0
2022-05-25T05:30-07:00,80,0,0
2022-05-25T05:45-07:00,83,0,0
2022-05-25T06:00-07:00,84,0,0
2022-05-25T06:15-07:00,80,0,0
2022-05-25T06:30-07:00,80,0,0
2022-05-25T06:45-07:00,81,0,0
2022-05-25T07:00-07:00,77,0,0
2022-05-25T07:15-07:00,84,0,0
2022-05-25T07:30-07:00,78,0,0
2022-05-25T07:45-07:00,80,0,0
2022-05-25T08:00-07:00,86,0,0
2022-05-25T08:15-07:00,84,0,0
2022-05-25T08:30-07:00,86,0,0
2022-05-25T08:45-07:00,72,0,0
2022-05-25T09:00-07:00,89,0,0
2022-05-25T09:15-07:00,100,0,0
2022-05-25T09:30-07:00,96,0,0
2022-05-25T09:45-07:00,95,0,0
2022-05-25T10:00-07:00,96,0,0
2022-05-25T10:15-07:00,84,0,0
2022-05-25T10:30-07:00,84,0,0
2022-05-25T10:45-07:00,87,0,0
2022-05-25T11:00-07:00,93,0,0
2022-05-25T11:15-07:00,98,0,0
2022-05-25T11:30-07:00,111,0,0
2022-05-25T11:45-07:00,107,0,0
2022-05-25T12:00-07:00,94,0,0
2022-05-25T12:15-07:00,111,0,0
2022-05-25T12:30-07:00,100,0,0
2022-05-25T12:45-07:00,97,0,0
2022-05-25T13:00-07:00,100,0,0
2022-05-25T13:15-07:00,103,0,0
2022-05-25T13:30-07:00,101,0,0
2022-05-25T13:45-07:00,96,0,0
2022-05-25T14:00-07:00,110,0,0
2022-05-25T14:15-07:00,112,0,0
2022-05-25T14:30-07:00,115,0,0
2022-05-25T14:45-07:00,129,0,0
2022-05-25T15:00-07:00,132,0,0
2022-05-25T15:15-07:00,126,0,0
2022-05-25T15:30-07:00,115,0,0
2022-05-25T15:45-07:00,112,0,0
2022-05-25T16:00-07:00,124,0,0
2022-05-25T16:15-07:00,120,0,0
2022-05-25T16:30-07:00,116,0,0
2022-05-25T16:45-07:00,124,0,0
2022-05-25T17:00-07:00,118,0,0
2022-05-25T17:15-07:00,119,0,0
2022-05-25T17:30-07:00,141,0,0
2022-05-25T17:45-07:00,110,0,0
2022-05-25T18:00-07:00,115,0,0
2022-05-25T18:15-07:00,121,0,0
2022-05-25T18:30-07:00,120,0,0
2022-05-25T18:45-07:00,115,0,0
2022-05-25T19:00-07:00,119,0,0
2022-05-25T19:15-07:00,113,0,0
2022-05-25T19:30-07:00,113,0,0
2022-05-25T19:45-07:00,110,0,0
2022-05-25T20:00-07:00,118,0,0
2022-05-25T20:15-07:00,114,0,0
2022-05-25T20:30-07:00,119,0,0
2022-05-25T20:45-07:00,123,0,0
2022-05-25T21:00-07:00,114,0,0
2022-05-25T21:15-07:00,117,0,0
2022-05-25T21:30-07:00,115,0,0
2022-05-25T21:45-07:00,122,0,0
2022-05-25T22:00-07:00,124,0,0
2022-05-25T22:15-07:00,126,0,0
2022-05-25T22:30-07:00,118,0,0
2022-05-25T22:45-07:00,131,0,0
2022-05-25T23:00-07:00,121,0,0
2022-05-25T23:15-07:00,120,0,0
2022-05-25T23:30-07:00,128,0,0
2022-05-25T23:45-07:00,123,0,0
2022-05-26T00:00-07:00,116,0,0
2022-05-26T00:15-07:00,113,0,0
2022-05-26T00:30-07:00,117,0,0
2022-05-26T00:45-07:00,106,0,0
2022-05-26T01:00-07:00,112,0,0
2022-05-26T01:15-07:00,108,0,0
2022-05-26T01:30-07:00,104,0,0
2022-05-26T01:45-07:00,108,0,0
2022-05-26T02:00-07:00,116,0,0
2022-05-26T02:15-07:00,102,0,0
2022-05-26T02:30-07:00,103,0,0
2022-05-26T02:45-07:00,99,0,0
2022-05-26T03:00-07:00,94,0,0
2022-05-26T03:15-07:00,92,0,0
2022-05-26T03:30-07:00,93,0,0
2022-05-26T03:45-07:00,97,0,0
2022-05-26T04:00-07:00,94,0,0
2022-05-26T04:15-07:00,94,0,0
2022-05-26T04:30-07:00,90,0,0
2022-05-26T04:45-07:00,88,0,0
2022-05-26T05:00-07:00,91,0,0
2022-05-26T05:15-07:00,85,0,0
2022-05-26T05:30-07:00,87,0,0
2022-05-26T05:45-07:00,77,0,0
2022-05-26T06:00-07:00,86,0,0
2022-05-26T06:15-07:00,75,0,0
2022-05-26T06:30-07:00,74,0,0
2022-05-26T06:45-07:00,82,0,0
2022-05-26T07:00-07:00,78,0,0
2022-05-26T07:15-07:00,80,0,0
2022-05-26T07:30-07:00,84,0,0
2022-05-26T07:45-07:00,86,0,0
2022-05-26T08:00-07:00,79,0,0
2022-05-26T08:15-07:00,79,0,0
2022-05-26T08:30-07:00,86,0,0
2022-05-26T08:45-07:00,86,0,0
2022-05-26T09:00-07:00,89,0,0
2022-05-26T09:15-07:00,95,0,0
2022-05-26T09:30-07:00,108,0,0
2022-05-26T09:45-07:00,95,0,0
2022-05-26T10:00-07:00,94,0,0
2022-05-26T10:15-07:00,100,0,0
2022-05-26T10:30-07:00,92,0,0
2022-05-26T10:45-07:00,90,0,0
2022-05-26T11:00-07:00,102,0,0
2022-05-26T11:15-07:00,110,0,0
2022-05-26T11:30-07:00,108,0,0
2022-05-26T11:45-07:00,112,0,0
2022-05-26T12:00-07:00,113,0,0
2022-05-26T12:15-07:00,101,0,0
2022-05-26T12:30-07:00,115,0,0
2022-05-26T12:45-07:00,110,0,0
2022-05-26T13:00-07:00,115,0,0
2022-05-26T13:15-07:00,128,0,0
2022-05-26T13:30-07:00,108,0,0
2022-05-26T13:45-07:00,118,0,0
2022-05-26T14:00-07:00,116,0,0
2022-05-26T14:15-07:00,120,0,0
2022-05-26T14:30-07:00,117,0,0
2022-05-26T14:45-07:00,112,0,0
2022-05-26T15:00-07:00,105,0,0
2022-05-26T15:15-07:00,111,0,0
2022-05-26T15:30-07:00,113,0,0
2022-05-26T15:45-07:00,115,0,0
2022-05-26T16:00-07:00,100,0,0
2022-05-26T16:15-07:00,99,0,0
2022-05-26T16:30-07:00,113,0,0
2022-05-26T16:45-07:00,104,0,0
2022-05-26T17:00-07:00,115,0,0
2022-05-26T17:15-07:00,119,0,0
2022-05-26T17:30-07:00,116,0,0
2022-05-26T17:45-07:00,139,0,0
2022-05-26T18:00-07:00,123,0,0
2022-05-26T18:15-07:00,127,0,0
2022-05-26T18:30-07:00,112,0,0
2022-05-26T18:45-07:00,117,0,0
2022-05-26T19:00-07:00,106,0,0
2022-05-26T19:15-07:00,110,0,0
2022-05-26T19:30-07:00,113,0,0
2022-05-26T19:45-07:00,132,0,0
2022-05-26T20:00-07:00,134,0,0
2022-05-26T20:15-07:00,120,0,0
2022-05-26T20:30-07:00,126,0,0
2022-05-26T20:45-07:00,122,0,0
2022-05-26T21:00-07:00,125,0,0
2022-05-26T21:15-07:00,118,0,0
2022-05-26T21:30-07:00,124,0,0
2022-05-26T21:45-07:00,120,0,0
2022-05-26T22:00-07:00,120,0,0
2022-05-26T22:15-07:00,124,0,0
2022-05-26T22:30-07:00,113,0,0
2022-05-26T22:45-07:00,127,0,0
2022-05-26T23:00-07:00,115,0,0
2022-05-26T23:15-07:00,118,0,0
2022-05-26T23:30-07:00,115,0,0
2022-05-26T23:45-07:00,119,0,0
2022-05-27T00:00-07:00,123,0,0
2022-05-27T00:15-07:00,124,0,0
2022-05-27T00:30-07:00,122,0,0
2022-05-27T00:45-07:00,126,0,0
2022-05-27T01:00-07:00,117,0,0
2022-05-27T01:15-07:00,114,0,0
2022-05-27T01:30-07:00,120,0,0
2022-05-27T01:45-07:00,105,0,0
2022-05-27T02:00-07:00,102,0,0
2022-05-27T02:15-07:00,105,0,0
2022-05-27T02:30-07:00,125,0,0
2022-05-27T02:45-07:00,105,0,0
2022-05-27T03:00-07:00,97,0,0
2022-05-27T03:15-07:00,102,0,0
2022-05-27T03:30-07:00,92,0,0
2022-05-27T03:45-07:00,86,0,0
2022-05-27T04:00-07:00,89,0,0
2022-05-27T04:15-07:00,100,0,0
2022-05-27T04:30-07:00,85,0,0
2022-05-27T04:45-07:00,94,0,0
2022-05-27T05:00-07:00,82,0,0
2022-05-27T05:15-07:00,86,0,0
2022-05-27T05:30-07:00,84,0,0
2022-05-27T05:45-07:00,90,0,0
2022-05-27T06:00-07:00,85,0,0
2022-05-27T06:15-07:00,89,0,0
2022-05-27T06:30-07:00,82,0,0
2022-05-27T06:45-07:00,80,0,0
2022-05-27T07:00-07:00,83,0,0
2022-05-27T07:15-07:00,80,0,0
2022-05-27T07:30-07:00,86,0,0
2022-05-27T07:45-07:00,79,0,0
2022-05-27T08:00-07:00,79,0,0
2022-05-27T08:15-07:00,82,0,0
2022-05-27T08:30-07:00,76,0,0
2022-05-27T08:45-07:00,87,0,0
2022-05-27T09:00-07:00,92,0,0
2022-05-27T09:15-07:00,100,0,0
2022-05-27T09:30-07:00,92,0,0
2022-05-27T09:45-07:00,112,0,0
2022-05-27T10:00-07:00,109,0,0
2022-05-27T10:15-07:00,98,0,0
2022-05-27T10:30-07:00,106,0,0
2022-05-27T10:45-07:00,100,0,0
2022-05-27T11:00-07:00,106,0,0
2022-05-27T11:15-07:00,103,0,0
2022-05-27T11:30-07:00,102,0,0
2022-05-27T11:45-07:00,105,0,0
2022-05-27T12:00-07:00,106,0,0
2022-05-27T12:15-07:00,110,0,0
2022-05-27T12:30-07:00,112,0,0
2022-05-27T12:45-07:00,111,0,0
2022-05-27T13:00-07:00,113,0,0
2022-05-27T13:15-07:00,126,0,0
2022-05-27T13:30-07:00,116,0,0
2022-05-27T13:45-07:00,129,0,0
2022-05-27T14:00-07:00,119,0,0
2022-05-27T14:15-07:00,109,0,0
2022-05-27T14:30-07:00,116,0,0
2022-05-27T14:45-07:00,119,0,0
2022-05-27T15:00-07:00,109,0,0
2022-05-27T15:15-07:00,114,0,0
2022-05-27T15:30-07:00,110,0,0
2022-05-27T15:45-07:00,111,0,0
2022-05-27T16:00-07:00,101,0,0
2022-05-27T16:15-07:00,102,0,0
2022-05-27T16:30-07:00,105,0,0
2022-05-27T16:45-07:00,115,0,0
2022-05-27T17:00-07:00,111,0,0
2022-05-27T17:15-07:00,103,0,0
2022-05-27T17:30-07:00,113,0,0
2022-05-27T17:45-07:00,131,0,0
2022-05-27T18:00-07:00,116,0,0
2022-05-27T18:15-07:00,112,0,0
2022-05-27T18:30-07:00,107,0,0
2022-05-27T18:45-07:00,119,0,0
2022-05-27T19:00-07:00,123,0,0
2022-05-27T19:15-07:00,123,0,0
2022-05-27T19:30-07:00,119,0,0
2022-05-27T19:45-07:00,107,0,0
2022-05-27T20:00-07:00,119,0,0
2022-05-27T20:15-07:00,100,0,0
2022-05-27T20:30-07:00,102,0,0
2022-05-27T20:45-07:00,102,0,0
2022-05-27T21:00-07:00,109,0,0
2022-05-27T21:15-07:00,122,0,0
2022-05-27T21:30-07:00,113,0,0
2022-05-27T21:45-07:00,115,0,0
2022-05-27T22:00-07:00,112,0,0
2022-05-27T22:15-07:00,114,0,0
2022-05-27T22:30-07:00,115,0,0
2022-05-27T22:45-07:00,119,0,0
2022-05-27T23:00-07:00,111,0,0
2022-05-27T23:15-07:00,119,0,0
2022-05-27T23:30-07:00,118,0,0
2022-05-27T23:45-07:00,119,0,0
2022-05-28T00:00-07:00,116,0,0
2022-05-28T00:15-07:00,123,0,0
2022-05-28T00:30-07:00,122,0,0
2022-05-28T00:45-07:00,108,0,0
2022-05-28T01:00-07:00,120,0,0
2022-05-28T01:15-07:00,113,0,0
2022-05-28T01:30-07:00,109,0,0
2022-05-28T01:45-07:00,120,0,0
2022-05-28T02:00-07:00,132,0,0
2022-05-28T02:15-07:00,109,0,0
2022-05-28T02:30-07:00,101,0,0
2022-05-28T02:45-07:00,103,0,0
2022-05-28T03:00-07:00,99,0,0
2022-05-28T03:15-07:00,101,0,0
2022-05-28T03:30-07:00,103,0,0
2022-05-28T03:45-07:00,99,0,0
2022-05-28T04:00-07:00,87,0,0
2022-05-28T04:15-07:00,86,0,0
2022-05-28T04:30-07:00,88,0,0
2022-05-28T04:45-07:00,88,0,0
2022-05-28T05:00-07:00,89,0,0
2022-05-28T05:15-07:00,91,0,0
2022-05-28T05:30-07:00,101,0,0
2022-05-28T05:45-07:00,85,0,0
2022-05-28T06:00-07:00,87,0,0
2022-05-28T06:15-07:00,88,0,0
2022-05-28T06:30-07:00,90,0,0
2022-05-28T06:45-07:00,81,0,0
2022-05-28T07:00-07:00,81,0,0
2022-05-28T07:15-07:00,94,0,0
2022-05-28T07:30-07:00,80,0,0
2022-05-28T07:45-07:00,76,0,0
2022-05-28T08:00-07:00,80,0,0
2022-05-28T08:15-07:00,77,0,0
2022-05-28T08:30-07:00,81,0,0
2022-05-28T08:45-07:00,81,0,0
2022-05-28T09:00-07:00,81,0,0
2022-05-28T09:15-07:00,76,0,0
2022-05-28T09:30-07:00,79,0,0
2022-05-28T09:45-07:00,83,0,0
2022-05-28T10:00-07:00,88,0,0
2022-05-28T10:15-07:00,88,0,0
2022-05-28T10:30-07:00,84,0,0
2022-05-28T10:45-07:00,86,0,0
2022-05-28T11:00-07:00,87,0,0
2022-05-28T11:15-07:00,88,0,0
2022-05-28T11:30-07:00,96,0,0
2022-05-28T11:45-07:00,99,0,0
2022-05-28T12:00-07:00,96,0,0
2022-05-28T12:15-07:00,101,0,0
2022-05-28T12:30-07:00,108,0,0
2022-05-28T12:45-07:00,102,0,0
2022-05-28T13:00-07:00,101,0,0
2022-05-28T13:15-07:00,120,0,0
2022-05-28T13:30-07:00,97,0,0
2022-05-28T13:45-07:00,105,0,0
2022-05-28T14:00-07:00,123,0,0
2022-05-28T14:15-07:00,106,0,0
2022-05-28T14:30-07:00,129,0,0
2022-05-28T14:45-07:00,108,0,0
2022-05-28T15:00-07:00,104,0,0
2022-05-28T15:15-07:00,108,0,0
2022-05-28T15:30-07:00,100,0,0
2022-05-28T15:45-07:00,101,0,0
2022-05-28T16:00-07:00,117,0,0
2022-05-28T16:15-07:00,95,0,0
2022-05-28T16:30-07:00,111,0,0
2022-05-28T16:45-07:00,103,0,0
2022-05-28T17:00-07:00,105,0,0
2022-05-28T17:15-07:00,102,0,0
2022-05-28T17:30-07:00,103,0,0
2022-05-28T17:45-07:00,116,0,0
2022-05-28T18:00-07:00,101,0,0
2022-05-28T18:15-07:00,96,0,0
2022-05-28T18:30-07:00,101,0,0
2022-05-28T18:45-07:00,98,0,0
2022-05-28T19:00-07:00,107,0,0
2022-05-28T19:15-07:00,105,0,0
2022-05-28T19:30-07:00,106,0,0
2022-05-28T19:45-07:00,99,0,0
2022-05-28T20:00-07:00,104,0,0
2022-05-28T20:15-07:00,112,0,0
2022-05-28T20:30-07:00,103,0,0
2022-05-28T20:45-07:00,115,0,0
2022-05-28T21:00-07:00,106,0,0
2022-05-28T21:15-07:00,99,0,0
2022-05-28T21:30-07:00,112,0,0
2022-05-28T21:45-07:00,107,0,0
2022-05-28T22:00-07:00,101,0,0
2022-05-28T22:15-07:00,118,0,0
2022-05-28T22:30-07:00,112,0,0
2022-05-28T22:45-07:00,111,0,0
2022-05-28T23:00-07:00,113,0,0
2022-05-28T23:15-07:00,106,0,0
2022-05-28T23:30-07:00,112,0,0
2022-05-28T23:45-07:00,113,0,0
2022-05-29T00:00-07:00,122,0,0
2022-05-29T00:15-07:00,124,0,0
2022-05-29T00:30-07:00,119,0,0
2022-05-29T00:45-07:00,113,0,0
2022-05-29T01:00-07:00,99,0,0
2022-05-29T01:15-07:00,103,0,0
2022-05-29T01:30-07:00,106,0,0
2022-05-29T01:45-07:00,104,0,0
2022-05-29T02:00-07:00,108,0,0
2022-05-29T02:15-07:00,103,0,0
2022-05-29T02:30-07:00,96,0,0
2022-05-29T02:45-07:00,88,0,0
2022-05-29T03:00-07:00,97,0,0
2022-05-29T03:15-07:00,88,0,0
2022-05-29T03:30-07:00,84,0,0
2022-05-29T03:45-07:00,82,0,0
2022-05-29T04:00-07:00,95,0,0
2022-05-29T04:15-07:00,81,0,0
2022-05-29T04:30-07:00,84,0,0
2022-05-29T04:45-07:00,82,0,0
2022-05-29T05:00-07:00,81,0,0
2022-05-29T05:15-07:00,80,0,0
2022-05-29T05:30-07:00,79,0,0
2022-05-29T05:45-07:00,80,0,0
2022-05-29T06:00-07:00,79,0,0
2022-05-29T06:15-07:00,79,0,0
2022-05-29T06:30-07:00,80,0,0
2022-05-29T06:45-07:00,81,0,0
2022-05-29T07:00-07:00,76,0,0
2022-05-29T07:15-07:00,72,0,0
2022-05-29T07:30-07:00,77,0,0
2022-05-29T07:45-07:00,81,0,0
2022-05-29T08:00-07:00,77,0,0
2022-05-29T08:15-07:00,81,0,0
2022-05-29T08:30-07:00,82,0,0
2022-05-29T08:45-07:00,82,0,0
2022-05-29T09:00-07:00,78,0,0
2022-05-29T09:15-07:00,83,0,0
2022-05-29T09:30-07:00,82,0,0
2022-05-29T09:45-07:00,92,0,0
2022-05-29T10:00-07:00,75,0,0
2022-05-29T10:15-07:00,80,0,0
2022-05-29T10:30-07:00,89,0,0
2022-05-29T10:45-07:00,83,0,0
2022-05-29T11:00-07:00,84,0,0
2022-05-29T11:15-07:00,84,0,0
2022-05-29T11:30-07:00,94,0,0
2022-05-29T11:45-07:00,91,0,0
2022-05-29T12:00-07:00,94,0,0
2022-05-29T12:15-07:00,93,0,0
2022-05-29T12:30-07:00,94,0,0
2022-05-29T12:45-07:00,86,0,0
2022-05-29T13:00-07:00,95,0,0
2022-05-29T13:15-07:00,96,0,0
2022-05-29T13:30-07:00,94,0,0
2022-05-29T13:45-07:00,125,0,0
2022-05-29T14:00-07:00,115,0,0
2022-05-29T14:15-07:00,100,0,0
2022-05-29T14:30-07:00,118,0,0
2022-05-29T14:45-07:00,120,0,0
2022-05-29T15:00-07:00,121,0,0
2022-05-29T15:15-07:00,136,0,0
2022-05-29T15:30-07:00,102,0,0
2022-05-29T15:45-07:00,108,0,0
2022-05-29T16:00-07:00,112,0,0
2022-05-29T16:15-07:00,101,0,0
2022-05-29T16:30-07:00,103,0,0
2022-05-29T16:45-07:00,106,0,0
2022-05-29T17:00-07:00,105,0,0
2022-05-29T17:15-07:00,115,0,0
2022-05-29T17:30-07:00,120,0,0
2022-05-29T17:45-07:00,114,0,0
2022-05-29T18:00-07:00,110,0,0
2022-05-29T18:15-07:00,111,0,0
2022-05-29T18:30-07:00,116,0,0
2022-05-29T18:45-07:00,120,0,0
2022-05-29T19:00-07:00,107,0,0
2022-05-29T19:15-07:00,107,0,0
2022-05-29T19:30-07:00,100,0,0
2022-05-29T19:45-07:00,110,0,0
2022-05-29T20:00-07:00,132,0,0
2022-05-29T20:15-07:00,117,0,0
2022-05-29T20:30-07:00,116,0,0
2022-05-29T20:45-07:00,120,0,0
2022-05-29T21:00-07:00,115,0,0
2022-05-29T21:15-07:00,128,0,0
2022-05-29T21:30-07:00,111,0,0
2022-05-29T21:45-07:00,118,0,0
2022-05-29T22:00-07:00,106,0,0
2022-05-29T22:15-07:00,119,0,0
2022-05-29T22:30-07:00,109,0,0
2022-05-29T22:45-07:00,118,0,0
2022-05-29T23:00-07:00,113,0,0
2022-05-29T23:15-07:00,110,0,0
2022-05-29T23:30-07:00,121,0,0
2022-05-29T23:45-07:00,112,0,0
2022-05-30T00:00-07:00,104,0,0
2022-05-30T00:15-07:00,104,0,0
2022-05-30T00:30-07:00,108,0,0
2022-05-30T00:45-07:00,120,0,0
2022-05-30T01:00-07:00,109,0,0
2022-05-30T01:15-07:00,105,0,0
2022-05-30T01:30-07:00,103,0,0
2022-05-30T01:45-07:00,97,0,0
2022-05-30T02:00-07:00,101,0,0
2022-05-30T02:15-07:00,100,0,0
2022-05-30T02:30-07:00,89,0,0
2022-05-30T02:45-07:00,91,0,0
2022-05-30T03:00-07:00,97,0,0
2022-05-30T03:15-07:00,85,0,0
2022-05-30T03:30-07:00,89,0,0
2022-05-30T03:45-07:00,83,0,0
2022-05-30T04:00-07:00,90,0,0
2022-05-30T04:15-07:00,86,0,0
2022-05-30T04:30-07:00,87,0,0
2022-05-30T04:45-07:00,80,0,0
2022-05-30T05:00-07:00,83,0,0
2022-05-30T05:15-07:00,86,0,0
2022-05-30T05:30-07:00,83,0,0
2022-05-30T05:45-07:00,77,0,0
2022-05-30T06:00-07:00,78,0,0
2022-05-30T06:15-07:00,79,0,0
2022-05-30T06:30-07:00,78,0,0
2022-05-30T06:45-07:00,76,0,0
2022-05-30T07:00-07:00,79,0,0
2022-05-30T07:15-07:00,76,0,0
2022-05-30T07:30-07:00,82,0,0
2022-05-30T07:45-07:00,79,0,0
2022-05-30T08:00-07:00,82,0,0
2022-05-30T08:15-07:00,77,0,0
2022-05-30T08:30-07:00,76,0,0
2022-05-30T08:45-07:00,74,0,0
2022-05-30T09:00-07:00,75,0,0
2022-05-30T09:15-07:00,77,0,0
2022-05-30T09:30-07:00,77,0,0
2022-05-30T09:45-07:00,78,0,0
2022-05-30T10:00-07:00,78,0,0
2022-05-30T10:15-07:00,80,0,0
2022-05-30T10:30-07:00,84,0,0
2022-05-30T10:45-07:00,91,0,0
2022-05-30T11:00-07:00,84,0,0
2022-05-30T11:15-07:00,92,0,0
2022-05-30T11:30-07:00,88,0,0
2022-05-30T11:45-07:00,93,0,0
2022-05-30T12:00-07:00,103,0,0
2022-05-30T12:15-07:00,96,0,0
2022-05-30T12:30-07:00,105,0,0
2022-05-30T12:45-07:00,94,0,0
2022-05-30T13:00-07:00,93,0,0
2022-05-30T13:15-07:00,94,0,0
2022-05-30T13:30-07:00,117,0,0
2022-05-30T13:45-07:00,122,0,0
2022-05-30T14:00-07:00,120,0,0
2022-05-30T14:15-07:00,115,0,0
2022-05-30T14:30-07:00,109,0,0
2022-05-30T14:45-07:00,110,0,0
2022-05-30T15:00-07:00,123,0,0
2022-05-30T15:15-07:00,115,0,0
2022-05-30T15:30-07:00,112,0,0
2022-05-30T15:45-07:00,118,0,0
2022-05-30T16:00-07:00,119,0,0
2022-05-30T16:15-07:00,148,0,0
2022-05-30T16:30-07:00,124,0,0
2022-05-30T16:45-07:00,115,0,0
2022-05-30T17:00-07:00,115,0,0
2022-05-30T17:15-07:00,131,0,0
2022-05-30T17:30-07:00,126,0,0
2022-05-30T17:45-07:00,148,0,0
2022-05-30T18:00-07:00,173,0,0
2022-05-30T18:15-07:00,126,0,0
2022-05-30T18:30-07:00,120,0,0
2022-05-30T18:45-07:00,117,0,0
2022-05-30T19:00-07:00,111,0,0
2022-05-30T19:15-07:00,107,0,0
2022-05-30T19:30-07:00,104,0,0
2022-05-30T19:45-07:00,118,0,0
2022-05-30T20:00-07:00,111,0,0
2022-05-30T20:15-07:00,123,0,0
2022-05-30T20:30-07:00,124,0,0
2022-05-30T20:45-07:00,130,0,0
2022-05-30T21:00-07:00,122,0,0
2022-05-30T21:15-07:00,130,0,0
2022-05-30T21:30-07:00,116,0,0
2022-05-30T21:45-07:00,119,0,0
2022-05-30T22:00-07:00,131,0,0
2022-05-30T22:15-07:00,128,0,0
2022-05-30T22:30-07:00,126,0,0
2022-05-30T22:45-07:00,118,0,0
2022-05-30T23:00-07:00,124,0,0
2022-05-30T23:15-07:00,120,0,0
2022-05-30T23:30-07:00,122,0,0
2022-05-30T23:45-07:00,112,0,0
2022-05-31T00:00-07:00,120,0,0
2022-05-31T00:15-07:00,117,0,0
2022-05-31T00:30-07:00,135,0,0
2022-05-31T00:45-07:00,113,0,0
2022-05-31T01:00-07:00,115,0,0
2022-05-31T01:15-07:00,116,0,0
2022-05-31T01:30-07:00,106,0,0
2022-05-31T01:45-07:00,103,0,0
2022-05-31T02:00-07:00,97,0,0
2022-05-31T02:15-07:00,98,0,0
2022-05-31T02:30-07:00,96,0,0
2022-05-31T02:45-07:00,107,0,0
2022-05-31T03:00-07:00,93,0,0
2022-05-31T03:15-07:00,89,0,0
2022-05-31T03:30-07:00,96,0,0
2022-05-31T03:45-07:00,81,0,0
2022-05-31T04:00-07:00,88,0,0
2022-05-31T04:15-07:00,82,0,0
2022-05-31T04:30-07:00,85,0,0
2022-05-31T04:45-07:00,85,0,0
2022-05-31T05:00-07:00,84,0,0
2022-05-31T05:15-07:00,84,0,0
2022-05-31T05:30-07:00,79,0,0
2022-05-31T05:45-07:00,85,0,0
2022-05-31T06:00-07:00,83,0,0
2022-05-31T06:15-07:00,81,0,0
2022-05-31T06:30-07:00,77,0,0
2022-05-31T06:45-07:00,82,0,0
2022-05-31T07:00-07:00,81,0,0
2022-05-31T07:15-07:00,81,0,0
2022-05-31T07:30-07:00,79,0,0
2022-05-31T07:45-07:00,84,0,0
2022-05-31T08:00-07:00,78,0,0
2022-05-31T08:15-07:00,81,0,0
2022-05-31T08:30-07:00,78,0,0
2022-05-31T08:45-07:00,76,0,0
2022-05-31T09:00-07:00,85,0,0
2022-05-31T09:15-07:00,88,0,0
2022-05-31T09:30-07:00,92,0,0
2022-05-31T09:45-07:00,97,0,0
2022-05-31T10:00-07:00,93,0,0
2022-05-31T10:15-07:00,92,0,0
2022-05-31T10:30-07:00,94,0,0
2022-05-31T10:45-07:00,106,0,0
2022-05-31T11:00-07:00,110,0,0
2022-05-31T11:15-07:00,102,0,0
2022-05-31T11:30-07:00,106,0,0
2022-05-31T11:45-07:00,100,0,0
2022-05-31T12:00-07:00,132,0,0
2022-05-31T12:15-07:00,101,0,0
2022-05-31T12:30-07:00,106,0,0
2022-05-31T12:45-07:00,109,0,0
2022-05-31T13:00-07:00,99,0,0
2022-05-31T13:15-07:00,92,0,0
2022-05-31T13:30-07:00,93,0,0
2022-05-31T13:45-07:00,90,0,0
2022-05-31T14:00-07:00,111,0,0
2022-05-31T14:15-07:00,101,0,0
2022-05-31T14:30-07:00,114,0,0
2022-05-31T14:45-07:00,114,0,0
2022-05-31T15:00-07:00,107,0,0
2022-05-31T15:15-07:00,102,0,0
2022-05-31T15:30-07:00,118,0,0
2022-05-31T15:45-07:00,128,0,0
2022-05-31T16:00-07:00,111,0,0
2022-05-31T16:15-07:00,117,0,0
2022-05-31T16:30-07:00,117,0,0
2022-05-31T16:45-07:00,102,0,0
2022-05-31T17:00-07:00,112,0,0
2022-05-31T17:15-07:00,134,0,0
2022-05-31T17:30-07:00,106,0,0
2022-05-31T17:45-07:00,111,0,0
2022-05-31T18:00-07:00,118,0,0
2022-05-31T18:15-07:00,115,0,0
2022-05-31T18:30-07:00,125,0,0
2022-05-31T18:45-07:00,110,0,0
2022-05-31T19:00-07:00,137,0,0
2022-05-31T19:15-07:00,106,0,0
2022-05-31T19:30-07:00,105,0,0
2022-05-31T19:45-07:00,99,0,0
2022-05-31T20:00-07:00,104,0,0
2022-05-31T20:15-07:00,115,0,0
2022-05-31T20:30-07:00,115,0,0
2022-05-31T20:45-07:00,110,0,0
2022-05-31T21:00-07:00,112,0,0
2022-05-31T21:15-07:00,110,0,0
2022-05-31T21:30-07:00,116,0,0
2022-05-31T21:45-07:00,118,0,0
2022-05-31T22:00-07:00,109,0,0
2022-05-31T22:15-07:00,110,0,0
2022-05-31T22:30-07:00,103,0,0
2022-05-31T22:45-07:00,107,0,0
2022-05-31T23:00-07:00,116,0,0
2022-05-31T23:15-07:00,119,0,0
2022-05-31T23:30-07:00,118,0,0
2022-05-31T23:45-07:00,120,0,0
2022-06-01T00:00-07:00,117,0,0
