t,vu
2021-12-31T22:45-07:00,0.5785123966942148
2021-12-31T23:00-07:00,0.5503577325261483
2021-12-31T23:15-07:00,0.5913904552331242
2021-12-31T23:30-07:00,0.5360824742268041
2021-12-31T23:45-07:00,0.591634562465609
2022-01-01T00:00-07:00,0.5356407086938607
2022-01-01T00:15-07:00,0.5237767057201866
2022-01-01T00:30-07:00,0.5637288601677374
2022-01-01T00:45-07:00,0.551267916207283
2022-01-01T01:00-07:00,0.5378568473314026
2022-01-01T01:15-07:00,0.5367464905037159
2022-01-01T01:30-07:00,0.5494505494505557
2022-01-01T01:45-07:00,0.57684384013185
2022-01-01T02:00-07:00,0.5374121537825548
2022-01-01T02:15-07:00,0.5923680947789015
2022-01-01T02:30-07:00,0.5499037668408091
2022-01-01T02:45-07:00,0.5782734407269723
2022-01-01T03:00-07:00,0.5505849965588501
2022-01-01T03:15-07:00,0.5644273127753241
2022-01-01T03:30-07:00,0.5639614855570776
2022-01-01T03:45-07:00,0.564194303013617
2022-01-01T04:00-07:00,0.5231277533039584
2022-01-01T04:15-07:00,0.565127498277044
2022-01-01T04:30-07:00,0.5514959327175025
2022-01-01T04:45-07:00,0.5383022774327122
2022-01-01T05:00-07:00,0.5383022774327122
2022-01-01T05:15-07:00,0.5940867642995366
2022-01-01T05:30-07:00,0.5667680398119925
2022-01-01T05:45-07:00,0.5658294231299964
2022-01-01T06:00-07:00,0.5665330938234012
2022-01-01T06:15-07:00,0.5660637857241412
2022-01-01T06:30-07:00,0.5797101449275363
2022-01-01T06:45-07:00,0.5510400881664204
2022-01-01T07:00-07:00,0.5347593582887701
2022-01-01T07:15-07:00,0.5485463521667644
2022-01-01T07:30-07:00,0.5621058404167747
2022-01-01T07:45-07:00,0.5354200988467874
2022-01-01T08:00-07:00,0.548320767649081
2022-01-01T08:15-07:00,0.5487721223761896
2022-01-01T08:30-07:00,0.5618747430450808
2022-01-01T08:45-07:00,0.5211905088465169
2022-01-01T09:00-07:00,0.5476451259583852
2022-01-01T09:15-07:00,0.5487721223761896
2022-01-01T09:30-07:00,0.49382716049382713
2022-01-01T09:45-07:00,0.5621058404167747
2022-01-01T10:00-07:00,0.5474202819214514
2022-01-01T10:15-07:00,0.5480953685941417
2022-01-01T10:30-07:00,0.5474202819214514
2022-01-01T10:45-07:00,0.47925510064356486
2022-01-01T11:00-07:00,0.4930156121610518
2022-01-01T11:15-07:00,0.49261083743842365
2022-01-01T11:30-07:00,0.5336617405582923
2022-01-01T11:45-07:00,0.5065717415115069
2022-01-01T12:00-07:00,0.5336617405582923
2022-01-01T12:15-07:00,0.4928131416837782
2022-01-01T12:30-07:00,0.4932182490752158
2022-01-01T12:45-07:00,0.5065717415115069
2022-01-01T13:00-07:00,0.5069882159495814
2022-01-01T13:15-07:00,0.4930156121610518
2022-01-01T13:30-07:00,0.4932182490752158
2022-01-01T13:45-07:00,0.5205479452054732
2022-01-01T14:00-07:00,0.5203341092701567
2022-01-01T14:15-07:00,0.4930156121610518
2022-01-01T14:30-07:00,0.5345394736842105
2022-01-01T14:45-07:00,0.5614131178967485
2022-01-01T15:00-07:00,0.4934210526315789
2022-01-01T15:15-07:00,0.5345394736842105
2022-01-01T15:30-07:00,0.5487721223761896
2022-01-01T15:45-07:00,0.5347593582887701
2022-01-01T16:00-07:00,0.5499037668408091
2022-01-01T16:15-07:00,0.5076142131979758
2022-01-01T16:30-07:00,0.5356407086938607
2022-01-01T16:45-07:00,0.5084512848701451
2022-01-01T17:00-07:00,0.5510400881664204
2022-01-01T17:15-07:00,0.5646605150805611
2022-01-01T17:30-07:00,0.5789909015715468
2022-01-01T17:45-07:00,0.5658294231299964
2022-01-01T18:00-07:00,0.5789909015715468
2022-01-01T18:15-07:00,0.5655952545178582
2022-01-01T18:30-07:00,0.5517241379310408
2022-01-01T18:45-07:00,0.565127498277044
2022-01-01T19:00-07:00,0.6057268722466898
2022-01-01T19:15-07:00,0.5923680947789015
2022-01-01T19:30-07:00,0.5923680947789015
2022-01-01T19:45-07:00,0.6062276109120907
2022-01-01T20:00-07:00,0.5773195876288659
2022-01-01T20:15-07:00,0.5489980785067315
2022-01-01T20:30-07:00,0.5889604163813239
2022-01-01T20:45-07:00,0.5653612796469877
2022-01-01T21:00-07:00,0.5487721223761896
2022-01-01T21:15-07:00,0.5918788713007633
2022-01-01T21:30-07:00,0.5644273127753241
2022-01-01T21:45-07:00,0.5644273127753241
2022-01-01T22:00-07:00,0.564194303013617
2022-01-01T22:15-07:00,0.5211905088465169
2022-01-01T22:30-07:00,0.5494505494505557
2022-01-01T22:45-07:00,0.5637288601677374
2022-01-01T23:00-07:00,0.5351996706463565
2022-01-01T23:15-07:00,0.5501306560308136
2022-01-01T23:30-07:00,0.5222649807586524
2022-01-01T23:45-07:00,0.5487721223761896
2022-01-02T00:00-07:00,0.5209761447765224
2022-01-02T00:15-07:00,0.5948263936920799
2022-01-02T00:30-07:00,0.5526388505111972
2022-01-02T00:45-07:00,0.5935946990612985
2022-01-02T01:00-07:00,0.5378568473314026
2022-01-02T01:15-07:00,0.5387484459179445
2022-01-02T01:30-07:00,0.5931034482758684
2022-01-02T01:45-07:00,0.5928581276713147
2022-01-02T02:00-07:00,0.551267916207283
2022-01-02T02:15-07:00,0.5501306560308136
2022-01-02T02:30-07:00,0.5499037668408091
2022-01-02T02:45-07:00,0.5773195876288659
2022-01-02T03:00-07:00,0.5632641846407411
2022-01-02T03:15-07:00,0.5499037668408091
2022-01-02T03:30-07:00,0.5363036303630363
2022-01-02T03:45-07:00,0.5224804069847317
2022-01-02T04:00-07:00,0.5637288601677374
2022-01-02T04:15-07:00,0.5637288601677374
2022-01-02T04:30-07:00,0.5503577325261483
2022-01-02T04:45-07:00,0.5782734407269723
2022-01-02T05:00-07:00,0.565127498277044
2022-01-02T05:15-07:00,0.5662983425414302
2022-01-02T05:30-07:00,0.5385252692626347
2022-01-02T05:45-07:00,0.5804311774461028
2022-01-02T06:00-07:00,0.5521811154058595
2022-01-02T06:15-07:00,0.5943331029716719
2022-01-02T06:30-07:00,0.5530973451327497
2022-01-02T06:45-07:00,0.5367464905037159
2022-01-02T07:00-07:00,0.5496770647244806
2022-01-02T07:15-07:00,0.5358615004122012
2022-01-02T07:30-07:00,0.5222649807586524
2022-01-02T07:45-07:00,0.5371900826446281
2022-01-02T08:00-07:00,0.5360824742268041
2022-01-02T08:15-07:00,0.5773195876288659
2022-01-02T08:30-07:00,0.5499037668408091
2022-01-02T08:45-07:00,0.5360824742268041
2022-01-02T09:00-07:00,0.5360824742268041
2022-01-02T09:15-07:00,0.5485463521667644
2022-01-02T09:30-07:00,0.5349794238683128
2022-01-02T09:45-07:00,0.5067798931653261
2022-01-02T10:00-07:00,0.5105560921760791
2022-01-02T10:15-07:00,0.5211905088465169
2022-01-02T10:30-07:00,0.5067798931653261
2022-01-02T10:45-07:00,0.5233438920258855
2022-01-02T11:00-07:00,0.46741820181468874
2022-01-02T11:15-07:00,0.5209761447765224
2022-01-02T11:30-07:00,0.5343197698314838
2022-01-02T11:45-07:00,0.5071967100754003
2022-01-02T12:00-07:00,0.49566294919454773
2022-01-02T12:15-07:00,0.49586776859504134
2022-01-02T12:30-07:00,0.4687715428098781
2022-01-02T12:45-07:00,0.4932182490752158
2022-01-02T13:00-07:00,0.4687715428098781
2022-01-02T13:15-07:00,0.5095015147342393
2022-01-02T13:30-07:00,0.47925510064356486
2022-01-02T13:45-07:00,0.5071967100754003
2022-01-02T14:00-07:00,0.5074053757542575
2022-01-02T14:15-07:00,0.5078232226187271
2022-01-02T14:30-07:00,0.48024149286497725
2022-01-02T14:45-07:00,0.5349794238683128
2022-01-02T15:00-07:00,0.5347593582887701
2022-01-02T15:15-07:00,0.5358615004122012
2022-01-02T15:30-07:00,0.5250794528119324
2022-01-02T15:45-07:00,0.5385252692626347
2022-01-02T16:00-07:00,0.5218346608074642
2022-01-02T16:15-07:00,0.5365249690466364
2022-01-02T16:30-07:00,0.49607275733774286
2022-01-02T16:45-07:00,0.5514959327175025
2022-01-02T17:00-07:00,0.5528680027643463
2022-01-02T17:15-07:00,0.5387484459179445
2022-01-02T17:30-07:00,0.5794701986754967
2022-01-02T17:45-07:00,0.5658294231299964
2022-01-02T18:00-07:00,0.5792304509722797
2022-01-02T18:15-07:00,0.5801906340654787
2022-01-02T18:30-07:00,0.5646605150805611
2022-01-02T18:45-07:00,0.5644273127753241
2022-01-02T19:00-07:00,0.5775577557755776
2022-01-02T19:15-07:00,0.5911465493538693
2022-01-02T19:30-07:00,0.5926130099228288
2022-01-02T19:45-07:00,0.5794701986754967
2022-01-02T20:00-07:00,0.5378568473314026
2022-01-02T20:15-07:00,0.5787515502273667
2022-01-02T20:30-07:00,0.5510400881664204
2022-01-02T20:45-07:00,0.5918788713007633
2022-01-02T21:00-07:00,0.5921233819884393
2022-01-02T21:15-07:00,0.5496770647244806
2022-01-02T21:30-07:00,0.549224220788143
2022-01-02T21:45-07:00,0.5632641846407411
2022-01-02T22:00-07:00,0.6069802731411166
2022-01-02T22:15-07:00,0.5787515502273667
2022-01-02T22:30-07:00,0.5501306560308136
2022-01-02T22:45-07:00,0.5623371279659792
2022-01-02T23:00-07:00,0.549224220788143
2022-01-02T23:15-07:00,0.5214050493962615
2022-01-02T23:30-07:00,0.5761316872427984
2022-01-02T23:45-07:00,0.5889604163813239
2022-01-03T00:00-07:00,0.5487721223761896
2022-01-03T00:15-07:00,0.5625686059275459
2022-01-03T00:30-07:00,0.5480953685941417
2022-01-03T00:45-07:00,0.5235602094240774
2022-01-03T01:00-07:00,0.5505849965588501
2022-01-03T01:15-07:00,0.562800274536713
2022-01-03T01:30-07:00,0.5618747430450808
2022-01-03T01:45-07:00,0.5618747430450808
2022-01-03T02:00-07:00,0.5754212905877517
2022-01-03T02:15-07:00,0.6308283049917781
2022-01-03T02:30-07:00,0.5623371279659792
2022-01-03T02:45-07:00,0.562800274536713
2022-01-03T03:00-07:00,0.5761316872427984
2022-01-03T03:15-07:00,0.5354200988467874
2022-01-03T03:30-07:00,0.590172934394736
2022-01-03T03:45-07:00,0.57684384013185
2022-01-03T04:00-07:00,0.5923680947789015
2022-01-03T04:15-07:00,0.5226960110041202
2022-01-03T04:30-07:00,0.5510400881664204
2022-01-03T04:45-07:00,0.5918788713007633
2022-01-03T05:00-07:00,0.5918788713007633
2022-01-03T05:15-07:00,0.5785123966942148
2022-01-03T05:30-07:00,0.5943331029716719
2022-01-03T05:45-07:00,0.603235536057027
2022-01-03T06:00-07:00,0.5816368923971749
2022-01-03T06:15-07:00,0.5677097756853994
2022-01-03T06:30-07:00,0.5229117930370104
2022-01-03T06:45-07:00,0.5501306560308136
2022-01-03T07:00-07:00,0.53696819496076
2022-01-03T07:15-07:00,0.5385252692626347
2022-01-03T07:30-07:00,0.6069802731411166
2022-01-03T07:45-07:00,0.5938406297472788
2022-01-03T08:00-07:00,0.5383022774327122
2022-01-03T08:15-07:00,0.5371900826446281
2022-01-03T08:30-07:00,0.552409888137004
2022-01-03T08:45-07:00,0.5526388505111972
2022-01-03T09:00-07:00,0.5224804069847317
2022-01-03T09:15-07:00,0.46935394809498143
2022-01-03T09:30-07:00,0.5242102358945998
2022-01-03T09:45-07:00,0.5229117930370104
2022-01-03T10:00-07:00,0.49627791563275436
2022-01-03T10:15-07:00,0.5365249690466364
2022-01-03T10:30-07:00,0.5354200988467874
2022-01-03T10:45-07:00,0.4834254143646346
2022-01-03T11:00-07:00,0.4968944099378882
2022-01-03T11:15-07:00,0.5090809025866876
2022-01-03T11:30-07:00,0.4812319538017262
2022-01-03T11:45-07:00,0.5103448275862132
2022-01-03T12:00-07:00,0.4814305364511629
2022-01-03T12:15-07:00,0.49504950495049505
2022-01-03T12:30-07:00,0.5363036303630363
2022-01-03T12:45-07:00,0.4405286343612272
2022-01-03T13:00-07:00,0.4672255050158095
2022-01-03T13:15-07:00,0.5078232226187271
2022-01-03T13:30-07:00,0.4806371875858218
2022-01-03T13:45-07:00,0.5078232226187271
2022-01-03T14:00-07:00,0.5090809025866876
2022-01-03T14:15-07:00,0.4832251829352415
2022-01-03T14:30-07:00,0.48262548262547633
2022-01-03T14:45-07:00,0.5501306560308136
2022-01-03T15:00-07:00,0.4977187888842804
2022-01-03T15:15-07:00,0.5517241379310408
2022-01-03T15:30-07:00,0.5235602094240774
2022-01-03T15:45-07:00,0.5374121537825548
2022-01-03T16:00-07:00,0.49627791563275436
2022-01-03T16:15-07:00,0.4810335349092845
2022-01-03T16:30-07:00,0.53696819496076
2022-01-03T16:45-07:00,0.4830251173060936
2022-01-03T17:00-07:00,0.5090809025866876
2022-01-03T17:15-07:00,0.565127498277044
2022-01-03T17:30-07:00,0.5770816158285244
2022-01-03T17:45-07:00,0.5763688760806917
2022-01-03T18:00-07:00,0.5770816158285244
2022-01-03T18:15-07:00,0.5777961205117623
2022-01-03T18:30-07:00,0.5231277533039584
2022-01-03T18:45-07:00,0.5662983425414302
2022-01-03T19:00-07:00,0.5792304509722797
2022-01-03T19:15-07:00,0.551267916207283
2022-01-03T19:30-07:00,0.5787515502273667
2022-01-03T19:45-07:00,0.5508124483613392
2022-01-03T20:00-07:00,0.5660637857241412
2022-01-03T20:15-07:00,0.5114029025570208
2022-01-03T20:30-07:00,0.5487721223761896
2022-01-03T20:45-07:00,0.5349794238683128
2022-01-03T21:00-07:00,0.5894448252227615
2022-01-03T21:15-07:00,0.5371900826446281
2022-01-03T21:30-07:00,0.5510400881664204
2022-01-03T21:45-07:00,0.5508124483613392
2022-01-03T22:00-07:00,0.5380794701986755
2022-01-03T22:15-07:00,0.5229117930370104
2022-01-03T22:30-07:00,0.523993381136232
2022-01-03T22:45-07:00,0.551267916207283
2022-01-03T23:00-07:00,0.5503577325261483
2022-01-03T23:15-07:00,0.5065717415115069
2022-01-03T23:30-07:00,0.5630321340291066
2022-01-03T23:45-07:00,0.549224220788143
2022-01-04T00:00-07:00,0.5207619569686109
2022-01-04T00:15-07:00,0.5222649807586524
2022-01-04T00:30-07:00,0.5347593582887701
2022-01-04T00:45-07:00,0.5207619569686109
2022-01-04T01:00-07:00,0.5203341092701567
2022-01-04T01:15-07:00,0.5220497321060522
2022-01-04T01:30-07:00,0.5358615004122012
2022-01-04T01:45-07:00,0.5487721223761896
2022-01-04T02:00-07:00,0.5341002465078061
2022-01-04T02:15-07:00,0.5644273127753241
2022-01-04T02:30-07:00,0.5261700360011013
2022-01-04T02:45-07:00,0.5535566011624752
2022-01-04T03:00-07:00,0.5674740484429003
2022-01-04T03:15-07:00,0.5540166204986213
2022-01-04T03:30-07:00,0.5535566011624752
2022-01-04T03:45-07:00,0.5533268778530981
2022-01-04T04:00-07:00,0.5533268778530981
2022-01-04T04:15-07:00,0.5403158769742311
2022-01-04T04:30-07:00,0.5530973451327497
2022-01-04T04:45-07:00,0.5257332595462029
2022-01-04T05:00-07:00,0.5646605150805611
2022-01-04T05:15-07:00,0.5528680027643463
2022-01-04T05:30-07:00,0.5391953546246371
2022-01-04T05:45-07:00,0.5387484459179445
2022-01-04T06:00-07:00,0.5787515502273667
2022-01-04T06:15-07:00,0.552409888137004
2022-01-04T06:30-07:00,0.5672385168787983
2022-01-04T06:45-07:00,0.5528680027643463
2022-01-04T07:00-07:00,0.5528680027643463
2022-01-04T07:15-07:00,0.5394190871369294
2022-01-04T07:30-07:00,0.5533268778530981
2022-01-04T07:45-07:00,0.5792304509722797
2022-01-04T08:00-07:00,0.5514959327175025
2022-01-04T08:15-07:00,0.5374121537825548
2022-01-04T08:30-07:00,0.5517241379310408
2022-01-04T08:45-07:00,0.5095015147342393
2022-01-04T09:00-07:00,0.49586776859504134
2022-01-04T09:15-07:00,0.49607275733774286
2022-01-04T09:30-07:00,0.4966887417218543
2022-01-04T09:45-07:00,0.5380794701986755
2022-01-04T10:00-07:00,0.5229117930370104
2022-01-04T10:15-07:00,0.5235602094240774
2022-01-04T10:30-07:00,0.5226960110041202
2022-01-04T10:45-07:00,0.495458298926507
2022-01-04T11:00-07:00,0.5084512848701451
2022-01-04T11:15-07:00,0.49362402303578773
2022-01-04T11:30-07:00,0.45248868778280543
2022-01-04T11:45-07:00,0.5092911218169368
2022-01-04T12:00-07:00,0.49586776859504134
2022-01-04T12:15-07:00,0.4691596522699111
2022-01-04T12:30-07:00,0.49566294919454773
2022-01-04T12:45-07:00,0.44071064591653414
2022-01-04T13:00-07:00,0.5090809025866876
2022-01-04T13:15-07:00,0.49566294919454773
2022-01-04T13:30-07:00,0.49403046521202143
2022-01-04T13:45-07:00,0.45454545454545453
2022-01-04T14:00-07:00,0.4541701073492981
2022-01-04T14:15-07:00,0.4948453608247423
2022-01-04T14:30-07:00,0.5358615004122012
2022-01-04T14:45-07:00,0.5363036303630363
2022-01-04T15:00-07:00,0.4534212695795548
2022-01-04T15:15-07:00,0.495458298926507
2022-01-04T15:30-07:00,0.4403467730837972
2022-01-04T15:45-07:00,0.495458298926507
2022-01-04T16:00-07:00,0.5090809025866876
2022-01-04T16:15-07:00,0.49504950495049505
2022-01-04T16:30-07:00,0.508660984327749
2022-01-04T16:45-07:00,0.5367464905037159
2022-01-04T17:00-07:00,0.5226960110041202
2022-01-04T17:15-07:00,0.5371900826446281
2022-01-04T17:30-07:00,0.5246444843296914
2022-01-04T17:45-07:00,0.5248618784530323
2022-01-04T18:00-07:00,0.5526388505111972
2022-01-04T18:15-07:00,0.5383022774327122
2022-01-04T18:30-07:00,0.5109791465267292
2022-01-04T18:45-07:00,0.5380794701986755
2022-01-04T19:00-07:00,0.5097120815539393
2022-01-04T19:15-07:00,0.5405405405405406
2022-01-04T19:30-07:00,0.5542469170015305
2022-01-04T19:45-07:00,0.5681818181818118
2022-01-04T20:00-07:00,0.5677097756853994
2022-01-04T20:15-07:00,0.5679456988502499
2022-01-04T20:30-07:00,0.5681818181818118
2022-01-04T20:45-07:00,0.5540166204986213
2022-01-04T21:00-07:00,0.5943331029716719
2022-01-04T21:15-07:00,0.5528680027643463
2022-01-04T21:30-07:00,0.5385252692626347
2022-01-04T21:45-07:00,0.5519525320822473
2022-01-04T22:00-07:00,0.5660637857241412
2022-01-04T22:15-07:00,0.5533268778530981
2022-01-04T22:30-07:00,0.5533268778530981
2022-01-04T22:45-07:00,0.5806719203649938
2022-01-04T23:00-07:00,0.5660637857241412
2022-01-04T23:15-07:00,0.5371900826446281
2022-01-04T23:30-07:00,0.5242102358945998
2022-01-04T23:45-07:00,0.5780346820809249
2022-01-05T00:00-07:00,0.5374121537825548
2022-01-05T00:15-07:00,0.5646605150805611
2022-01-05T00:30-07:00,0.5637288601677374
2022-01-05T00:45-07:00,0.5356407086938607
2022-01-05T01:00-07:00,0.5222649807586524
2022-01-05T01:15-07:00,0.5775577557755776
2022-01-05T01:30-07:00,0.5501306560308136
2022-01-05T01:45-07:00,0.5363036303630363
2022-01-05T02:00-07:00,0.5363036303630363
2022-01-05T02:15-07:00,0.591634562465609
2022-01-05T02:30-07:00,0.5503577325261483
2022-01-05T02:45-07:00,0.5632641846407411
2022-01-05T03:00-07:00,0.57684384013185
2022-01-05T03:15-07:00,0.5911465493538693
2022-01-05T03:30-07:00,0.5082417582417645
2022-01-05T03:45-07:00,0.5363036303630363
2022-01-05T04:00-07:00,0.5505849965588501
2022-01-05T04:15-07:00,0.5105560921760791
2022-01-05T04:30-07:00,0.579950289975145
2022-01-05T04:45-07:00,0.5252972076306268
2022-01-05T05:00-07:00,0.523993381136232
2022-01-05T05:15-07:00,0.5794701986754967
2022-01-05T05:30-07:00,0.5521811154058595
2022-01-05T05:45-07:00,0.5519525320822473
2022-01-05T06:00-07:00,0.5780346820809249
2022-01-05T06:15-07:00,0.5526388505111972
2022-01-05T06:30-07:00,0.5394190871369294
2022-01-05T06:45-07:00,0.51203985607529
2022-01-05T07:00-07:00,0.4979253112033195
2022-01-05T07:15-07:00,0.5242102358945998
2022-01-05T07:30-07:00,0.5092911218169368
2022-01-05T07:45-07:00,0.5374121537825548
2022-01-05T08:00-07:00,0.5255151431337235
2022-01-05T08:15-07:00,0.4966887417218543
2022-01-05T08:30-07:00,0.4828252172713415
2022-01-05T08:45-07:00,0.5503577325261483
2022-01-05T09:00-07:00,0.5639614855570776
2022-01-05T09:15-07:00,0.49504950495049505
2022-01-05T09:30-07:00,0.5226960110041202
2022-01-05T09:45-07:00,0.5356407086938607
2022-01-05T10:00-07:00,0.5766062602965404
2022-01-05T10:15-07:00,0.5892025212387018
2022-01-05T10:30-07:00,0.5351996706463565
2022-01-05T10:45-07:00,0.548320767649081
2022-01-05T11:00-07:00,0.5071967100754003
2022-01-05T11:15-07:00,0.5503577325261483
2022-01-05T11:30-07:00,0.5095015147342393
2022-01-05T11:45-07:00,0.5090809025866876
2022-01-05T12:00-07:00,0.5501306560308136
2022-01-05T12:15-07:00,0.5785123966942148
2022-01-05T12:30-07:00,0.5367464905037159
2022-01-05T12:45-07:00,0.49566294919454773
2022-01-05T13:00-07:00,0.49607275733774286
2022-01-05T13:15-07:00,0.4977187888842804
2022-01-05T13:30-07:00,0.4670329670329733
2022-01-05T13:45-07:00,0.4942339373970346
2022-01-05T14:00-07:00,0.4666483667307227
2022-01-05T14:15-07:00,0.5078232226187271
2022-01-05T14:30-07:00,0.49382716049382713
2022-01-05T14:45-07:00,0.5080324042290327
2022-01-05T15:00-07:00,0.5229117930370104
2022-01-05T15:15-07:00,0.5363036303630363
2022-01-05T15:30-07:00,0.508660984327749
2022-01-05T15:45-07:00,0.4679972470750235
2022-01-05T16:00-07:00,0.5231277533039584
2022-01-05T16:15-07:00,0.5082417582417645
2022-01-05T16:30-07:00,0.4942339373970346
2022-01-05T16:45-07:00,0.5222649807586524
2022-01-05T17:00-07:00,0.53696819496076
2022-01-05T17:15-07:00,0.5503577325261483
2022-01-05T17:30-07:00,0.5521811154058595
2022-01-05T17:45-07:00,0.6064782908339014
2022-01-05T18:00-07:00,0.551267916207283
2022-01-05T18:15-07:00,0.5224804069847317
2022-01-05T18:30-07:00,0.5222649807586524
2022-01-05T18:45-07:00,0.562800274536713
2022-01-05T19:00-07:00,0.5508124483613392
2022-01-05T19:15-07:00,0.5792304509722797
2022-01-05T19:30-07:00,0.5928581276713147
2022-01-05T19:45-07:00,0.565127498277044
2022-01-05T20:00-07:00,0.5789909015715468
2022-01-05T20:15-07:00,0.5648939101680841
2022-01-05T20:30-07:00,0.5787515502273667
2022-01-05T20:45-07:00,0.5792304509722797
2022-01-05T21:00-07:00,0.5487721223761896
2022-01-05T21:15-07:00,0.5109791465267292
2022-01-05T21:30-07:00,0.5383022774327122
2022-01-05T21:45-07:00,0.5646605150805611
2022-01-05T22:00-07:00,0.549224220788143
2022-01-05T22:15-07:00,0.562800274536713
2022-01-05T22:30-07:00,0.5913904552331242
2022-01-05T22:45-07:00,0.5763688760806917
2022-01-05T23:00-07:00,0.5510400881664204
2022-01-05T23:15-07:00,0.523993381136232
2022-01-05T23:30-07:00,0.5371900826446281
2022-01-05T23:45-07:00,0.5655952545178582
2022-01-06T00:00-07:00,0.5792304509722797
2022-01-06T00:15-07:00,0.5940867642995366
2022-01-06T00:30-07:00,0.565127498277044
2022-01-06T00:45-07:00,0.5787515502273667
2022-01-06T01:00-07:00,0.5787515502273667
2022-01-06T01:15-07:00,0.5639614855570776
2022-01-06T01:30-07:00,0.6047278724573879
2022-01-06T01:45-07:00,0.57684384013185
2022-01-06T02:00-07:00,0.604229607250749
2022-01-06T02:15-07:00,0.5770816158285244
2022-01-06T02:30-07:00,0.591634562465609
2022-01-06T02:45-07:00,0.564194303013617
2022-01-06T03:00-07:00,0.564194303013617
2022-01-06T03:15-07:00,0.5785123966942148
2022-01-06T03:30-07:00,0.5646605150805611
2022-01-06T03:45-07:00,0.5789909015715468
2022-01-06T04:00-07:00,0.5785123966942148
2022-01-06T04:15-07:00,0.552409888137004
2022-01-06T04:30-07:00,0.5255151431337235
2022-01-06T04:45-07:00,0.5928581276713147
2022-01-06T05:00-07:00,0.5792304509722797
2022-01-06T05:15-07:00,0.5816368923971749
2022-01-06T05:30-07:00,0.5928581276713147
2022-01-06T05:45-07:00,0.5494505494505557
2022-01-06T06:00-07:00,0.5906593406593469
2022-01-06T06:15-07:00,0.6188118811881188
2022-01-06T06:30-07:00,0.5931034482758684
2022-01-06T06:45-07:00,0.6216328222130129
2022-01-06T07:00-07:00,0.5935946990612985
2022-01-06T07:15-07:00,0.5535566011624752
2022-01-06T07:30-07:00,0.5530973451327497
2022-01-06T07:45-07:00,0.5667680398119925
2022-01-06T08:00-07:00,0.5530973451327497
2022-01-06T08:15-07:00,0.540091400083091
2022-01-06T08:30-07:00,0.5503577325261483
2022-01-06T08:45-07:00,0.5653612796469877
2022-01-06T09:00-07:00,0.5233438920258855
2022-01-06T09:15-07:00,0.6072315760419479
2022-01-06T09:30-07:00,0.5665330938234012
2022-01-06T09:45-07:00,0.5371900826446281
2022-01-06T10:00-07:00,0.5224804069847317
2022-01-06T10:15-07:00,0.5639614855570776
2022-01-06T10:30-07:00,0.5358615004122012
2022-01-06T10:45-07:00,0.5494505494505557
2022-01-06T11:00-07:00,0.5354200988467874
2022-01-06T11:15-07:00,0.5226960110041202
2022-01-06T11:30-07:00,0.5494505494505557
2022-01-06T11:45-07:00,0.5082417582417645
2022-01-06T12:00-07:00,0.5224804069847317
2022-01-06T12:15-07:00,0.5378568473314026
2022-01-06T12:30-07:00,0.508660984327749
2022-01-06T12:45-07:00,0.49504950495049505
2022-01-06T13:00-07:00,0.5371900826446281
2022-01-06T13:15-07:00,0.5246444843296914
2022-01-06T13:30-07:00,0.5105560921760791
2022-01-06T13:45-07:00,0.5383022774327122
2022-01-06T14:00-07:00,0.5376344086021505
2022-01-06T14:15-07:00,0.523993381136232
2022-01-06T14:30-07:00,0.4966887417218543
2022-01-06T14:45-07:00,0.49586776859504134
2022-01-06T15:00-07:00,0.4971002485501243
2022-01-06T15:15-07:00,0.49443757725587145
2022-01-06T15:30-07:00,0.5084512848701451
2022-01-06T15:45-07:00,0.4552980132450331
2022-01-06T16:00-07:00,0.4551096400496483
2022-01-06T16:15-07:00,0.49607275733774286
2022-01-06T16:30-07:00,0.5229117930370104
2022-01-06T16:45-07:00,0.45398266611638466
2022-01-06T17:00-07:00,0.4828252172713415
2022-01-06T17:15-07:00,0.4983388704318937
2022-01-06T17:30-07:00,0.5277044854881203
2022-01-06T17:45-07:00,0.5235602094240774
2022-01-06T18:00-07:00,0.49627791563275436
2022-01-06T18:15-07:00,0.5248618784530323
2022-01-06T18:30-07:00,0.5363036303630363
2022-01-06T18:45-07:00,0.549224220788143
2022-01-06T19:00-07:00,0.5349794238683128
2022-01-06T19:15-07:00,0.548320767649081
2022-01-06T19:30-07:00,0.5517241379310408
2022-01-06T19:45-07:00,0.5242102358945998
2022-01-06T20:00-07:00,0.5231277533039584
2022-01-06T20:15-07:00,0.5365249690466364
2022-01-06T20:30-07:00,0.5229117930370104
2022-01-06T20:45-07:00,0.5360824742268041
2022-01-06T21:00-07:00,0.4930156121610518
2022-01-06T21:15-07:00,0.5084512848701451
2022-01-06T21:30-07:00,0.5356407086938607
2022-01-06T21:45-07:00,0.5211905088465169
2022-01-06T22:00-07:00,0.4820272689712098
2022-01-06T22:15-07:00,0.5360824742268041
2022-01-06T22:30-07:00,0.5387484459179445
2022-01-06T22:45-07:00,0.5367464905037159
2022-01-06T23:00-07:00,0.5222649807586524
2022-01-06T23:15-07:00,0.49403046521202143
2022-01-06T23:30-07:00,0.5480953685941417
2022-01-06T23:45-07:00,0.5343197698314838
2022-01-07T00:00-07:00,0.5644273127753241
2022-01-07T00:15-07:00,0.5503577325261483
2022-01-07T00:30-07:00,0.5231277533039584
2022-01-07T00:45-07:00,0.49627791563275436
2022-01-07T01:00-07:00,0.49627791563275436
2022-01-07T01:15-07:00,0.5374121537825548
2022-01-07T01:30-07:00,0.5095015147342393
2022-01-07T01:45-07:00,0.5222649807586524
2022-01-07T02:00-07:00,0.5088708568285031
2022-01-07T02:15-07:00,0.5648939101680841
2022-01-07T02:30-07:00,0.5371900826446281
2022-01-07T02:45-07:00,0.5644273127753241
2022-01-07T03:00-07:00,0.49586776859504134
2022-01-07T03:15-07:00,0.49566294919454773
2022-01-07T03:30-07:00,0.5099228224917373
2022-01-07T03:45-07:00,0.5376344086021505
2022-01-07T04:00-07:00,0.523993381136232
2022-01-07T04:15-07:00,0.4830251173060936
2022-01-07T04:30-07:00,0.5363036303630363
2022-01-07T04:45-07:00,0.5090809025866876
2022-01-07T05:00-07:00,0.5674740484429003
2022-01-07T05:15-07:00,0.5782734407269723
2022-01-07T05:30-07:00,0.5777961205117623
2022-01-07T05:45-07:00,0.48242591316332933
2022-01-07T06:00-07:00,0.5403158769742311
2022-01-07T06:15-07:00,0.5363036303630363
2022-01-07T06:30-07:00,0.5229117930370104
2022-01-07T06:45-07:00,0.5354200988467874
2022-01-07T07:00-07:00,0.5084512848701451
2022-01-07T07:15-07:00,0.5235602094240774
2022-01-07T07:30-07:00,0.5510400881664204
2022-01-07T07:45-07:00,0.5101337377636903
2022-01-07T08:00-07:00,0.5371900826446281
2022-01-07T08:15-07:00,0.4679972470750235
2022-01-07T08:30-07:00,0.523993381136232
2022-01-07T08:45-07:00,0.5248618784530323
2022-01-07T09:00-07:00,0.5376344086021505
2022-01-07T09:15-07:00,0.5367464905037159
2022-01-07T09:30-07:00,0.5095015147342393
2022-01-07T09:45-07:00,0.5480953685941417
2022-01-07T10:00-07:00,0.565127498277044
2022-01-07T10:15-07:00,0.5242102358945998
2022-01-07T10:30-07:00,0.5222649807586524
2022-01-07T10:45-07:00,0.5349794238683128
2022-01-07T11:00-07:00,0.5485463521667644
2022-01-07T11:15-07:00,0.48024149286497725
2022-01-07T11:30-07:00,0.5349794238683128
2022-01-07T11:45-07:00,0.523993381136232
2022-01-07T12:00-07:00,0.5248618784530323
2022-01-07T12:15-07:00,0.549224220788143
2022-01-07T12:30-07:00,0.5376344086021505
2022-01-07T12:45-07:00,0.48182819383259284
2022-01-07T13:00-07:00,0.4798464491362701
2022-01-07T13:15-07:00,0.5237767057201866
2022-01-07T13:30-07:00,0.5105560921760791
2022-01-07T13:45-07:00,0.46935394809498143
2022-01-07T14:00-07:00,0.4697430229345186
2022-01-07T14:15-07:00,0.4679972470750235
2022-01-07T14:30-07:00,0.46896551724138563
2022-01-07T14:45-07:00,0.4820272689712098
2022-01-07T15:00-07:00,0.5237767057201866
2022-01-07T15:15-07:00,0.5118273620141162
2022-01-07T15:30-07:00,0.5088708568285031
2022-01-07T15:45-07:00,0.4975124378109453
2022-01-07T16:00-07:00,0.5235602094240774
2022-01-07T16:15-07:00,0.4836258118004635
2022-01-07T16:30-07:00,0.4858411993336972
2022-01-07T16:45-07:00,0.5109791465267292
2022-01-07T17:00-07:00,0.4942339373970346
2022-01-07T17:15-07:00,0.5378568473314026
2022-01-07T17:30-07:00,0.5237767057201866
2022-01-07T17:45-07:00,0.5363036303630363
2022-01-07T18:00-07:00,0.538971807628524
2022-01-07T18:15-07:00,0.5501306560308136
2022-01-07T18:30-07:00,0.5220497321060522
2022-01-07T18:45-07:00,0.5367464905037159
2022-01-07T19:00-07:00,0.53696819496076
2022-01-07T19:15-07:00,0.5535566011624752
2022-01-07T19:30-07:00,0.5385252692626347
2022-01-07T19:45-07:00,0.5385252692626347
2022-01-07T20:00-07:00,0.5248618784530323
2022-01-07T20:15-07:00,0.5530973451327497
2022-01-07T20:30-07:00,0.5801906340654787
2022-01-07T20:45-07:00,0.538971807628524
2022-01-07T21:00-07:00,0.5380794701986755
2022-01-07T21:15-07:00,0.5220497321060522
2022-01-07T21:30-07:00,0.5233438920258855
2022-01-07T21:45-07:00,0.5505849965588501
2022-01-07T22:00-07:00,0.551267916207283
2022-01-07T22:15-07:00,0.5252972076306268
2022-01-07T22:30-07:00,0.5235602094240774
2022-01-07T22:45-07:00,0.549224220788143
2022-01-07T23:00-07:00,0.57684384013185
2022-01-07T23:15-07:00,0.49648324369052543
2022-01-07T23:30-07:00,0.5233438920258855
2022-01-07T23:45-07:00,0.5371900826446281
2022-01-08T00:00-07:00,0.5078232226187271
2022-01-08T00:15-07:00,0.5211905088465169
2022-01-08T00:30-07:00,0.523993381136232
2022-01-08T00:45-07:00,0.4820272689712098
2022-01-08T01:00-07:00,0.5090809025866876
2022-01-08T01:15-07:00,0.5084512848701451
2022-01-08T01:30-07:00,0.4808352795713634
2022-01-08T01:45-07:00,0.5220497321060522
2022-01-08T02:00-07:00,0.5071967100754003
2022-01-08T02:15-07:00,0.5211905088465169
2022-01-08T02:30-07:00,0.5071967100754003
2022-01-08T02:45-07:00,0.5222649807586524
2022-01-08T03:00-07:00,0.5222649807586524
2022-01-08T03:15-07:00,0.5214050493962615
2022-01-08T03:30-07:00,0.5349794238683128
2022-01-08T03:45-07:00,0.5351996706463565
2022-01-08T04:00-07:00,0.4948453608247423
2022-01-08T04:15-07:00,0.524427270218045
2022-01-08T04:30-07:00,0.53696819496076
2022-01-08T04:45-07:00,0.5517241379310408
2022-01-08T05:00-07:00,0.551267916207283
2022-01-08T05:15-07:00,0.5394190871369294
2022-01-08T05:30-07:00,0.5343197698314838
2022-01-08T05:45-07:00,0.5758946935417524
2022-01-08T06:00-07:00,0.5345394736842105
2022-01-08T06:15-07:00,0.523993381136232
2022-01-08T06:30-07:00,0.5789909015715468
2022-01-08T06:45-07:00,0.5246444843296914
2022-01-08T07:00-07:00,0.5363036303630363
2022-01-08T07:15-07:00,0.5367464905037159
2022-01-08T07:30-07:00,0.49504950495049505
2022-01-08T07:45-07:00,0.5505849965588501
2022-01-08T08:00-07:00,0.49525381758151055
2022-01-08T08:15-07:00,0.48182819383259284
2022-01-08T08:30-07:00,0.5109791465267292
2022-01-08T08:45-07:00,0.4810335349092845
2022-01-08T09:00-07:00,0.4814305364511629
2022-01-08T09:15-07:00,0.49525381758151055
2022-01-08T09:30-07:00,0.45398266611638466
2022-01-08T09:45-07:00,0.4810335349092845
2022-01-08T10:00-07:00,0.49403046521202143
2022-01-08T10:15-07:00,0.5071967100754003
2022-01-08T10:30-07:00,0.5216197666437823
2022-01-08T10:45-07:00,0.49362402303578773
2022-01-08T11:00-07:00,0.49403046521202143
2022-01-08T11:15-07:00,0.4798464491362701
2022-01-08T11:30-07:00,0.4798464491362701
2022-01-08T11:45-07:00,0.46607265250171975
2022-01-08T12:00-07:00,0.4656896315573272
2022-01-08T12:15-07:00,0.5336617405582923
2022-01-08T12:30-07:00,0.48043925875085164
2022-01-08T12:45-07:00,0.4662643993417506
2022-01-08T13:00-07:00,0.4934210526315789
2022-01-08T13:15-07:00,0.5076142131979758
2022-01-08T13:30-07:00,0.5211905088465169
2022-01-08T13:45-07:00,0.4800438897270545
2022-01-08T14:00-07:00,0.49382716049382713
2022-01-08T14:15-07:00,0.4806371875858218
2022-01-08T14:30-07:00,0.5084512848701451
2022-01-08T14:45-07:00,0.4666483667307227
2022-01-08T15:00-07:00,0.4808352795713634
2022-01-08T15:15-07:00,0.5099228224917373
2022-01-08T15:30-07:00,0.48043925875085164
2022-01-08T15:45-07:00,0.46684058766992254
2022-01-08T16:00-07:00,0.49382716049382713
2022-01-08T16:15-07:00,0.48262548262547633
2022-01-08T16:30-07:00,0.5090809025866876
2022-01-08T16:45-07:00,0.5224804069847317
2022-01-08T17:00-07:00,0.48182819383259284
2022-01-08T17:15-07:00,0.4968944099378882
2022-01-08T17:30-07:00,0.5792304509722797
2022-01-08T17:45-07:00,0.5655952545178582
2022-01-08T18:00-07:00,0.5107675317504204
2022-01-08T18:15-07:00,0.5672385168787983
2022-01-08T18:30-07:00,0.5499037668408091
2022-01-08T18:45-07:00,0.5634964266080201
2022-01-08T19:00-07:00,0.5637288601677374
2022-01-08T19:15-07:00,0.5380794701986755
2022-01-08T19:30-07:00,0.5505849965588501
2022-01-08T19:45-07:00,0.5367464905037159
2022-01-08T20:00-07:00,0.57684384013185
2022-01-08T20:15-07:00,0.5521811154058595
2022-01-08T20:30-07:00,0.5508124483613392
2022-01-08T20:45-07:00,0.564194303013617
2022-01-08T21:00-07:00,0.5494505494505557
2022-01-08T21:15-07:00,0.562800274536713
2022-01-08T21:30-07:00,0.5233438920258855
2022-01-08T21:45-07:00,0.5777961205117623
2022-01-08T22:00-07:00,0.5921233819884393
2022-01-08T22:15-07:00,0.5371900826446281
2022-01-08T22:30-07:00,0.5378568473314026
2022-01-08T22:45-07:00,0.523993381136232
2022-01-08T23:00-07:00,0.5646605150805611
2022-01-08T23:15-07:00,0.5775577557755776
2022-01-08T23:30-07:00,0.5904160373472533
2022-01-08T23:45-07:00,0.5797101449275363
2022-01-09T00:00-07:00,0.5644273127753241
2022-01-09T00:15-07:00,0.5794701986754967
2022-01-09T00:30-07:00,0.5501306560308136
2022-01-09T00:45-07:00,0.564194303013617
2022-01-09T01:00-07:00,0.5499037668408091
2022-01-09T01:15-07:00,0.5505849965588501
2022-01-09T01:30-07:00,0.5090809025866876
2022-01-09T01:45-07:00,0.5499037668408091
2022-01-09T02:00-07:00,0.5639614855570776
2022-01-09T02:15-07:00,0.5644273127753241
2022-01-09T02:30-07:00,0.5363036303630363
2022-01-09T02:45-07:00,0.5773195876288659
2022-01-09T03:00-07:00,0.5216197666437823
2022-01-09T03:15-07:00,0.5235602094240774
2022-01-09T03:30-07:00,0.5224804069847317
2022-01-09T03:45-07:00,0.5787515502273667
2022-01-09T04:00-07:00,0.5510400881664204
2022-01-09T04:15-07:00,0.5923680947789015
2022-01-09T04:30-07:00,0.5235602094240774
2022-01-09T04:45-07:00,0.5792304509722797
2022-01-09T05:00-07:00,0.4971002485501243
2022-01-09T05:15-07:00,0.5528680027643463
2022-01-09T05:30-07:00,0.5235602094240774
2022-01-09T05:45-07:00,0.5646605150805611
2022-01-09T06:00-07:00,0.5653612796469877
2022-01-09T06:15-07:00,0.5514959327175025
2022-01-09T06:30-07:00,0.5105560921760791
2022-01-09T06:45-07:00,0.5363036303630363
2022-01-09T07:00-07:00,0.5360824742268041
2022-01-09T07:15-07:00,0.5354200988467874
2022-01-09T07:30-07:00,0.549224220788143
2022-01-09T07:45-07:00,0.5499037668408091
2022-01-09T08:00-07:00,0.5078232226187271
2022-01-09T08:15-07:00,0.4822265086800709
2022-01-09T08:30-07:00,0.49566294919454773
2022-01-09T08:45-07:00,0.495458298926507
2022-01-09T09:00-07:00,0.49443757725587145
2022-01-09T09:15-07:00,0.4810335349092845
2022-01-09T09:30-07:00,0.49382716049382713
2022-01-09T09:45-07:00,0.48043925875085164
2022-01-09T10:00-07:00,0.46607265250171975
2022-01-09T10:15-07:00,0.4796491708921412
2022-01-09T10:30-07:00,0.4794520547945143
2022-01-09T10:45-07:00,0.46607265250171975
2022-01-09T11:00-07:00,0.4519309778142975
2022-01-09T11:15-07:00,0.46530723963323467
2022-01-09T11:30-07:00,0.46492547518119043
2022-01-09T11:45-07:00,0.4784688995215248
2022-01-09T12:00-07:00,0.4374572795625365
2022-01-09T12:15-07:00,0.42547351084271834
2022-01-09T12:30-07:00,0.4252983948415483
2022-01-09T12:45-07:00,0.45304777594728174
2022-01-09T13:00-07:00,0.4666483667307227
2022-01-09T13:15-07:00,0.43889727060759215
2022-01-09T13:30-07:00,0.42512342292924377
2022-01-09T13:45-07:00,0.45248868778280543
2022-01-09T14:00-07:00,0.46645630401976207
2022-01-09T14:15-07:00,0.5074053757542575
2022-01-09T14:30-07:00,0.45286125977768626
2022-01-09T14:45-07:00,0.42599972516147394
2022-01-09T15:00-07:00,0.495458298926507
2022-01-09T15:15-07:00,0.4551096400496483
2022-01-09T15:30-07:00,0.48182819383259284
2022-01-09T15:45-07:00,0.4812319538017262
2022-01-09T16:00-07:00,0.45398266611638466
2022-01-09T16:15-07:00,0.4816292830604038
2022-01-09T16:30-07:00,0.4834254143646346
2022-01-09T16:45-07:00,0.5095015147342393
2022-01-09T17:00-07:00,0.5088708568285031
2022-01-09T17:15-07:00,0.5214050493962615
2022-01-09T17:30-07:00,0.5088708568285031
2022-01-09T17:45-07:00,0.5229117930370104
2022-01-09T18:00-07:00,0.5505849965588501
2022-01-09T18:15-07:00,0.5505849965588501
2022-01-09T18:30-07:00,0.5097120815539393
2022-01-09T18:45-07:00,0.5229117930370104
2022-01-09T19:00-07:00,0.5499037668408091
2022-01-09T19:15-07:00,0.5761316872427984
2022-01-09T19:30-07:00,0.562800274536713
2022-01-09T19:45-07:00,0.5220497321060522
2022-01-09T20:00-07:00,0.562800274536713
2022-01-09T20:15-07:00,0.5609522506498774
2022-01-09T20:30-07:00,0.49586776859504134
2022-01-09T20:45-07:00,0.5367464905037159
2022-01-09T21:00-07:00,0.5095015147342393
2022-01-09T21:15-07:00,0.5360824742268041
2022-01-09T21:30-07:00,0.5226960110041202
2022-01-09T21:45-07:00,0.5226960110041202
2022-01-09T22:00-07:00,0.5496770647244806
2022-01-09T22:15-07:00,0.5224804069847317
2022-01-09T22:30-07:00,0.5354200988467874
2022-01-09T22:45-07:00,0.5220497321060522
2022-01-09T23:00-07:00,0.6029875291215505
2022-01-09T23:15-07:00,0.5658294231299964
2022-01-09T23:30-07:00,0.551267916207283
2022-01-09T23:45-07:00,0.53696819496076
2022-01-10T00:00-07:00,0.5235602094240774
2022-01-10T00:15-07:00,0.5383022774327122
2022-01-10T00:30-07:00,0.5376344086021505
2022-01-10T00:45-07:00,0.5510400881664204
2022-01-10T01:00-07:00,0.5367464905037159
2022-01-10T01:15-07:00,0.5242102358945998
2022-01-10T01:30-07:00,0.5517241379310408
2022-01-10T01:45-07:00,0.565127498277044
2022-01-10T02:00-07:00,0.5625686059275459
2022-01-10T02:15-07:00,0.5496770647244806
2022-01-10T02:30-07:00,0.5224804069847317
2022-01-10T02:45-07:00,0.5499037668408091
2022-01-10T03:00-07:00,0.5494505494505557
2022-01-10T03:15-07:00,0.5503577325261483
2022-01-10T03:30-07:00,0.5644273127753241
2022-01-10T03:45-07:00,0.53696819496076
2022-01-10T04:00-07:00,0.5653612796469877
2022-01-10T04:15-07:00,0.5528680027643463
2022-01-10T04:30-07:00,0.5530973451327497
2022-01-10T04:45-07:00,0.5374121537825548
2022-01-10T05:00-07:00,0.5644273127753241
2022-01-10T05:15-07:00,0.5806719203649938
2022-01-10T05:30-07:00,0.5376344086021505
2022-01-10T05:45-07:00,0.5653612796469877
2022-01-10T06:00-07:00,0.5387484459179445
2022-01-10T06:15-07:00,0.5665330938234012
2022-01-10T06:30-07:00,0.5948263936920799
2022-01-10T06:45-07:00,0.5510400881664204
2022-01-10T07:00-07:00,0.562800274536713
2022-01-10T07:15-07:00,0.5494505494505557
2022-01-10T07:30-07:00,0.5394190871369294
2022-01-10T07:45-07:00,0.5118273620141162
2022-01-10T08:00-07:00,0.5371900826446281
2022-01-10T08:15-07:00,0.5376344086021505
2022-01-10T08:30-07:00,0.5371900826446281
2022-01-10T08:45-07:00,0.5374121537825548
2022-01-10T09:00-07:00,0.5514959327175025
2022-01-10T09:15-07:00,0.5231277533039584
2022-01-10T09:30-07:00,0.5909028445788163
2022-01-10T09:45-07:00,0.5501306560308136
2022-01-10T10:00-07:00,0.5229117930370104
2022-01-10T10:15-07:00,0.5632641846407411
2022-01-10T10:30-07:00,0.5363036303630363
2022-01-10T10:45-07:00,0.5496770647244806
2022-01-10T11:00-07:00,0.5207619569686109
2022-01-10T11:15-07:00,0.5237767057201866
2022-01-10T11:30-07:00,0.5224804069847317
2022-01-10T11:45-07:00,0.5082417582417645
2022-01-10T12:00-07:00,0.49566294919454773
2022-01-10T12:15-07:00,0.5250794528119324
2022-01-10T12:30-07:00,0.4975124378109453
2022-01-10T12:45-07:00,0.4975124378109453
2022-01-10T13:00-07:00,0.47052311098810484
2022-01-10T13:15-07:00,0.4687715428098781
2022-01-10T13:30-07:00,0.48024149286497725
2022-01-10T13:45-07:00,0.5080324042290327
2022-01-10T14:00-07:00,0.46993780234969534
2022-01-10T14:15-07:00,0.4691596522699111
2022-01-10T14:30-07:00,0.495458298926507
2022-01-10T14:45-07:00,0.46780407264722695
2022-01-10T15:00-07:00,0.48242591316332933
2022-01-10T15:15-07:00,0.4834254143646346
2022-01-10T15:30-07:00,0.46896551724138563
2022-01-10T15:45-07:00,0.454733360892931
2022-01-10T16:00-07:00,0.49443757725587145
2022-01-10T16:15-07:00,0.508660984327749
2022-01-10T16:30-07:00,0.45398266611638466
2022-01-10T16:45-07:00,0.4822265086800709
2022-01-10T17:00-07:00,0.5099228224917373
2022-01-10T17:15-07:00,0.511190936722858
2022-01-10T17:30-07:00,0.5263886964953531
2022-01-10T17:45-07:00,0.5092911218169368
2022-01-10T18:00-07:00,0.5224804069847317
2022-01-10T18:15-07:00,0.5082417582417645
2022-01-10T18:30-07:00,0.5391953546246371
2022-01-10T18:45-07:00,0.5122525266509824
2022-01-10T19:00-07:00,0.5237767057201866
2022-01-10T19:15-07:00,0.5508124483613392
2022-01-10T19:30-07:00,0.5782734407269723
2022-01-10T19:45-07:00,0.565127498277044
2022-01-10T20:00-07:00,0.551267916207283
2022-01-10T20:15-07:00,0.5909028445788163
2022-01-10T20:30-07:00,0.5354200988467874
2022-01-10T20:45-07:00,0.5621058404167747
2022-01-10T21:00-07:00,0.5371900826446281
2022-01-10T21:15-07:00,0.508660984327749
2022-01-10T21:30-07:00,0.53696819496076
2022-01-10T21:45-07:00,0.5496770647244806
2022-01-10T22:00-07:00,0.5777961205117623
2022-01-10T22:15-07:00,0.5394190871369294
2022-01-10T22:30-07:00,0.511190936722858
2022-01-10T22:45-07:00,0.524427270218045
2022-01-10T23:00-07:00,0.5226960110041202
2022-01-10T23:15-07:00,0.5231277533039584
2022-01-10T23:30-07:00,0.5499037668408091
2022-01-10T23:45-07:00,0.5521811154058595
2022-01-11T00:00-07:00,0.5126783982264163
2022-01-11T00:15-07:00,0.5653612796469877
2022-01-11T00:30-07:00,0.523993381136232
2022-01-11T00:45-07:00,0.5646605150805611
2022-01-11T01:00-07:00,0.5224804069847317
2022-01-11T01:15-07:00,0.5521811154058595
2022-01-11T01:30-07:00,0.5519525320822473
2022-01-11T01:45-07:00,0.5380794701986755
2022-01-11T02:00-07:00,0.5510400881664204
2022-01-11T02:15-07:00,0.5231277533039584
2022-01-11T02:30-07:00,0.5782734407269723
2022-01-11T02:45-07:00,0.5229117930370104
2022-01-11T03:00-07:00,0.5229117930370104
2022-01-11T03:15-07:00,0.551267916207283
2022-01-11T03:30-07:00,0.5101337377636903
2022-01-11T03:45-07:00,0.564194303013617
2022-01-11T04:00-07:00,0.5226960110041202
2022-01-11T04:15-07:00,0.538971807628524
2022-01-11T04:30-07:00,0.5648939101680841
2022-01-11T04:45-07:00,0.551267916207283
2022-01-11T05:00-07:00,0.5517241379310408
2022-01-11T05:15-07:00,0.5519525320822473
2022-01-11T05:30-07:00,0.5789909015715468
2022-01-11T05:45-07:00,0.5644273127753241
2022-01-11T06:00-07:00,0.5660637857241412
2022-01-11T06:15-07:00,0.5510400881664204
2022-01-11T06:30-07:00,0.5660637857241412
2022-01-11T06:45-07:00,0.5674740484429003
2022-01-11T07:00-07:00,0.5811540058115401
2022-01-11T07:15-07:00,0.485033259423497
2022-01-11T07:30-07:00,0.565127498277044
2022-01-11T07:45-07:00,0.5782734407269723
2022-01-11T08:00-07:00,0.5224804069847317
2022-01-11T08:15-07:00,0.5380794701986755
2022-01-11T08:30-07:00,0.5674740484429003
2022-01-11T08:45-07:00,0.5634964266080201
2022-01-11T09:00-07:00,0.5343197698314838
2022-01-11T09:15-07:00,0.5097120815539393
2022-01-11T09:30-07:00,0.5101337377636903
2022-01-11T09:45-07:00,0.48043925875085164
2022-01-11T10:00-07:00,0.49586776859504134
2022-01-11T10:15-07:00,0.4685777287761915
2022-01-11T10:30-07:00,0.4552980132450331
2022-01-11T10:45-07:00,0.46896551724138563
2022-01-11T11:00-07:00,0.45757071547420963
2022-01-11T11:15-07:00,0.45586406962287607
2022-01-11T11:30-07:00,0.4552980132450331
2022-01-11T11:45-07:00,0.45567522783761394
2022-01-11T12:00-07:00,0.46935394809498143
2022-01-11T12:15-07:00,0.44162296439414217
2022-01-11T12:30-07:00,0.4832251829352415
2022-01-11T12:45-07:00,0.46993780234969534
2022-01-11T13:00-07:00,0.4842280022136074
2022-01-11T13:15-07:00,0.48463029631680343
2022-01-11T13:30-07:00,0.43907793633369296
2022-01-11T13:45-07:00,0.45230263157894735
2022-01-11T14:00-07:00,0.45286125977768626
2022-01-11T14:15-07:00,0.4942339373970346
2022-01-11T14:30-07:00,0.4394397143641794
2022-01-11T14:45-07:00,0.4394397143641794
2022-01-11T15:00-07:00,0.4670329670329733
2022-01-11T15:15-07:00,0.4995836802664446
2022-01-11T15:30-07:00,0.49362402303578773
2022-01-11T15:45-07:00,0.4800438897270545
2022-01-11T16:00-07:00,0.4808352795713634
2022-01-11T16:15-07:00,0.4810335349092845
2022-01-11T16:30-07:00,0.4808352795713634
2022-01-11T16:45-07:00,0.49382716049382713
2022-01-11T17:00-07:00,0.523993381136232
2022-01-11T17:15-07:00,0.5257332595462029
2022-01-11T17:30-07:00,0.5374121537825548
2022-01-11T17:45-07:00,0.548320767649081
2022-01-11T18:00-07:00,0.5646605150805611
2022-01-11T18:15-07:00,0.5918788713007633
2022-01-11T18:30-07:00,0.5658294231299964
2022-01-11T18:45-07:00,0.5517241379310408
2022-01-11T19:00-07:00,0.5231277533039584
2022-01-11T19:15-07:00,0.5371900826446281
2022-01-11T19:30-07:00,0.5365249690466364
2022-01-11T19:45-07:00,0.5363036303630363
2022-01-11T20:00-07:00,0.5763688760806917
2022-01-11T20:15-07:00,0.564194303013617
2022-01-11T20:30-07:00,0.5501306560308136
2022-01-11T20:45-07:00,0.5780346820809249
2022-01-11T21:00-07:00,0.5487721223761896
2022-01-11T21:15-07:00,0.5222649807586524
2022-01-11T21:30-07:00,0.5775577557755776
2022-01-11T21:45-07:00,0.5494505494505557
2022-01-11T22:00-07:00,0.5374121537825548
2022-01-11T22:15-07:00,0.5082417582417645
2022-01-11T22:30-07:00,0.5385252692626347
2022-01-11T22:45-07:00,0.5383022774327122
2022-01-11T23:00-07:00,0.5101337377636903
2022-01-11T23:15-07:00,0.5235602094240774
2022-01-11T23:30-07:00,0.5090809025866876
2022-01-11T23:45-07:00,0.5371900826446281
2022-01-12T00:00-07:00,0.5773195876288659
2022-01-12T00:15-07:00,0.5266075388026544
2022-01-12T00:30-07:00,0.5514959327175025
2022-01-12T00:45-07:00,0.5514959327175025
2022-01-12T01:00-07:00,0.5374121537825548
2022-01-12T01:15-07:00,0.5508124483613392
2022-01-12T01:30-07:00,0.5090809025866876
2022-01-12T01:45-07:00,0.5499037668408091
2022-01-12T02:00-07:00,0.5906593406593469
2022-01-12T02:15-07:00,0.5501306560308136
2022-01-12T02:30-07:00,0.5503577325261483
2022-01-12T02:45-07:00,0.5503577325261483
2022-01-12T03:00-07:00,0.5646605150805611
2022-01-12T03:15-07:00,0.5646605150805611
2022-01-12T03:30-07:00,0.5242102358945998
2022-01-12T03:45-07:00,0.5514959327175025
2022-01-12T04:00-07:00,0.5653612796469877
2022-01-12T04:15-07:00,0.5535566011624752
2022-01-12T04:30-07:00,0.5231277533039584
2022-01-12T04:45-07:00,0.5792304509722797
2022-01-12T05:00-07:00,0.5246444843296914
2022-01-12T05:15-07:00,0.5501306560308136
2022-01-12T05:30-07:00,0.5789909015715468
2022-01-12T05:45-07:00,0.5380794701986755
2022-01-12T06:00-07:00,0.5655952545178582
2022-01-12T06:15-07:00,0.5380794701986755
2022-01-12T06:30-07:00,0.5380794701986755
2022-01-12T06:45-07:00,0.5514959327175025
2022-01-12T07:00-07:00,0.5503577325261483
2022-01-12T07:15-07:00,0.5233438920258855
2022-01-12T07:30-07:00,0.523993381136232
2022-01-12T07:45-07:00,0.5124653739612252
2022-01-12T08:00-07:00,0.5505849965588501
2022-01-12T08:15-07:00,0.5365249690466364
2022-01-12T08:30-07:00,0.5231277533039584
2022-01-12T08:45-07:00,0.5374121537825548
2022-01-12T09:00-07:00,0.5088708568285031
2022-01-12T09:15-07:00,0.5103448275862132
2022-01-12T09:30-07:00,0.494641384995878
2022-01-12T09:45-07:00,0.5088708568285031
2022-01-12T10:00-07:00,0.46741820181468874
2022-01-12T10:15-07:00,0.47052311098810484
2022-01-12T10:30-07:00,0.4560530679933665
2022-01-12T10:45-07:00,0.49730625777041026
2022-01-12T11:00-07:00,0.48463029631680343
2022-01-12T11:15-07:00,0.48043925875085164
2022-01-12T11:30-07:00,0.49382716049382713
2022-01-12T11:45-07:00,0.5218346608074642
2022-01-12T12:00-07:00,0.4934210526315789
2022-01-12T12:15-07:00,0.4942339373970346
2022-01-12T12:30-07:00,0.49443757725587145
2022-01-12T12:45-07:00,0.5220497321060522
2022-01-12T13:00-07:00,0.4672255050158095
2022-01-12T13:15-07:00,0.5489980785067315
2022-01-12T13:30-07:00,0.508660984327749
2022-01-12T13:45-07:00,0.5211905088465169
2022-01-12T14:00-07:00,0.5101337377636903
2022-01-12T14:15-07:00,0.4840271055179027
2022-01-12T14:30-07:00,0.5105560921760791
2022-01-12T14:45-07:00,0.52704576976421
2022-01-12T15:00-07:00,0.5248618784530323
2022-01-12T15:15-07:00,0.5398671096345515
2022-01-12T15:30-07:00,0.5394190871369294
2022-01-12T15:45-07:00,0.526826563149862
2022-01-12T16:00-07:00,0.5398671096345515
2022-01-12T16:15-07:00,0.5376344086021505
2022-01-12T16:30-07:00,0.5371900826446281
2022-01-12T16:45-07:00,0.49627791563275436
2022-01-12T17:00-07:00,0.5363036303630363
2022-01-12T17:15-07:00,0.495458298926507
2022-01-12T17:30-07:00,0.5237767057201866
2022-01-12T17:45-07:00,0.5229117930370104
2022-01-12T18:00-07:00,0.5634964266080201
2022-01-12T18:15-07:00,0.5547080848703433
2022-01-12T18:30-07:00,0.5503577325261483
2022-01-12T18:45-07:00,0.5356407086938607
2022-01-12T19:00-07:00,0.5494505494505557
2022-01-12T19:15-07:00,0.564194303013617
2022-01-12T19:30-07:00,0.523993381136232
2022-01-12T19:45-07:00,0.551267916207283
2022-01-12T20:00-07:00,0.5494505494505557
2022-01-12T20:15-07:00,0.5517241379310408
2022-01-12T20:30-07:00,0.5653612796469877
2022-01-12T20:45-07:00,0.5658294231299964
2022-01-12T21:00-07:00,0.49586776859504134
2022-01-12T21:15-07:00,0.5514959327175025
2022-01-12T21:30-07:00,0.5514959327175025
2022-01-12T21:45-07:00,0.5371900826446281
2022-01-12T22:00-07:00,0.5761316872427984
2022-01-12T22:15-07:00,0.5789909015715468
2022-01-12T22:30-07:00,0.524427270218045
2022-01-12T22:45-07:00,0.5510400881664204
2022-01-12T23:00-07:00,0.5222649807586524
2022-01-12T23:15-07:00,0.5501306560308136
2022-01-12T23:30-07:00,0.49648324369052543
2022-01-12T23:45-07:00,0.551267916207283
2022-01-13T00:00-07:00,0.5367464905037159
2022-01-13T00:15-07:00,0.5494505494505557
2022-01-13T00:30-07:00,0.549224220788143
2022-01-13T00:45-07:00,0.5623371279659792
2022-01-13T01:00-07:00,0.5623371279659792
2022-01-13T01:15-07:00,0.5644273127753241
2022-01-13T01:30-07:00,0.5216197666437823
2022-01-13T01:45-07:00,0.5625686059275459
2022-01-13T02:00-07:00,0.5634964266080201
2022-01-13T02:15-07:00,0.5365249690466364
2022-01-13T02:30-07:00,0.5363036303630363
2022-01-13T02:45-07:00,0.5501306560308136
2022-01-13T03:00-07:00,0.5634964266080201
2022-01-13T03:15-07:00,0.5644273127753241
2022-01-13T03:30-07:00,0.5634964266080201
2022-01-13T03:45-07:00,0.5637288601677374
2022-01-13T04:00-07:00,0.5913904552331242
2022-01-13T04:15-07:00,0.5660637857241412
2022-01-13T04:30-07:00,0.5662983425414302
2022-01-13T04:45-07:00,0.5945796460177054
2022-01-13T05:00-07:00,0.5787515502273667
2022-01-13T05:15-07:00,0.551267916207283
2022-01-13T05:30-07:00,0.5658294231299964
2022-01-13T05:45-07:00,0.5648939101680841
2022-01-13T06:00-07:00,0.5787515502273667
2022-01-13T06:15-07:00,0.5503577325261483
2022-01-13T06:30-07:00,0.5514959327175025
2022-01-13T06:45-07:00,0.5911465493538693
2022-01-13T07:00-07:00,0.5499037668408091
2022-01-13T07:15-07:00,0.5092911218169368
2022-01-13T07:30-07:00,0.5519525320822473
2022-01-13T07:45-07:00,0.5097120815539393
2022-01-13T08:00-07:00,0.5367464905037159
2022-01-13T08:15-07:00,0.5118273620141162
2022-01-13T08:30-07:00,0.5918788713007633
2022-01-13T08:45-07:00,0.5681818181818118
2022-01-13T09:00-07:00,0.5816368923971749
2022-01-13T09:15-07:00,0.5387484459179445
2022-01-13T09:30-07:00,0.5358615004122012
2022-01-13T09:45-07:00,0.5201204489460655
2022-01-13T10:00-07:00,0.549224220788143
2022-01-13T10:15-07:00,0.5489980785067315
2022-01-13T10:30-07:00,0.5205479452054732
2022-01-13T10:45-07:00,0.5237767057201866
2022-01-13T11:00-07:00,0.5248618784530323
2022-01-13T11:15-07:00,0.5237767057201866
2022-01-13T11:30-07:00,0.5792304509722797
2022-01-13T11:45-07:00,0.523993381136232
2022-01-13T12:00-07:00,0.5235602094240774
2022-01-13T12:15-07:00,0.5535566011624752
2022-01-13T12:30-07:00,0.5101337377636903
2022-01-13T12:45-07:00,0.5114029025570208
2022-01-13T13:00-07:00,0.5250794528119324
2022-01-13T13:15-07:00,0.5105560921760791
2022-01-13T13:30-07:00,0.46935394809498143
2022-01-13T13:45-07:00,0.5101337377636903
2022-01-13T14:00-07:00,0.5374121537825548
2022-01-13T14:15-07:00,0.5374121537825548
2022-01-13T14:30-07:00,0.5365249690466364
2022-01-13T14:45-07:00,0.5365249690466364
2022-01-13T15:00-07:00,0.4966887417218543
2022-01-13T15:15-07:00,0.5519525320822473
2022-01-13T15:30-07:00,0.5092911218169368
2022-01-13T15:45-07:00,0.5639614855570776
2022-01-13T16:00-07:00,0.5632641846407411
2022-01-13T16:15-07:00,0.5674740484429003
2022-01-13T16:30-07:00,0.524427270218045
2022-01-13T16:45-07:00,0.538971807628524
2022-01-13T17:00-07:00,0.5257332595462029
2022-01-13T17:15-07:00,0.5279244234509523
2022-01-13T17:30-07:00,0.5670031807495443
2022-01-13T17:45-07:00,0.5526388505111972
2022-01-13T18:00-07:00,0.5662983425414302
2022-01-13T18:15-07:00,0.5371900826446281
2022-01-13T18:30-07:00,0.591634562465609
2022-01-13T18:45-07:00,0.5773195876288659
2022-01-13T19:00-07:00,0.5763688760806917
2022-01-13T19:15-07:00,0.5499037668408091
2022-01-13T19:30-07:00,0.5365249690466364
2022-01-13T19:45-07:00,0.5639614855570776
2022-01-13T20:00-07:00,0.5625686059275459
2022-01-13T20:15-07:00,0.5517241379310408
2022-01-13T20:30-07:00,0.53696819496076
2022-01-13T20:45-07:00,0.5648939101680841
2022-01-13T21:00-07:00,0.5485463521667644
2022-01-13T21:15-07:00,0.5503577325261483
2022-01-13T21:30-07:00,0.5211905088465169
2022-01-13T21:45-07:00,0.5250794528119324
2022-01-13T22:00-07:00,0.5360824742268041
2022-01-13T22:15-07:00,0.4808352795713634
2022-01-13T22:30-07:00,0.5222649807586524
2022-01-13T22:45-07:00,0.5505849965588501
2022-01-13T23:00-07:00,0.5499037668408091
2022-01-13T23:15-07:00,0.549224220788143
2022-01-13T23:30-07:00,0.5385252692626347
2022-01-13T23:45-07:00,0.5082417582417645
2022-01-14T00:00-07:00,0.5338809034907598
2022-01-14T00:15-07:00,0.49627791563275436
2022-01-14T00:30-07:00,0.5101337377636903
2022-01-14T00:45-07:00,0.5233438920258855
2022-01-14T01:00-07:00,0.5510400881664204
2022-01-14T01:15-07:00,0.49525381758151055
2022-01-14T01:30-07:00,0.5367464905037159
2022-01-14T01:45-07:00,0.5632641846407411
2022-01-14T02:00-07:00,0.5078232226187271
2022-01-14T02:15-07:00,0.5356407086938607
2022-01-14T02:30-07:00,0.5487721223761896
2022-01-14T02:45-07:00,0.564194303013617
2022-01-14T03:00-07:00,0.5367464905037159
2022-01-14T03:15-07:00,0.5510400881664204
2022-01-14T03:30-07:00,0.5646605150805611
2022-01-14T03:45-07:00,0.5510400881664204
2022-01-14T04:00-07:00,0.5101337377636903
2022-01-14T04:15-07:00,0.5528680027643463
2022-01-14T04:30-07:00,0.5526388505111972
2022-01-14T04:45-07:00,0.5537865152983588
2022-01-14T05:00-07:00,0.5540166204986213
2022-01-14T05:15-07:00,0.5528680027643463
2022-01-14T05:30-07:00,0.5248618784530323
2022-01-14T05:45-07:00,0.5813953488372093
2022-01-14T06:00-07:00,0.5528680027643463
2022-01-14T06:15-07:00,0.5632641846407411
2022-01-14T06:30-07:00,0.551267916207283
2022-01-14T06:45-07:00,0.5644273127753241
2022-01-14T07:00-07:00,0.5501306560308136
2022-01-14T07:15-07:00,0.5670031807495443
2022-01-14T07:30-07:00,0.5780346820809249
2022-01-14T07:45-07:00,0.5501306560308136
2022-01-14T08:00-07:00,0.5801906340654787
2022-01-14T08:15-07:00,0.5665330938234012
2022-01-14T08:30-07:00,0.5667680398119925
2022-01-14T08:45-07:00,0.5770816158285244
2022-01-14T09:00-07:00,0.5394190871369294
2022-01-14T09:15-07:00,0.5122525266509824
2022-01-14T09:30-07:00,0.5124653739612252
2022-01-14T09:45-07:00,0.5109791465267292
2022-01-14T10:00-07:00,0.5097120815539393
2022-01-14T10:15-07:00,0.5103448275862132
2022-01-14T10:30-07:00,0.4697430229345186
2022-01-14T10:45-07:00,0.552409888137004
2022-01-14T11:00-07:00,0.511190936722858
2022-01-14T11:15-07:00,0.5099228224917373
2022-01-14T11:30-07:00,0.4687715428098781
2022-01-14T11:45-07:00,0.4834254143646346
2022-01-14T12:00-07:00,0.4537953795379538
2022-01-14T12:15-07:00,0.4681905811071393
2022-01-14T12:30-07:00,0.5226960110041202
2022-01-14T12:45-07:00,0.48182819383259284
2022-01-14T13:00-07:00,0.5099228224917373
2022-01-14T13:15-07:00,0.49627791563275436
2022-01-14T13:30-07:00,0.5097120815539393
2022-01-14T13:45-07:00,0.523993381136232
2022-01-14T14:00-07:00,0.524427270218045
2022-01-14T14:15-07:00,0.5109791465267292
2022-01-14T14:30-07:00,0.5114029025570208
2022-01-14T14:45-07:00,0.5526388505111972
2022-01-14T15:00-07:00,0.5237767057201866
2022-01-14T15:15-07:00,0.48463029631680343
2022-01-14T15:30-07:00,0.4977187888842804
2022-01-14T15:45-07:00,0.508660984327749
2022-01-14T16:00-07:00,0.51203985607529
2022-01-14T16:15-07:00,0.49566294919454773
2022-01-14T16:30-07:00,0.5365249690466364
2022-01-14T16:45-07:00,0.5088708568285031
2022-01-14T17:00-07:00,0.5229117930370104
2022-01-14T17:15-07:00,0.53696819496076
2022-01-14T17:30-07:00,0.5356407086938607
2022-01-14T17:45-07:00,0.5899300315544033
2022-01-14T18:00-07:00,0.5623371279659792
2022-01-14T18:15-07:00,0.5505849965588501
2022-01-14T18:30-07:00,0.5775577557755776
2022-01-14T18:45-07:00,0.5103448275862132
2022-01-14T19:00-07:00,0.5797101449275363
2022-01-14T19:15-07:00,0.5371900826446281
2022-01-14T19:30-07:00,0.5519525320822473
2022-01-14T19:45-07:00,0.5797101449275363
2022-01-14T20:00-07:00,0.5371900826446281
2022-01-14T20:15-07:00,0.5639614855570776
2022-01-14T20:30-07:00,0.5517241379310408
2022-01-14T20:45-07:00,0.5787515502273667
2022-01-14T21:00-07:00,0.5103448275862132
2022-01-14T21:15-07:00,0.5508124483613392
2022-01-14T21:30-07:00,0.5514959327175025
2022-01-14T21:45-07:00,0.5503577325261483
2022-01-14T22:00-07:00,0.5367464905037159
2022-01-14T22:15-07:00,0.565127498277044
2022-01-14T22:30-07:00,0.5782734407269723
2022-01-14T22:45-07:00,0.5367464905037159
2022-01-14T23:00-07:00,0.5237767057201866
2022-01-14T23:15-07:00,0.551267916207283
2022-01-14T23:30-07:00,0.5499037668408091
2022-01-14T23:45-07:00,0.5503577325261483
2022-01-15T00:00-07:00,0.5655952545178582
2022-01-15T00:15-07:00,0.5084512848701451
2022-01-15T00:30-07:00,0.5489980785067315
2022-01-15T00:45-07:00,0.5625686059275459
2022-01-15T01:00-07:00,0.5246444843296914
2022-01-15T01:15-07:00,0.5508124483613392
2022-01-15T01:30-07:00,0.5510400881664204
2022-01-15T01:45-07:00,0.5387484459179445
2022-01-15T02:00-07:00,0.5363036303630363
2022-01-15T02:15-07:00,0.5646605150805611
2022-01-15T02:30-07:00,0.5360824742268041
2022-01-15T02:45-07:00,0.5496770647244806
2022-01-15T03:00-07:00,0.562800274536713
2022-01-15T03:15-07:00,0.5076142131979758
2022-01-15T03:30-07:00,0.5485463521667644
2022-01-15T03:45-07:00,0.5347593582887701
2022-01-15T04:00-07:00,0.5356407086938607
2022-01-15T04:15-07:00,0.5374121537825548
2022-01-15T04:30-07:00,0.5653612796469877
2022-01-15T04:45-07:00,0.5792304509722797
2022-01-15T05:00-07:00,0.5785123966942148
2022-01-15T05:15-07:00,0.5816368923971749
2022-01-15T05:30-07:00,0.552409888137004
2022-01-15T05:45-07:00,0.5943331029716719
2022-01-15T06:00-07:00,0.5394190871369294
2022-01-15T06:15-07:00,0.5510400881664204
2022-01-15T06:30-07:00,0.5365249690466364
2022-01-15T06:45-07:00,0.5367464905037159
2022-01-15T07:00-07:00,0.5489980785067315
2022-01-15T07:15-07:00,0.5517241379310408
2022-01-15T07:30-07:00,0.538971807628524
2022-01-15T07:45-07:00,0.5637288601677374
2022-01-15T08:00-07:00,0.548320767649081
2022-01-15T08:15-07:00,0.5371900826446281
2022-01-15T08:30-07:00,0.524427270218045
2022-01-15T08:45-07:00,0.5105560921760791
2022-01-15T09:00-07:00,0.53696819496076
2022-01-15T09:15-07:00,0.495458298926507
2022-01-15T09:30-07:00,0.5380794701986755
2022-01-15T09:45-07:00,0.5250794528119324
2022-01-15T10:00-07:00,0.5360824742268041
2022-01-15T10:15-07:00,0.5076142131979758
2022-01-15T10:30-07:00,0.49403046521202143
2022-01-15T10:45-07:00,0.4810335349092845
2022-01-15T11:00-07:00,0.5220497321060522
2022-01-15T11:15-07:00,0.5634964266080201
2022-01-15T11:30-07:00,0.5351996706463565
2022-01-15T11:45-07:00,0.5078232226187271
2022-01-15T12:00-07:00,0.5351996706463565
2022-01-15T12:15-07:00,0.48024149286497725
2022-01-15T12:30-07:00,0.5080324042290327
2022-01-15T12:45-07:00,0.48024149286497725
2022-01-15T13:00-07:00,0.5211905088465169
2022-01-15T13:15-07:00,0.5095015147342393
2022-01-15T13:30-07:00,0.4820272689712098
2022-01-15T13:45-07:00,0.48182819383259284
2022-01-15T14:00-07:00,0.5510400881664204
2022-01-15T14:15-07:00,0.5226960110041202
2022-01-15T14:30-07:00,0.5092911218169368
2022-01-15T14:45-07:00,0.5101337377636903
2022-01-15T15:00-07:00,0.5095015147342393
2022-01-15T15:15-07:00,0.5378568473314026
2022-01-15T15:30-07:00,0.49648324369052543
2022-01-15T15:45-07:00,0.5095015147342393
2022-01-15T16:00-07:00,0.5380794701986755
2022-01-15T16:15-07:00,0.5259515570934192
2022-01-15T16:30-07:00,0.51203985607529
2022-01-15T16:45-07:00,0.47052311098810484
2022-01-15T17:00-07:00,0.5383022774327122
2022-01-15T17:15-07:00,0.5097120815539393
2022-01-15T17:30-07:00,0.523993381136232
2022-01-15T17:45-07:00,0.5376344086021505
2022-01-15T18:00-07:00,0.564194303013617
2022-01-15T18:15-07:00,0.5499037668408091
2022-01-15T18:30-07:00,0.5365249690466364
2022-01-15T18:45-07:00,0.5773195876288659
2022-01-15T19:00-07:00,0.538971807628524
2022-01-15T19:15-07:00,0.5677097756853994
2022-01-15T19:30-07:00,0.5537865152983588
2022-01-15T19:45-07:00,0.5528680027643463
2022-01-15T20:00-07:00,0.5383022774327122
2022-01-15T20:15-07:00,0.5517241379310408
2022-01-15T20:30-07:00,0.5237767057201866
2022-01-15T20:45-07:00,0.5242102358945998
2022-01-15T21:00-07:00,0.552409888137004
2022-01-15T21:15-07:00,0.5517241379310408
2022-01-15T21:30-07:00,0.5255151431337235
2022-01-15T21:45-07:00,0.5387484459179445
2022-01-15T22:00-07:00,0.5528680027643463
2022-01-15T22:15-07:00,0.5385252692626347
2022-01-15T22:30-07:00,0.5383022774327122
2022-01-15T22:45-07:00,0.551267916207283
2022-01-15T23:00-07:00,0.5371900826446281
2022-01-15T23:15-07:00,0.5505849965588501
2022-01-15T23:30-07:00,0.5371900826446281
2022-01-15T23:45-07:00,0.564194303013617
2022-01-16T00:00-07:00,0.5487721223761896
2022-01-16T00:15-07:00,0.5351996706463565
2022-01-16T00:30-07:00,0.5349794238683128
2022-01-16T00:45-07:00,0.5646605150805611
2022-01-16T01:00-07:00,0.5363036303630363
2022-01-16T01:15-07:00,0.5501306560308136
2022-01-16T01:30-07:00,0.5092911218169368
2022-01-16T01:45-07:00,0.5637288601677374
2022-01-16T02:00-07:00,0.5088708568285031
2022-01-16T02:15-07:00,0.5074053757542575
2022-01-16T02:30-07:00,0.5363036303630363
2022-01-16T02:45-07:00,0.5371900826446281
2022-01-16T03:00-07:00,0.5508124483613392
2022-01-16T03:15-07:00,0.524427270218045
2022-01-16T03:30-07:00,0.5242102358945998
2022-01-16T03:45-07:00,0.5378568473314026
2022-01-16T04:00-07:00,0.5252972076306268
2022-01-16T04:15-07:00,0.5349794238683128
2022-01-16T04:30-07:00,0.5218346608074642
2022-01-16T04:45-07:00,0.5220497321060522
2022-01-16T05:00-07:00,0.5092911218169368
2022-01-16T05:15-07:00,0.524427270218045
2022-01-16T05:30-07:00,0.5233438920258855
2022-01-16T05:45-07:00,0.551267916207283
2022-01-16T06:00-07:00,0.5508124483613392
2022-01-16T06:15-07:00,0.5101337377636903
2022-01-16T06:30-07:00,0.5383022774327122
2022-01-16T06:45-07:00,0.49607275733774286
2022-01-16T07:00-07:00,0.49586776859504134
2022-01-16T07:15-07:00,0.49607275733774286
2022-01-16T07:30-07:00,0.4806371875858218
2022-01-16T07:45-07:00,0.494641384995878
2022-01-16T08:00-07:00,0.5071967100754003
2022-01-16T08:15-07:00,0.5080324042290327
2022-01-16T08:30-07:00,0.49382716049382713
2022-01-16T08:45-07:00,0.46684058766992254
2022-01-16T09:00-07:00,0.4810335349092845
2022-01-16T09:15-07:00,0.45454545454545453
2022-01-16T09:30-07:00,0.4822265086800709
2022-01-16T09:45-07:00,0.454733360892931
2022-01-16T10:00-07:00,0.44125758411472066
2022-01-16T10:15-07:00,0.4137360364087712
2022-01-16T10:30-07:00,0.4274093478560659
2022-01-16T10:45-07:00,0.46780407264722695
2022-01-16T11:00-07:00,0.46780407264722695
2022-01-16T11:15-07:00,0.46954840491645433
2022-01-16T11:30-07:00,0.4662643993417506
2022-01-16T11:45-07:00,0.46684058766992254
2022-01-16T12:00-07:00,0.49504950495049505
2022-01-16T12:15-07:00,0.4810335349092845
2022-01-16T12:30-07:00,0.508660984327749
2022-01-16T12:45-07:00,0.4800438897270545
2022-01-16T13:00-07:00,0.4396208270366746
2022-01-16T13:15-07:00,0.4948453608247423
2022-01-16T13:30-07:00,0.49443757725587145
2022-01-16T13:45-07:00,0.4812319538017262
2022-01-16T14:00-07:00,0.4541701073492981
2022-01-16T14:15-07:00,0.4536082474226804
2022-01-16T14:30-07:00,0.49566294919454773
2022-01-16T14:45-07:00,0.4814305364511629
2022-01-16T15:00-07:00,0.49586776859504134
2022-01-16T15:15-07:00,0.48242591316332933
2022-01-16T15:30-07:00,0.4551096400496483
2022-01-16T15:45-07:00,0.5097120815539393
2022-01-16T16:00-07:00,0.46741820181468874
2022-01-16T16:15-07:00,0.511190936722858
2022-01-16T16:30-07:00,0.5090809025866876
2022-01-16T16:45-07:00,0.551267916207283
2022-01-16T17:00-07:00,0.5499037668408091
2022-01-16T17:15-07:00,0.5118273620141162
2022-01-16T17:30-07:00,0.5811540058115401
2022-01-16T17:45-07:00,0.5398671096345515
2022-01-16T18:00-07:00,0.5639614855570776
2022-01-16T18:15-07:00,0.5646605150805611
2022-01-16T18:30-07:00,0.5918788713007633
2022-01-16T18:45-07:00,0.5365249690466364
2022-01-16T19:00-07:00,0.5777961205117623
2022-01-16T19:15-07:00,0.5349794238683128
2022-01-16T19:30-07:00,0.5216197666437823
2022-01-16T19:45-07:00,0.5385252692626347
2022-01-16T20:00-07:00,0.5660637857241412
2022-01-16T20:15-07:00,0.5376344086021505
2022-01-16T20:30-07:00,0.5235602094240774
2022-01-16T20:45-07:00,0.5508124483613392
2022-01-16T21:00-07:00,0.5358615004122012
2022-01-16T21:15-07:00,0.5235602094240774
2022-01-16T21:30-07:00,0.5371900826446281
2022-01-16T21:45-07:00,0.5501306560308136
2022-01-16T22:00-07:00,0.5625686059275459
2022-01-16T22:15-07:00,0.5665330938234012
2022-01-16T22:30-07:00,0.5242102358945998
2022-01-16T22:45-07:00,0.5510400881664204
2022-01-16T23:00-07:00,0.5376344086021505
2022-01-16T23:15-07:00,0.5644273127753241
2022-01-16T23:30-07:00,0.5503577325261483
2022-01-16T23:45-07:00,0.5921233819884393
2022-01-17T00:00-07:00,0.5489980785067315
2022-01-17T00:15-07:00,0.5494505494505557
2022-01-17T00:30-07:00,0.5487721223761896
2022-01-17T00:45-07:00,0.5756578947368421
2022-01-17T01:00-07:00,0.5229117930370104
2022-01-17T01:15-07:00,0.591634562465609
2022-01-17T01:30-07:00,0.5508124483613392
2022-01-17T01:45-07:00,0.5231277533039584
2022-01-17T02:00-07:00,0.5224804069847317
2022-01-17T02:15-07:00,0.5494505494505557
2022-01-17T02:30-07:00,0.5632641846407411
2022-01-17T02:45-07:00,0.5218346608074642
2022-01-17T03:00-07:00,0.5229117930370104
2022-01-17T03:15-07:00,0.564194303013617
2022-01-17T03:30-07:00,0.5088708568285031
2022-01-17T03:45-07:00,0.5235602094240774
2022-01-17T04:00-07:00,0.5385252692626347
2022-01-17T04:15-07:00,0.5501306560308136
2022-01-17T04:30-07:00,0.5363036303630363
2022-01-17T04:45-07:00,0.551267916207283
2022-01-17T05:00-07:00,0.5514959327175025
2022-01-17T05:15-07:00,0.5662983425414302
2022-01-17T05:30-07:00,0.5809128630705395
2022-01-17T05:45-07:00,0.5950733462496604
2022-01-17T06:00-07:00,0.5792304509722797
2022-01-17T06:15-07:00,0.5526388505111972
2022-01-17T06:30-07:00,0.5953205039457352
2022-01-17T06:45-07:00,0.5789909015715468
2022-01-17T07:00-07:00,0.5237767057201866
2022-01-17T07:15-07:00,0.5248618784530323
2022-01-17T07:30-07:00,0.5526388505111972
2022-01-17T07:45-07:00,0.5360824742268041
2022-01-17T08:00-07:00,0.5360824742268041
2022-01-17T08:15-07:00,0.5214050493962615
2022-01-17T08:30-07:00,0.5226960110041202
2022-01-17T08:45-07:00,0.5503577325261483
2022-01-17T09:00-07:00,0.5487721223761896
2022-01-17T09:15-07:00,0.5224804069847317
2022-01-17T09:30-07:00,0.49403046521202143
2022-01-17T09:45-07:00,0.4832251829352415
2022-01-17T10:00-07:00,0.48262548262547633
2022-01-17T10:15-07:00,0.5237767057201866
2022-01-17T10:30-07:00,0.524427270218045
2022-01-17T10:45-07:00,0.4840271055179027
2022-01-17T11:00-07:00,0.48262548262547633
2022-01-17T11:15-07:00,0.46896551724138563
2022-01-17T11:30-07:00,0.4687715428098781
2022-01-17T11:45-07:00,0.5099228224917373
2022-01-17T12:00-07:00,0.5103448275862132
2022-01-17T12:15-07:00,0.5517241379310408
2022-01-17T12:30-07:00,0.5103448275862132
2022-01-17T12:45-07:00,0.5242102358945998
2022-01-17T13:00-07:00,0.5248618784530323
2022-01-17T13:15-07:00,0.5105560921760791
2022-01-17T13:30-07:00,0.5090809025866876
2022-01-17T13:45-07:00,0.5501306560308136
2022-01-17T14:00-07:00,0.5220497321060522
2022-01-17T14:15-07:00,0.4806371875858218
2022-01-17T14:30-07:00,0.5218346608074642
2022-01-17T14:45-07:00,0.5216197666437823
2022-01-17T15:00-07:00,0.5394190871369294
2022-01-17T15:15-07:00,0.5246444843296914
2022-01-17T15:30-07:00,0.49525381758151055
2022-01-17T15:45-07:00,0.49504950495049505
2022-01-17T16:00-07:00,0.5080324042290327
2022-01-17T16:15-07:00,0.523993381136232
2022-01-17T16:30-07:00,0.5371900826446281
2022-01-17T16:45-07:00,0.5505849965588501
2022-01-17T17:00-07:00,0.5653612796469877
2022-01-17T17:15-07:00,0.5250794528119324
2022-01-17T17:30-07:00,0.5775577557755776
2022-01-17T17:45-07:00,0.5634964266080201
2022-01-17T18:00-07:00,0.5501306560308136
2022-01-17T18:15-07:00,0.5785123966942148
2022-01-17T18:30-07:00,0.5792304509722797
2022-01-17T18:45-07:00,0.591634562465609
2022-01-17T19:00-07:00,0.6185567010309279
2022-01-17T19:15-07:00,0.5621058404167747
2022-01-17T19:30-07:00,0.5517241379310408
2022-01-17T19:45-07:00,0.5658294231299964
2022-01-17T20:00-07:00,0.5780346820809249
2022-01-17T20:15-07:00,0.562800274536713
2022-01-17T20:30-07:00,0.5773195876288659
2022-01-17T20:45-07:00,0.564194303013617
2022-01-17T21:00-07:00,0.5220497321060522
2022-01-17T21:15-07:00,0.5218346608074642
2022-01-17T21:30-07:00,0.5528680027643463
2022-01-17T21:45-07:00,0.5528680027643463
2022-01-17T22:00-07:00,0.5233438920258855
2022-01-17T22:15-07:00,0.5376344086021505
2022-01-17T22:30-07:00,0.5233438920258855
2022-01-17T22:45-07:00,0.5099228224917373
2022-01-17T23:00-07:00,0.5777961205117623
2022-01-17T23:15-07:00,0.5226960110041202
2022-01-17T23:30-07:00,0.5226960110041202
2022-01-17T23:45-07:00,0.5632641846407411
2022-01-18T00:00-07:00,0.5906593406593469
2022-01-18T00:15-07:00,0.5632641846407411
2022-01-18T00:30-07:00,0.5226960110041202
2022-01-18T00:45-07:00,0.5630321340291066
2022-01-18T01:00-07:00,0.5383022774327122
2022-01-18T01:15-07:00,0.5235602094240774
2022-01-18T01:30-07:00,0.49586776859504134
2022-01-18T01:45-07:00,0.5229117930370104
2022-01-18T02:00-07:00,0.5084512848701451
2022-01-18T02:15-07:00,0.5494505494505557
2022-01-18T02:30-07:00,0.5082417582417645
2022-01-18T02:45-07:00,0.5222649807586524
2022-01-18T03:00-07:00,0.5092911218169368
2022-01-18T03:15-07:00,0.53696819496076
2022-01-18T03:30-07:00,0.5092911218169368
2022-01-18T03:45-07:00,0.4828252172713415
2022-01-18T04:00-07:00,0.5508124483613392
2022-01-18T04:15-07:00,0.523993381136232
2022-01-18T04:30-07:00,0.523993381136232
2022-01-18T04:45-07:00,0.5248618784530323
2022-01-18T05:00-07:00,0.5387484459179445
2022-01-18T05:15-07:00,0.5508124483613392
2022-01-18T05:30-07:00,0.5501306560308136
2022-01-18T05:45-07:00,0.5235602094240774
2022-01-18T06:00-07:00,0.5670031807495443
2022-01-18T06:15-07:00,0.5383022774327122
2022-01-18T06:30-07:00,0.5544774050457507
2022-01-18T06:45-07:00,0.5809128630705395
2022-01-18T07:00-07:00,0.5653612796469877
2022-01-18T07:15-07:00,0.5118273620141162
2022-01-18T07:30-07:00,0.5124653739612252
2022-01-18T07:45-07:00,0.540765391014975
2022-01-18T08:00-07:00,0.5519525320822473
2022-01-18T08:15-07:00,0.5391953546246371
2022-01-18T08:30-07:00,0.526826563149862
2022-01-18T08:45-07:00,0.4983388704318937
2022-01-18T09:00-07:00,0.4842280022136074
2022-01-18T09:15-07:00,0.5105560921760791
2022-01-18T09:30-07:00,0.5380794701986755
2022-01-18T09:45-07:00,0.5109791465267292
2022-01-18T10:00-07:00,0.48382637544926105
2022-01-18T10:15-07:00,0.5501306560308136
2022-01-18T10:30-07:00,0.4806371875858218
2022-01-18T10:45-07:00,0.4814305364511629
2022-01-18T11:00-07:00,0.5076142131979758
2022-01-18T11:15-07:00,0.48262548262547633
2022-01-18T11:30-07:00,0.4419889502762368
2022-01-18T11:45-07:00,0.4697430229345186
2022-01-18T12:00-07:00,0.46993780234969534
2022-01-18T12:15-07:00,0.44125758411472066
2022-01-18T12:30-07:00,0.4832251829352415
2022-01-18T12:45-07:00,0.4679972470750235
2022-01-18T13:00-07:00,0.4697430229345186
2022-01-18T13:15-07:00,0.4288283303361524
2022-01-18T13:30-07:00,0.4421721707889947
2022-01-18T13:45-07:00,0.45586406962287607
2022-01-18T14:00-07:00,0.4286504424778824
2022-01-18T14:15-07:00,0.4425390679020819
2022-01-18T14:30-07:00,0.4284727021423698
2022-01-18T14:45-07:00,0.4419889502762368
2022-01-18T15:00-07:00,0.47013274336283817
2022-01-18T15:15-07:00,0.4691596522699111
2022-01-18T15:30-07:00,0.5097120815539393
2022-01-18T15:45-07:00,0.46741820181468874
2022-01-18T16:00-07:00,0.49607275733774286
2022-01-18T16:15-07:00,0.4560530679933665
2022-01-18T16:30-07:00,0.5250794528119324
2022-01-18T16:45-07:00,0.4977187888842804
2022-01-18T17:00-07:00,0.4836258118004635
2022-01-18T17:15-07:00,0.5092911218169368
2022-01-18T17:30-07:00,0.5383022774327122
2022-01-18T17:45-07:00,0.5378568473314026
2022-01-18T18:00-07:00,0.5775577557755776
2022-01-18T18:15-07:00,0.511190936722858
2022-01-18T18:30-07:00,0.5526388505111972
2022-01-18T18:45-07:00,0.538971807628524
2022-01-18T19:00-07:00,0.5777961205117623
2022-01-18T19:15-07:00,0.5508124483613392
2022-01-18T19:30-07:00,0.5918788713007633
2022-01-18T19:45-07:00,0.5508124483613392
2022-01-18T20:00-07:00,0.5766062602965404
2022-01-18T20:15-07:00,0.5356407086938607
2022-01-18T20:30-07:00,0.5632641846407411
2022-01-18T20:45-07:00,0.5367464905037159
2022-01-18T21:00-07:00,0.5501306560308136
2022-01-18T21:15-07:00,0.4948453608247423
2022-01-18T21:30-07:00,0.5088708568285031
2022-01-18T21:45-07:00,0.5367464905037159
2022-01-18T22:00-07:00,0.5080324042290327
2022-01-18T22:15-07:00,0.5519525320822473
2022-01-18T22:30-07:00,0.538971807628524
2022-01-18T22:45-07:00,0.523993381136232
2022-01-18T23:00-07:00,0.5363036303630363
2022-01-18T23:15-07:00,0.5763688760806917
2022-01-18T23:30-07:00,0.495458298926507
2022-01-18T23:45-07:00,0.5770816158285244
2022-01-19T00:00-07:00,0.5354200988467874
2022-01-19T00:15-07:00,0.5499037668408091
2022-01-19T00:30-07:00,0.5363036303630363
2022-01-19T00:45-07:00,0.5218346608074642
2022-01-19T01:00-07:00,0.5487721223761896
2022-01-19T01:15-07:00,0.565127498277044
2022-01-19T01:30-07:00,0.5376344086021505
2022-01-19T01:45-07:00,0.5103448275862132
2022-01-19T02:00-07:00,0.551267916207283
2022-01-19T02:15-07:00,0.5378568473314026
2022-01-19T02:30-07:00,0.5233438920258855
2022-01-19T02:45-07:00,0.5365249690466364
2022-01-19T03:00-07:00,0.5082417582417645
2022-01-19T03:15-07:00,0.5637288601677374
2022-01-19T03:30-07:00,0.5363036303630363
2022-01-19T03:45-07:00,0.508660984327749
2022-01-19T04:00-07:00,0.5501306560308136
2022-01-19T04:15-07:00,0.523993381136232
2022-01-19T04:30-07:00,0.565127498277044
2022-01-19T04:45-07:00,0.5374121537825548
2022-01-19T05:00-07:00,0.5378568473314026
2022-01-19T05:15-07:00,0.5487721223761896
2022-01-19T05:30-07:00,0.5505849965588501
2022-01-19T05:45-07:00,0.5505849965588501
2022-01-19T06:00-07:00,0.5528680027643463
2022-01-19T06:15-07:00,0.5403158769742311
2022-01-19T06:30-07:00,0.5521811154058595
2022-01-19T06:45-07:00,0.5658294231299964
2022-01-19T07:00-07:00,0.5378568473314026
2022-01-19T07:15-07:00,0.5394190871369294
2022-01-19T07:30-07:00,0.5809128630705395
2022-01-19T07:45-07:00,0.5387484459179445
2022-01-19T08:00-07:00,0.5519525320822473
2022-01-19T08:15-07:00,0.5114029025570208
2022-01-19T08:30-07:00,0.5122525266509824
2022-01-19T08:45-07:00,0.5116150442477939
2022-01-19T09:00-07:00,0.47052311098810484
2022-01-19T09:15-07:00,0.48463029631680343
2022-01-19T09:30-07:00,0.4840271055179027
2022-01-19T09:45-07:00,0.4975124378109453
2022-01-19T10:00-07:00,0.4977187888842804
2022-01-19T10:15-07:00,0.4703278461751343
2022-01-19T10:30-07:00,0.4979253112033195
2022-01-19T10:45-07:00,0.5257332595462029
2022-01-19T11:00-07:00,0.4977187888842804
2022-01-19T11:15-07:00,0.47013274336283817
2022-01-19T11:30-07:00,0.4274093478560659
2022-01-19T11:45-07:00,0.47052311098810484
2022-01-19T12:00-07:00,0.49875311720698257
2022-01-19T12:15-07:00,0.4830251173060936
2022-01-19T12:30-07:00,0.49648324369052543
2022-01-19T12:45-07:00,0.46935394809498143
2022-01-19T13:00-07:00,0.4832251829352415
2022-01-19T13:15-07:00,0.5105560921760791
2022-01-19T13:30-07:00,0.4681905811071393
2022-01-19T13:45-07:00,0.4683840749414583
2022-01-19T14:00-07:00,0.454733360892931
2022-01-19T14:15-07:00,0.4279403644395425
2022-01-19T14:30-07:00,0.46935394809498143
2022-01-19T14:45-07:00,0.4966887417218543
2022-01-19T15:00-07:00,0.46896551724138563
2022-01-19T15:15-07:00,0.5101337377636903
2022-01-19T15:30-07:00,0.4816292830604038
2022-01-19T15:45-07:00,0.46780407264722695
2022-01-19T16:00-07:00,0.4822265086800709
2022-01-19T16:15-07:00,0.49875311720698257
2022-01-19T16:30-07:00,0.5116150442477939
2022-01-19T16:45-07:00,0.5257332595462029
2022-01-19T17:00-07:00,0.4834254143646346
2022-01-19T17:15-07:00,0.48483169414045635
2022-01-19T17:30-07:00,0.49813200498132004
2022-01-19T17:45-07:00,0.5385252692626347
2022-01-19T18:00-07:00,0.5385252692626347
2022-01-19T18:15-07:00,0.53696819496076
2022-01-19T18:30-07:00,0.5229117930370104
2022-01-19T18:45-07:00,0.53696819496076
2022-01-19T19:00-07:00,0.5667680398119925
2022-01-19T19:15-07:00,0.5252972076306268
2022-01-19T19:30-07:00,0.5255151431337235
2022-01-19T19:45-07:00,0.5349794238683128
2022-01-19T20:00-07:00,0.5777961205117623
2022-01-19T20:15-07:00,0.5092911218169368
2022-01-19T20:30-07:00,0.5226960110041202
2022-01-19T20:45-07:00,0.5226960110041202
2022-01-19T21:00-07:00,0.5480953685941417
2022-01-19T21:15-07:00,0.5376344086021505
2022-01-19T21:30-07:00,0.524427270218045
2022-01-19T21:45-07:00,0.5933489719884153
2022-01-19T22:00-07:00,0.49627791563275436
2022-01-19T22:15-07:00,0.5099228224917373
2022-01-19T22:30-07:00,0.524427270218045
2022-01-19T22:45-07:00,0.49586776859504134
2022-01-19T23:00-07:00,0.5648939101680841
2022-01-19T23:15-07:00,0.551267916207283
2022-01-19T23:30-07:00,0.5376344086021505
2022-01-19T23:45-07:00,0.5090809025866876
2022-01-20T00:00-07:00,0.5918788713007633
2022-01-20T00:15-07:00,0.564194303013617
2022-01-20T00:30-07:00,0.5630321340291066
2022-01-20T00:45-07:00,0.5632641846407411
2022-01-20T01:00-07:00,0.5380794701986755
2022-01-20T01:15-07:00,0.5235602094240774
2022-01-20T01:30-07:00,0.5644273127753241
2022-01-20T01:45-07:00,0.495458298926507
2022-01-20T02:00-07:00,0.5505849965588501
2022-01-20T02:15-07:00,0.551267916207283
2022-01-20T02:30-07:00,0.5226960110041202
2022-01-20T02:45-07:00,0.5226960110041202
2022-01-20T03:00-07:00,0.5367464905037159
2022-01-20T03:15-07:00,0.5367464905037159
2022-01-20T03:30-07:00,0.5095015147342393
2022-01-20T03:45-07:00,0.5514959327175025
2022-01-20T04:00-07:00,0.5514959327175025
2022-01-20T04:15-07:00,0.5387484459179445
2022-01-20T04:30-07:00,0.5510400881664204
2022-01-20T04:45-07:00,0.523993381136232
2022-01-20T05:00-07:00,0.552409888137004
2022-01-20T05:15-07:00,0.5521811154058595
2022-01-20T05:30-07:00,0.5378568473314026
2022-01-20T05:45-07:00,0.5660637857241412
2022-01-20T06:00-07:00,0.5670031807495443
2022-01-20T06:15-07:00,0.5950733462496604
2022-01-20T06:30-07:00,0.5806719203649938
2022-01-20T06:45-07:00,0.523993381136232
2022-01-20T07:00-07:00,0.5782734407269723
2022-01-20T07:15-07:00,0.5383022774327122
2022-01-20T07:30-07:00,0.5396430053964301
2022-01-20T07:45-07:00,0.5660637857241412
2022-01-20T08:00-07:00,0.5250794528119324
2022-01-20T08:15-07:00,0.5235602094240774
2022-01-20T08:30-07:00,0.5250794528119324
2022-01-20T08:45-07:00,0.4979253112033195
2022-01-20T09:00-07:00,0.48483169414045635
2022-01-20T09:15-07:00,0.5487721223761896
2022-01-20T09:30-07:00,0.5088708568285031
2022-01-20T09:45-07:00,0.5088708568285031
2022-01-20T10:00-07:00,0.5092911218169368
2022-01-20T10:15-07:00,0.46935394809498143
2022-01-20T10:30-07:00,0.46935394809498143
2022-01-20T10:45-07:00,0.46935394809498143
2022-01-20T11:00-07:00,0.4697430229345186
2022-01-20T11:15-07:00,0.4554865424430642
2022-01-20T11:30-07:00,0.5097120815539393
2022-01-20T11:45-07:00,0.5242102358945998
2022-01-20T12:00-07:00,0.49607275733774286
2022-01-20T12:15-07:00,0.4822265086800709
2022-01-20T12:30-07:00,0.5237767057201866
2022-01-20T12:45-07:00,0.4687715428098781
2022-01-20T13:00-07:00,0.49607275733774286
2022-01-20T13:15-07:00,0.5214050493962615
2022-01-20T13:30-07:00,0.4672255050158095
2022-01-20T13:45-07:00,0.4808352795713634
2022-01-20T14:00-07:00,0.4670329670329733
2022-01-20T14:15-07:00,0.4672255050158095
2022-01-20T14:30-07:00,0.46741820181468874
2022-01-20T14:45-07:00,0.4396208270366746
2022-01-20T15:00-07:00,0.46684058766992254
2022-01-20T15:15-07:00,0.46607265250171975
2022-01-20T15:30-07:00,0.46780407264722695
2022-01-20T15:45-07:00,0.4812319538017262
2022-01-20T16:00-07:00,0.4977187888842804
2022-01-20T16:15-07:00,0.4808352795713634
2022-01-20T16:30-07:00,0.5084512848701451
2022-01-20T16:45-07:00,0.5229117930370104
2022-01-20T17:00-07:00,0.4670329670329733
2022-01-20T17:15-07:00,0.5255151431337235
2022-01-20T17:30-07:00,0.5416666666666666
2022-01-20T17:45-07:00,0.5387484459179445
2022-01-20T18:00-07:00,0.49854590776900704
2022-01-20T18:15-07:00,0.4966887417218543
2022-01-20T18:30-07:00,0.5510400881664204
2022-01-20T18:45-07:00,0.551267916207283
2022-01-20T19:00-07:00,0.5658294231299964
2022-01-20T19:15-07:00,0.5358615004122012
2022-01-20T19:30-07:00,0.564194303013617
2022-01-20T19:45-07:00,0.5639614855570776
2022-01-20T20:00-07:00,0.5226960110041202
2022-01-20T20:15-07:00,0.5632641846407411
2022-01-20T20:30-07:00,0.5667680398119925
2022-01-20T20:45-07:00,0.5653612796469877
2022-01-20T21:00-07:00,0.5501306560308136
2022-01-20T21:15-07:00,0.5634964266080201
2022-01-20T21:30-07:00,0.5226960110041202
2022-01-20T21:45-07:00,0.5358615004122012
2022-01-20T22:00-07:00,0.5067798931653261
2022-01-20T22:15-07:00,0.5365249690466364
2022-01-20T22:30-07:00,0.5360824742268041
2022-01-20T22:45-07:00,0.5218346608074642
2022-01-20T23:00-07:00,0.5349794238683128
2022-01-20T23:15-07:00,0.5095015147342393
2022-01-20T23:30-07:00,0.5248618784530323
2022-01-20T23:45-07:00,0.5255151431337235
2022-01-21T00:00-07:00,0.5517241379310408
2022-01-21T00:15-07:00,0.5349794238683128
2022-01-21T00:30-07:00,0.5358615004122012
2022-01-21T00:45-07:00,0.5082417582417645
2022-01-21T01:00-07:00,0.5222649807586524
2022-01-21T01:15-07:00,0.5489980785067315
2022-01-21T01:30-07:00,0.5351996706463565
2022-01-21T01:45-07:00,0.5363036303630363
2022-01-21T02:00-07:00,0.5084512848701451
2022-01-21T02:15-07:00,0.5084512848701451
2022-01-21T02:30-07:00,0.5496770647244806
2022-01-21T02:45-07:00,0.5354200988467874
2022-01-21T03:00-07:00,0.5356407086938607
2022-01-21T03:15-07:00,0.49443757725587145
2022-01-21T03:30-07:00,0.5084512848701451
2022-01-21T03:45-07:00,0.49443757725587145
2022-01-21T04:00-07:00,0.5365249690466364
2022-01-21T04:15-07:00,0.49648324369052543
2022-01-21T04:30-07:00,0.5374121537825548
2022-01-21T04:45-07:00,0.48242591316332933
2022-01-21T05:00-07:00,0.5105560921760791
2022-01-21T05:15-07:00,0.4840271055179027
2022-01-21T05:30-07:00,0.5376344086021505
2022-01-21T05:45-07:00,0.5097120815539393
2022-01-21T06:00-07:00,0.5383022774327122
2022-01-21T06:15-07:00,0.5367464905037159
2022-01-21T06:30-07:00,0.5405405405405406
2022-01-21T06:45-07:00,0.5105560921760791
2022-01-21T07:00-07:00,0.5103448275862132
2022-01-21T07:15-07:00,0.5535566011624752
2022-01-21T07:30-07:00,0.5118273620141162
2022-01-21T07:45-07:00,0.523993381136232
2022-01-21T08:00-07:00,0.49586776859504134
2022-01-21T08:15-07:00,0.4685777287761915
2022-01-21T08:30-07:00,0.51203985607529
2022-01-21T08:45-07:00,0.538971807628524
2022-01-21T09:00-07:00,0.4830251173060936
2022-01-21T09:15-07:00,0.45304777594728174
2022-01-21T09:30-07:00,0.508660984327749
2022-01-21T09:45-07:00,0.46741820181468874
2022-01-21T10:00-07:00,0.4551096400496483
2022-01-21T10:15-07:00,0.5242102358945998
2022-01-21T10:30-07:00,0.495458298926507
2022-01-21T10:45-07:00,0.49627791563275436
2022-01-21T11:00-07:00,0.49607275733774286
2022-01-21T11:15-07:00,0.4842280022136074
2022-01-21T11:30-07:00,0.4552980132450331
2022-01-21T11:45-07:00,0.4691596522699111
2022-01-21T12:00-07:00,0.45586406962287607
2022-01-21T12:15-07:00,0.4562422231439237
2022-01-21T12:30-07:00,0.4552980132450331
2022-01-21T12:45-07:00,0.4560530679933665
2022-01-21T13:00-07:00,0.4425390679020819
2022-01-21T13:15-07:00,0.4137360364087712
2022-01-21T13:30-07:00,0.4418058815407917
2022-01-21T13:45-07:00,0.41356492969396197
2022-01-21T14:00-07:00,0.44107512060647197
2022-01-21T14:15-07:00,0.454733360892931
2022-01-21T14:30-07:00,0.45492142266335817
2022-01-21T14:45-07:00,0.44125758411472066
2022-01-21T15:00-07:00,0.45586406962287607
2022-01-21T15:15-07:00,0.4830251173060936
2022-01-21T15:30-07:00,0.427586206896558
2022-01-21T15:45-07:00,0.49627791563275436
2022-01-21T16:00-07:00,0.48182819383259284
2022-01-21T16:15-07:00,0.48024149286497725
2022-01-21T16:30-07:00,0.5090809025866876
2022-01-21T16:45-07:00,0.49504950495049505
2022-01-21T17:00-07:00,0.46645630401976207
2022-01-21T17:15-07:00,0.4808352795713634
2022-01-21T17:30-07:00,0.4830251173060936
2022-01-21T17:45-07:00,0.494641384995878
2022-01-21T18:00-07:00,0.5351996706463565
2022-01-21T18:15-07:00,0.5076142131979758
2022-01-21T18:30-07:00,0.5761316872427984
2022-01-21T18:45-07:00,0.5237767057201866
2022-01-21T19:00-07:00,0.5090809025866876
2022-01-21T19:15-07:00,0.4683840749414583
2022-01-21T19:30-07:00,0.4820272689712098
2022-01-21T19:45-07:00,0.5231277533039584
2022-01-21T20:00-07:00,0.49586776859504134
2022-01-21T20:15-07:00,0.5374121537825548
2022-01-21T20:30-07:00,0.5224804069847317
2022-01-21T20:45-07:00,0.5095015147342393
2022-01-21T21:00-07:00,0.495458298926507
2022-01-21T21:15-07:00,0.5351996706463565
2022-01-21T21:30-07:00,0.5101337377636903
2022-01-21T21:45-07:00,0.5374121537825548
2022-01-21T22:00-07:00,0.53696819496076
2022-01-21T22:15-07:00,0.495458298926507
2022-01-21T22:30-07:00,0.6344827586206959
2022-01-21T22:45-07:00,0.5105560921760791
2022-01-21T23:00-07:00,0.49627791563275436
2022-01-21T23:15-07:00,0.5128915996673199
2022-01-21T23:30-07:00,0.5259515570934192
2022-01-21T23:45-07:00,0.5263886964953531
2022-01-22T00:00-07:00,0.5660637857241412
2022-01-22T00:15-07:00,0.5349794238683128
2022-01-22T00:30-07:00,0.5505849965588501
2022-01-22T00:45-07:00,0.5630321340291066
2022-01-22T01:00-07:00,0.562800274536713
2022-01-22T01:15-07:00,0.5084512848701451
2022-01-22T01:30-07:00,0.5632641846407411
2022-01-22T01:45-07:00,0.5387484459179445
2022-01-22T02:00-07:00,0.524427270218045
2022-01-22T02:15-07:00,0.5374121537825548
2022-01-22T02:30-07:00,0.48182819383259284
2022-01-22T02:45-07:00,0.5226960110041202
2022-01-22T03:00-07:00,0.564194303013617
2022-01-22T03:15-07:00,0.5224804069847317
2022-01-22T03:30-07:00,0.495458298926507
2022-01-22T03:45-07:00,0.5229117930370104
2022-01-22T04:00-07:00,0.5363036303630363
2022-01-22T04:15-07:00,0.5103448275862132
2022-01-22T04:30-07:00,0.5105560921760791
2022-01-22T04:45-07:00,0.5242102358945998
2022-01-22T05:00-07:00,0.5394190871369294
2022-01-22T05:15-07:00,0.5519525320822473
2022-01-22T05:30-07:00,0.5378568473314026
2022-01-22T05:45-07:00,0.551267916207283
2022-01-22T06:00-07:00,0.5246444843296914
2022-01-22T06:15-07:00,0.4971002485501243
2022-01-22T06:30-07:00,0.538971807628524
2022-01-22T06:45-07:00,0.5526388505111972
2022-01-22T07:00-07:00,0.4975124378109453
2022-01-22T07:15-07:00,0.5224804069847317
2022-01-22T07:30-07:00,0.49403046521202143
2022-01-22T07:45-07:00,0.4948453608247423
2022-01-22T08:00-07:00,0.49362402303578773
2022-01-22T08:15-07:00,0.4672255050158095
2022-01-22T08:30-07:00,0.44125758411472066
2022-01-22T08:45-07:00,0.42723263506064574
2022-01-22T09:00-07:00,0.42723263506064574
2022-01-22T09:15-07:00,0.4008847110865295
2022-01-22T09:30-07:00,0.4687715428098781
2022-01-22T09:45-07:00,0.44016506189820553
2022-01-22T10:00-07:00,0.42635125842388194
2022-01-22T10:15-07:00,0.45398266611638466
2022-01-22T10:30-07:00,0.46741820181468874
2022-01-22T10:45-07:00,0.4537953795379538
2022-01-22T11:00-07:00,0.44016506189820553
2022-01-22T11:15-07:00,0.39972432804961466
2022-01-22T11:30-07:00,0.4265272427077663
2022-01-22T11:45-07:00,0.42705606832897725
2022-01-22T12:00-07:00,0.4268796474800393
2022-01-22T12:15-07:00,0.4543577034283354
2022-01-22T12:30-07:00,0.44125758411472066
2022-01-22T12:45-07:00,0.4405286343612272
2022-01-22T13:00-07:00,0.42723263506064574
2022-01-22T13:15-07:00,0.41339396444811904
2022-01-22T13:30-07:00,0.48262548262547633
2022-01-22T13:45-07:00,0.427586206896558
2022-01-22T14:00-07:00,0.4419889502762368
2022-01-22T14:15-07:00,0.4279403644395425
2022-01-22T14:30-07:00,0.3729796933278077
2022-01-22T14:45-07:00,0.4015508169482075
2022-01-22T15:00-07:00,0.39857064321054897
2022-01-22T15:15-07:00,0.42564877111081223
2022-01-22T15:30-07:00,0.4658810633050213
2022-01-22T15:45-07:00,0.44125758411472066
2022-01-22T16:00-07:00,0.45454545454545453
2022-01-22T16:15-07:00,0.4394397143641794
2022-01-22T16:30-07:00,0.49627791563275436
2022-01-22T16:45-07:00,0.4670329670329733
2022-01-22T17:00-07:00,0.508660984327749
2022-01-22T17:15-07:00,0.4697430229345186
2022-01-22T17:30-07:00,0.5237767057201866
2022-01-22T17:45-07:00,0.5514959327175025
2022-01-22T18:00-07:00,0.5114029025570208
2022-01-22T18:15-07:00,0.551267916207283
2022-01-22T18:30-07:00,0.523993381136232
2022-01-22T18:45-07:00,0.5246444843296914
2022-01-22T19:00-07:00,0.5235602094240774
2022-01-22T19:15-07:00,0.5092911218169368
2022-01-22T19:30-07:00,0.5233438920258855
2022-01-22T19:45-07:00,0.5084512848701451
2022-01-22T20:00-07:00,0.5218346608074642
2022-01-22T20:15-07:00,0.5229117930370104
2022-01-22T20:30-07:00,0.5226960110041202
2022-01-22T20:45-07:00,0.5105560921760791
2022-01-22T21:00-07:00,0.5367464905037159
2022-01-22T21:15-07:00,0.5090809025866876
2022-01-22T21:30-07:00,0.49504950495049505
2022-01-22T21:45-07:00,0.49627791563275436
2022-01-22T22:00-07:00,0.5233438920258855
2022-01-22T22:15-07:00,0.5082417582417645
2022-01-22T22:30-07:00,0.549224220788143
2022-01-22T22:45-07:00,0.5347593582887701
2022-01-22T23:00-07:00,0.49525381758151055
2022-01-22T23:15-07:00,0.4975124378109453
2022-01-22T23:30-07:00,0.49607275733774286
2022-01-22T23:45-07:00,0.49627791563275436
2022-01-23T00:00-07:00,0.49566294919454773
2022-01-23T00:15-07:00,0.48043925875085164
2022-01-23T00:30-07:00,0.5211905088465169
2022-01-23T00:45-07:00,0.495458298926507
2022-01-23T01:00-07:00,0.5224804069847317
2022-01-23T01:15-07:00,0.5076142131979758
2022-01-23T01:30-07:00,0.5235602094240774
2022-01-23T01:45-07:00,0.5371900826446281
2022-01-23T02:00-07:00,0.5097120815539393
2022-01-23T02:15-07:00,0.5097120815539393
2022-01-23T02:30-07:00,0.495458298926507
2022-01-23T02:45-07:00,0.5229117930370104
2022-01-23T03:00-07:00,0.4948453608247423
2022-01-23T03:15-07:00,0.5088708568285031
2022-01-23T03:30-07:00,0.5090809025866876
2022-01-23T03:45-07:00,0.5226960110041202
2022-01-23T04:00-07:00,0.49504950495049505
2022-01-23T04:15-07:00,0.46896551724138563
2022-01-23T04:30-07:00,0.5383022774327122
2022-01-23T04:45-07:00,0.5383022774327122
2022-01-23T05:00-07:00,0.4830251173060936
2022-01-23T05:15-07:00,0.5118273620141162
2022-01-23T05:30-07:00,0.51203985607529
2022-01-23T05:45-07:00,0.5385252692626347
2022-01-23T06:00-07:00,0.5252972076306268
2022-01-23T06:15-07:00,0.4968944099378882
2022-01-23T06:30-07:00,0.538971807628524
2022-01-23T06:45-07:00,0.49730625777041026
2022-01-23T07:00-07:00,0.49627791563275436
2022-01-23T07:15-07:00,0.48182819383259284
2022-01-23T07:30-07:00,0.4676110576261925
2022-01-23T07:45-07:00,0.4685777287761915
2022-01-23T08:00-07:00,0.49586776859504134
2022-01-23T08:15-07:00,0.49627791563275436
2022-01-23T08:30-07:00,0.4554865424430642
2022-01-23T08:45-07:00,0.48262548262547633
2022-01-23T09:00-07:00,0.4687715428098781
2022-01-23T09:15-07:00,0.4414401986480831
2022-01-23T09:30-07:00,0.4414401986480831
2022-01-23T09:45-07:00,0.4274093478560659
2022-01-23T10:00-07:00,0.48242591316332933
2022-01-23T10:15-07:00,0.4414401986480831
2022-01-23T10:30-07:00,0.44162296439414217
2022-01-23T10:45-07:00,0.4551096400496483
2022-01-23T11:00-07:00,0.45586406962287607
2022-01-23T11:15-07:00,0.45567522783761394
2022-01-23T11:30-07:00,0.42776321236374304
2022-01-23T11:45-07:00,0.4281176633061795
2022-01-23T12:00-07:00,0.4832251829352415
2022-01-23T12:15-07:00,0.4423555432678953
2022-01-23T12:30-07:00,0.4281176633061795
2022-01-23T12:45-07:00,0.42670337233311023
2022-01-23T13:00-07:00,0.4132231404958678
2022-01-23T13:15-07:00,0.45492142266335817
2022-01-23T13:30-07:00,0.44162296439414217
2022-01-23T13:45-07:00,0.4554865424430642
2022-01-23T14:00-07:00,0.4279403644395425
2022-01-23T14:15-07:00,0.4552980132450331
2022-01-23T14:30-07:00,0.4687715428098781
2022-01-23T14:45-07:00,0.4418058815407917
2022-01-23T15:00-07:00,0.4142502071251036
2022-01-23T15:15-07:00,0.5105560921760791
2022-01-23T15:30-07:00,0.46935394809498143
2022-01-23T15:45-07:00,0.5101337377636903
2022-01-23T16:00-07:00,0.4408928079360642
2022-01-23T16:15-07:00,0.4854368932038772
2022-01-23T16:30-07:00,0.4808352795713634
2022-01-23T16:45-07:00,0.49403046521202143
2022-01-23T17:00-07:00,0.5237767057201866
2022-01-23T17:15-07:00,0.5398671096345515
2022-01-23T17:30-07:00,0.5526388505111972
2022-01-23T17:45-07:00,0.5374121537825548
2022-01-23T18:00-07:00,0.5231277533039584
2022-01-23T18:15-07:00,0.5514959327175025
2022-01-23T18:30-07:00,0.5376344086021505
2022-01-23T18:45-07:00,0.523993381136232
2022-01-23T19:00-07:00,0.49525381758151055
2022-01-23T19:15-07:00,0.5209761447765224
2022-01-23T19:30-07:00,0.5489980785067315
2022-01-23T19:45-07:00,0.5214050493962615
2022-01-23T20:00-07:00,0.5376344086021505
2022-01-23T20:15-07:00,0.5653612796469877
2022-01-23T20:30-07:00,0.5101337377636903
2022-01-23T20:45-07:00,0.5233438920258855
2022-01-23T21:00-07:00,0.5508124483613392
2022-01-23T21:15-07:00,0.49525381758151055
2022-01-23T21:30-07:00,0.5501306560308136
2022-01-23T21:45-07:00,0.49443757725587145
2022-01-23T22:00-07:00,0.5487721223761896
2022-01-23T22:15-07:00,0.5214050493962615
2022-01-23T22:30-07:00,0.5078232226187271
2022-01-23T22:45-07:00,0.4800438897270545
2022-01-23T23:00-07:00,0.5521811154058595
2022-01-23T23:15-07:00,0.5078232226187271
2022-01-23T23:30-07:00,0.5365249690466364
2022-01-23T23:45-07:00,0.5363036303630363
2022-01-24T00:00-07:00,0.5105560921760791
2022-01-24T00:15-07:00,0.4975124378109453
2022-01-24T00:30-07:00,0.5107675317504204
2022-01-24T00:45-07:00,0.4966887417218543
2022-01-24T01:00-07:00,0.5505849965588501
2022-01-24T01:15-07:00,0.49443757725587145
2022-01-24T01:30-07:00,0.524427270218045
2022-01-24T01:45-07:00,0.5101337377636903
2022-01-24T02:00-07:00,0.5378568473314026
2022-01-24T02:15-07:00,0.511190936722858
2022-01-24T02:30-07:00,0.5246444843296914
2022-01-24T02:45-07:00,0.49607275733774286
2022-01-24T03:00-07:00,0.5107675317504204
2022-01-24T03:15-07:00,0.5510400881664204
2022-01-24T03:30-07:00,0.49607275733774286
2022-01-24T03:45-07:00,0.5097120815539393
2022-01-24T04:00-07:00,0.5510400881664204
2022-01-24T04:15-07:00,0.5374121537825548
2022-01-24T04:30-07:00,0.4968944099378882
2022-01-24T04:45-07:00,0.5376344086021505
2022-01-24T05:00-07:00,0.5252972076306268
2022-01-24T05:15-07:00,0.5646605150805611
2022-01-24T05:30-07:00,0.5250794528119324
2022-01-24T05:45-07:00,0.5099228224917373
2022-01-24T06:00-07:00,0.5367464905037159
2022-01-24T06:15-07:00,0.5537865152983588
2022-01-24T06:30-07:00,0.5363036303630363
2022-01-24T06:45-07:00,0.5391953546246371
2022-01-24T07:00-07:00,0.5101337377636903
2022-01-24T07:15-07:00,0.5084512848701451
2022-01-24T07:30-07:00,0.5226960110041202
2022-01-24T07:45-07:00,0.51203985607529
2022-01-24T08:00-07:00,0.538971807628524
2022-01-24T08:15-07:00,0.5385252692626347
2022-01-24T08:30-07:00,0.5126783982264163
2022-01-24T08:45-07:00,0.4836258118004635
2022-01-24T09:00-07:00,0.5250794528119324
2022-01-24T09:15-07:00,0.4830251173060936
2022-01-24T09:30-07:00,0.5092911218169368
2022-01-24T09:45-07:00,0.5095015147342393
2022-01-24T10:00-07:00,0.53696819496076
2022-01-24T10:15-07:00,0.49525381758151055
2022-01-24T10:30-07:00,0.4560530679933665
2022-01-24T10:45-07:00,0.4977187888842804
2022-01-24T11:00-07:00,0.4840271055179027
2022-01-24T11:15-07:00,0.4975124378109453
2022-01-24T11:30-07:00,0.44272274488101193
2022-01-24T11:45-07:00,0.511190936722858
2022-01-24T12:00-07:00,0.5109791465267292
2022-01-24T12:15-07:00,0.5257332595462029
2022-01-24T12:30-07:00,0.457190357439734
2022-01-24T12:45-07:00,0.4577611319184353
2022-01-24T13:00-07:00,0.45492142266335817
2022-01-24T13:15-07:00,0.4679972470750235
2022-01-24T13:30-07:00,0.4681905811071393
2022-01-24T13:45-07:00,0.4541701073492981
2022-01-24T14:00-07:00,0.4683840749414583
2022-01-24T14:15-07:00,0.4814305364511629
2022-01-24T14:30-07:00,0.5084512848701451
2022-01-24T14:45-07:00,0.4975124378109453
2022-01-24T15:00-07:00,0.45757071547420963
2022-01-24T15:15-07:00,0.48483169414045635
2022-01-24T15:30-07:00,0.49813200498132004
2022-01-24T15:45-07:00,0.49875311720698257
2022-01-24T16:00-07:00,0.4834254143646346
2022-01-24T16:15-07:00,0.4930156121610518
2022-01-24T16:30-07:00,0.4932182490752158
2022-01-24T16:45-07:00,0.5224804069847317
2022-01-24T17:00-07:00,0.46993780234969534
2022-01-24T17:15-07:00,0.524427270218045
2022-01-24T17:30-07:00,0.5394190871369294
2022-01-24T17:45-07:00,0.5544774050457507
2022-01-24T18:00-07:00,0.5263886964953531
2022-01-24T18:15-07:00,0.5394190871369294
2022-01-24T18:30-07:00,0.5540166204986213
2022-01-24T18:45-07:00,0.5124653739612252
2022-01-24T19:00-07:00,0.540091400083091
2022-01-24T19:15-07:00,0.5109791465267292
2022-01-24T19:30-07:00,0.5109791465267292
2022-01-24T19:45-07:00,0.4832251829352415
2022-01-24T20:00-07:00,0.551267916207283
2022-01-24T20:15-07:00,0.5637288601677374
2022-01-24T20:30-07:00,0.4942339373970346
2022-01-24T20:45-07:00,0.5371900826446281
2022-01-24T21:00-07:00,0.5785123966942148
2022-01-24T21:15-07:00,0.5625686059275459
2022-01-24T21:30-07:00,0.5387484459179445
2022-01-24T21:45-07:00,0.5105560921760791
2022-01-24T22:00-07:00,0.5510400881664204
2022-01-24T22:15-07:00,0.5105560921760791
2022-01-24T22:30-07:00,0.5109791465267292
2022-01-24T22:45-07:00,0.5107675317504204
2022-01-24T23:00-07:00,0.48262548262547633
2022-01-24T23:15-07:00,0.49525381758151055
2022-01-24T23:30-07:00,0.5092911218169368
2022-01-24T23:45-07:00,0.5503577325261483
2022-01-25T00:00-07:00,0.511190936722858
2022-01-25T00:15-07:00,0.5103448275862132
2022-01-25T00:30-07:00,0.523993381136232
2022-01-25T00:45-07:00,0.5101337377636903
2022-01-25T01:00-07:00,0.5090809025866876
2022-01-25T01:15-07:00,0.4679972470750235
2022-01-25T01:30-07:00,0.508660984327749
2022-01-25T01:45-07:00,0.5231277533039584
2022-01-25T02:00-07:00,0.5224804069847317
2022-01-25T02:15-07:00,0.5356407086938607
2022-01-25T02:30-07:00,0.5080324042290327
2022-01-25T02:45-07:00,0.5080324042290327
2022-01-25T03:00-07:00,0.5248618784530323
2022-01-25T03:15-07:00,0.4979253112033195
2022-01-25T03:30-07:00,0.4979253112033195
2022-01-25T03:45-07:00,0.5233438920258855
2022-01-25T04:00-07:00,0.49648324369052543
2022-01-25T04:15-07:00,0.49854590776900704
2022-01-25T04:30-07:00,0.53696819496076
2022-01-25T04:45-07:00,0.552409888137004
2022-01-25T05:00-07:00,0.4832251829352415
2022-01-25T05:15-07:00,0.5378568473314026
2022-01-25T05:30-07:00,0.5653612796469877
2022-01-25T05:45-07:00,0.6059771381352368
2022-01-25T06:00-07:00,0.5242102358945998
2022-01-25T06:15-07:00,0.5938406297472788
2022-01-25T06:30-07:00,0.5662983425414302
2022-01-25T06:45-07:00,0.5250794528119324
2022-01-25T07:00-07:00,0.5255151431337235
2022-01-25T07:15-07:00,0.5535566011624752
2022-01-25T07:30-07:00,0.5528680027643463
2022-01-25T07:45-07:00,0.5677097756853994
2022-01-25T08:00-07:00,0.5670031807495443
2022-01-25T08:15-07:00,0.5387484459179445
2022-01-25T08:30-07:00,0.5263886964953531
2022-01-25T08:45-07:00,0.5648939101680841
2022-01-25T09:00-07:00,0.5639614855570776
2022-01-25T09:15-07:00,0.5501306560308136
2022-01-25T09:30-07:00,0.5360824742268041
2022-01-25T09:45-07:00,0.5252972076306268
2022-01-25T10:00-07:00,0.5229117930370104
2022-01-25T10:15-07:00,0.5385252692626347
2022-01-25T10:30-07:00,0.524427270218045
2022-01-25T10:45-07:00,0.49730625777041026
2022-01-25T11:00-07:00,0.4832251829352415
2022-01-25T11:15-07:00,0.4966887417218543
2022-01-25T11:30-07:00,0.4979253112033195
2022-01-25T11:45-07:00,0.5109791465267292
2022-01-25T12:00-07:00,0.5391953546246371
2022-01-25T12:15-07:00,0.5248618784530323
2022-01-25T12:30-07:00,0.5248618784530323
2022-01-25T12:45-07:00,0.5248618784530323
2022-01-25T13:00-07:00,0.4844290657439383
2022-01-25T13:15-07:00,0.49813200498132004
2022-01-25T13:30-07:00,0.5257332595462029
2022-01-25T13:45-07:00,0.5250794528119324
2022-01-25T14:00-07:00,0.4975124378109453
2022-01-25T14:15-07:00,0.5252972076306268
2022-01-25T14:30-07:00,0.47013274336283817
2022-01-25T14:45-07:00,0.5105560921760791
2022-01-25T15:00-07:00,0.5246444843296914
2022-01-25T15:15-07:00,0.5259515570934192
2022-01-25T15:30-07:00,0.5387484459179445
2022-01-25T15:45-07:00,0.579950289975145
2022-01-25T16:00-07:00,0.5103448275862132
2022-01-25T16:15-07:00,0.5537865152983588
2022-01-25T16:30-07:00,0.5679456988502499
2022-01-25T16:45-07:00,0.5528680027643463
2022-01-25T17:00-07:00,0.5398671096345515
2022-01-25T17:15-07:00,0.5672385168787983
2022-01-25T17:30-07:00,0.6107717934480781
2022-01-25T17:45-07:00,0.5505849965588501
2022-01-25T18:00-07:00,0.5918788713007633
2022-01-25T18:15-07:00,0.5777961205117623
2022-01-25T18:30-07:00,0.6180469715698393
2022-01-25T18:45-07:00,0.5485463521667644
2022-01-25T19:00-07:00,0.5761316872427984
2022-01-25T19:15-07:00,0.5766062602965404
2022-01-25T19:30-07:00,0.5508124483613392
2022-01-25T19:45-07:00,0.5770816158285244
2022-01-25T20:00-07:00,0.5918788713007633
2022-01-25T20:15-07:00,0.5226960110041202
2022-01-25T20:30-07:00,0.5503577325261483
2022-01-25T20:45-07:00,0.6054768129902235
2022-01-25T21:00-07:00,0.5383022774327122
2022-01-25T21:15-07:00,0.5109791465267292
2022-01-25T21:30-07:00,0.5246444843296914
2022-01-25T21:45-07:00,0.5499037668408091
2022-01-25T22:00-07:00,0.5646605150805611
2022-01-25T22:15-07:00,0.5360824742268041
2022-01-25T22:30-07:00,0.5367464905037159
2022-01-25T22:45-07:00,0.5508124483613392
2022-01-25T23:00-07:00,0.5207619569686109
2022-01-25T23:15-07:00,0.5766062602965404
2022-01-25T23:30-07:00,0.5526388505111972
2022-01-25T23:45-07:00,0.562800274536713
2022-01-26T00:00-07:00,0.562800274536713
2022-01-26T00:15-07:00,0.5662983425414302
2022-01-26T00:30-07:00,0.5499037668408091
2022-01-26T00:45-07:00,0.5224804069847317
2022-01-26T01:00-07:00,0.5496770647244806
2022-01-26T01:15-07:00,0.5496770647244806
2022-01-26T01:30-07:00,0.5365249690466364
2022-01-26T01:45-07:00,0.5773195876288659
2022-01-26T02:00-07:00,0.549224220788143
2022-01-26T02:15-07:00,0.5630321340291066
2022-01-26T02:30-07:00,0.5216197666437823
2022-01-26T02:45-07:00,0.5351996706463565
2022-01-26T03:00-07:00,0.5082417582417645
2022-01-26T03:15-07:00,0.5356407086938607
2022-01-26T03:30-07:00,0.549224220788143
2022-01-26T03:45-07:00,0.5082417582417645
2022-01-26T04:00-07:00,0.5639614855570776
2022-01-26T04:15-07:00,0.5655952545178582
2022-01-26T04:30-07:00,0.5385252692626347
2022-01-26T04:45-07:00,0.4834254143646346
2022-01-26T05:00-07:00,0.524427270218045
2022-01-26T05:15-07:00,0.5380794701986755
2022-01-26T05:30-07:00,0.49566294919454773
2022-01-26T05:45-07:00,0.5095015147342393
2022-01-26T06:00-07:00,0.5653612796469877
2022-01-26T06:15-07:00,0.5517241379310408
2022-01-26T06:30-07:00,0.5231277533039584
2022-01-26T06:45-07:00,0.523993381136232
2022-01-26T07:00-07:00,0.5363036303630363
2022-01-26T07:15-07:00,0.5499037668408091
2022-01-26T07:30-07:00,0.5653612796469877
2022-01-26T07:45-07:00,0.5367464905037159
2022-01-26T08:00-07:00,0.5394190871369294
2022-01-26T08:15-07:00,0.5360824742268041
2022-01-26T08:30-07:00,0.5365249690466364
2022-01-26T08:45-07:00,0.551267916207283
2022-01-26T09:00-07:00,0.5226960110041202
2022-01-26T09:15-07:00,0.5099228224917373
2022-01-26T09:30-07:00,0.49627791563275436
2022-01-26T09:45-07:00,0.49443757725587145
2022-01-26T10:00-07:00,0.49586776859504134
2022-01-26T10:15-07:00,0.4537953795379538
2022-01-26T10:30-07:00,0.4536082474226804
2022-01-26T10:45-07:00,0.4672255050158095
2022-01-26T11:00-07:00,0.48043925875085164
2022-01-26T11:15-07:00,0.45286125977768626
2022-01-26T11:30-07:00,0.4966887417218543
2022-01-26T11:45-07:00,0.4840271055179027
2022-01-26T12:00-07:00,0.4971002485501243
2022-01-26T12:15-07:00,0.49730625777041026
2022-01-26T12:30-07:00,0.4691596522699111
2022-01-26T12:45-07:00,0.45586406962287607
2022-01-26T13:00-07:00,0.48463029631680343
2022-01-26T13:15-07:00,0.4295413606761876
2022-01-26T13:30-07:00,0.49403046521202143
2022-01-26T13:45-07:00,0.4934210526315789
2022-01-26T14:00-07:00,0.4385363848156714
2022-01-26T14:15-07:00,0.43871675349601785
2022-01-26T14:30-07:00,0.5201204489460655
2022-01-26T14:45-07:00,0.4814305364511629
2022-01-26T15:00-07:00,0.4948453608247423
2022-01-26T15:15-07:00,0.49566294919454773
2022-01-26T15:30-07:00,0.4816292830604038
2022-01-26T15:45-07:00,0.4830251173060936
2022-01-26T16:00-07:00,0.4968944099378882
2022-01-26T16:15-07:00,0.4697430229345186
2022-01-26T16:30-07:00,0.4840271055179027
2022-01-26T16:45-07:00,0.5099228224917373
2022-01-26T17:00-07:00,0.5118273620141162
2022-01-26T17:15-07:00,0.4983388704318937
2022-01-26T17:30-07:00,0.538971807628524
2022-01-26T17:45-07:00,0.5537865152983588
2022-01-26T18:00-07:00,0.5114029025570208
2022-01-26T18:15-07:00,0.5097120815539393
2022-01-26T18:30-07:00,0.5503577325261483
2022-01-26T18:45-07:00,0.5367464905037159
2022-01-26T19:00-07:00,0.5235602094240774
2022-01-26T19:15-07:00,0.5383022774327122
2022-01-26T19:30-07:00,0.5109791465267292
2022-01-26T19:45-07:00,0.5665330938234012
2022-01-26T20:00-07:00,0.5376344086021505
2022-01-26T20:15-07:00,0.5099228224917373
2022-01-26T20:30-07:00,0.5517241379310408
2022-01-26T20:45-07:00,0.5237767057201866
2022-01-26T21:00-07:00,0.5503577325261483
2022-01-26T21:15-07:00,0.524427270218045
2022-01-26T21:30-07:00,0.49730625777041026
2022-01-26T21:45-07:00,0.5097120815539393
2022-01-26T22:00-07:00,0.5519525320822473
2022-01-26T22:15-07:00,0.5255151431337235
2022-01-26T22:30-07:00,0.5255151431337235
2022-01-26T22:45-07:00,0.5526388505111972
2022-01-26T23:00-07:00,0.5107675317504204
2022-01-26T23:15-07:00,0.4966887417218543
2022-01-26T23:30-07:00,0.4830251173060936
2022-01-26T23:45-07:00,0.5526388505111972
2022-01-27T00:00-07:00,0.524427270218045
2022-01-27T00:15-07:00,0.5092911218169368
2022-01-27T00:30-07:00,0.495458298926507
2022-01-27T00:45-07:00,0.5231277533039584
2022-01-27T01:00-07:00,0.48043925875085164
2022-01-27T01:15-07:00,0.5211905088465169
2022-01-27T01:30-07:00,0.5092911218169368
2022-01-27T01:45-07:00,0.5505849965588501
2022-01-27T02:00-07:00,0.5367464905037159
2022-01-27T02:15-07:00,0.5231277533039584
2022-01-27T02:30-07:00,0.495458298926507
2022-01-27T02:45-07:00,0.5510400881664204
2022-01-27T03:00-07:00,0.49607275733774286
2022-01-27T03:15-07:00,0.5099228224917373
2022-01-27T03:30-07:00,0.4822265086800709
2022-01-27T03:45-07:00,0.4966887417218543
2022-01-27T04:00-07:00,0.524427270218045
2022-01-27T04:15-07:00,0.5235602094240774
2022-01-27T04:30-07:00,0.5374121537825548
2022-01-27T04:45-07:00,0.5224804069847317
2022-01-27T05:00-07:00,0.5514959327175025
2022-01-27T05:15-07:00,0.5116150442477939
2022-01-27T05:30-07:00,0.511190936722858
2022-01-27T05:45-07:00,0.4975124378109453
2022-01-27T06:00-07:00,0.5263886964953531
2022-01-27T06:15-07:00,0.5775577557755776
2022-01-27T06:30-07:00,0.5494505494505557
2022-01-27T06:45-07:00,0.49648324369052543
2022-01-27T07:00-07:00,0.5501306560308136
2022-01-27T07:15-07:00,0.5242102358945998
2022-01-27T07:30-07:00,0.49586776859504134
2022-01-27T07:45-07:00,0.4968944099378882
2022-01-27T08:00-07:00,0.4948453608247423
2022-01-27T08:15-07:00,0.5224804069847317
2022-01-27T08:30-07:00,0.495458298926507
2022-01-27T08:45-07:00,0.48182819383259284
2022-01-27T09:00-07:00,0.49648324369052543
2022-01-27T09:15-07:00,0.48242591316332933
2022-01-27T09:30-07:00,0.49566294919454773
2022-01-27T09:45-07:00,0.49504950495049505
2022-01-27T10:00-07:00,0.45304777594728174
2022-01-27T10:15-07:00,0.46993780234969534
2022-01-27T10:30-07:00,0.46935394809498143
2022-01-27T10:45-07:00,0.5109791465267292
2022-01-27T11:00-07:00,0.4840271055179027
2022-01-27T11:15-07:00,0.46896551724138563
2022-01-27T11:30-07:00,0.4683840749414583
2022-01-27T11:45-07:00,0.49566294919454773
2022-01-27T12:00-07:00,0.49627791563275436
2022-01-27T12:15-07:00,0.46954840491645433
2022-01-27T12:30-07:00,0.5092911218169368
2022-01-27T12:45-07:00,0.48382637544926105
2022-01-27T13:00-07:00,0.48182819383259284
2022-01-27T13:15-07:00,0.495458298926507
2022-01-27T13:30-07:00,0.49586776859504134
2022-01-27T13:45-07:00,0.4679972470750235
2022-01-27T14:00-07:00,0.4537953795379538
2022-01-27T14:15-07:00,0.4812319538017262
2022-01-27T14:30-07:00,0.48242591316332933
2022-01-27T14:45-07:00,0.4408928079360642
2022-01-27T15:00-07:00,0.5095015147342393
2022-01-27T15:15-07:00,0.48262548262547633
2022-01-27T15:30-07:00,0.45323444581788214
2022-01-27T15:45-07:00,0.4418058815407917
2022-01-27T16:00-07:00,0.46896551724138563
2022-01-27T16:15-07:00,0.45662100456621
2022-01-27T16:30-07:00,0.45567522783761394
2022-01-27T16:45-07:00,0.46954840491645433
2022-01-27T17:00-07:00,0.4842280022136074
2022-01-27T17:15-07:00,0.5528680027643463
2022-01-27T17:30-07:00,0.5128915996673199
2022-01-27T17:45-07:00,0.5496770647244806
2022-01-27T18:00-07:00,0.5365249690466364
2022-01-27T18:15-07:00,0.5496770647244806
2022-01-27T18:30-07:00,0.5766062602965404
2022-01-27T18:45-07:00,0.5211905088465169
2022-01-27T19:00-07:00,0.5485463521667644
2022-01-27T19:15-07:00,0.5224804069847317
2022-01-27T19:30-07:00,0.5365249690466364
2022-01-27T19:45-07:00,0.5630321340291066
2022-01-27T20:00-07:00,0.5349794238683128
2022-01-27T20:15-07:00,0.5530973451327497
2022-01-27T20:30-07:00,0.5660637857241412
2022-01-27T20:45-07:00,0.565127498277044
2022-01-27T21:00-07:00,0.5625686059275459
2022-01-27T21:15-07:00,0.5216197666437823
2022-01-27T21:30-07:00,0.5639614855570776
2022-01-27T21:45-07:00,0.5220497321060522
2022-01-27T22:00-07:00,0.4968944099378882
2022-01-27T22:15-07:00,0.49443757725587145
2022-01-27T22:30-07:00,0.49382716049382713
2022-01-27T22:45-07:00,0.5071967100754003
2022-01-27T23:00-07:00,0.5218346608074642
2022-01-27T23:15-07:00,0.5378568473314026
2022-01-27T23:30-07:00,0.495458298926507
2022-01-27T23:45-07:00,0.49730625777041026
2022-01-28T00:00-07:00,0.4832251829352415
2022-01-28T00:15-07:00,0.4830251173060936
2022-01-28T00:30-07:00,0.49586776859504134
2022-01-28T00:45-07:00,0.5508124483613392
2022-01-28T01:00-07:00,0.5349794238683128
2022-01-28T01:15-07:00,0.548320767649081
2022-01-28T01:30-07:00,0.5209761447765224
2022-01-28T01:45-07:00,0.5074053757542575
2022-01-28T02:00-07:00,0.5207619569686109
2022-01-28T02:15-07:00,0.506363760777343
2022-01-28T02:30-07:00,0.49261083743842365
2022-01-28T02:45-07:00,0.4672255050158095
2022-01-28T03:00-07:00,0.5220497321060522
2022-01-28T03:15-07:00,0.494641384995878
2022-01-28T03:30-07:00,0.5360824742268041
2022-01-28T03:45-07:00,0.4948453608247423
2022-01-28T04:00-07:00,0.5231277533039584
2022-01-28T04:15-07:00,0.5387484459179445
2022-01-28T04:30-07:00,0.5095015147342393
2022-01-28T04:45-07:00,0.495458298926507
2022-01-28T05:00-07:00,0.524427270218045
2022-01-28T05:15-07:00,0.5078232226187271
2022-01-28T05:30-07:00,0.5358615004122012
2022-01-28T05:45-07:00,0.5220497321060522
2022-01-28T06:00-07:00,0.5499037668408091
2022-01-28T06:15-07:00,0.5660637857241412
2022-01-28T06:30-07:00,0.49525381758151055
2022-01-28T06:45-07:00,0.5082417582417645
2022-01-28T07:00-07:00,0.5367464905037159
2022-01-28T07:15-07:00,0.5374121537825548
2022-01-28T07:30-07:00,0.5103448275862132
2022-01-28T07:45-07:00,0.5114029025570208
2022-01-28T08:00-07:00,0.5252972076306268
2022-01-28T08:15-07:00,0.5118273620141162
2022-01-28T08:30-07:00,0.551267916207283
2022-01-28T08:45-07:00,0.5099228224917373
2022-01-28T09:00-07:00,0.5107675317504204
2022-01-28T09:15-07:00,0.5385252692626347
2022-01-28T09:30-07:00,0.5099228224917373
2022-01-28T09:45-07:00,0.49586776859504134
2022-01-28T10:00-07:00,0.5226960110041202
2022-01-28T10:15-07:00,0.5231277533039584
2022-01-28T10:30-07:00,0.4814305364511629
2022-01-28T10:45-07:00,0.4814305364511629
2022-01-28T11:00-07:00,0.4942339373970346
2022-01-28T11:15-07:00,0.4948453608247423
2022-01-28T11:30-07:00,0.4670329670329733
2022-01-28T11:45-07:00,0.4679972470750235
2022-01-28T12:00-07:00,0.4806371875858218
2022-01-28T12:15-07:00,0.5074053757542575
2022-01-28T12:30-07:00,0.5084512848701451
2022-01-28T12:45-07:00,0.45398266611638466
2022-01-28T13:00-07:00,0.4816292830604038
2022-01-28T13:15-07:00,0.4676110576261925
2022-01-28T13:30-07:00,0.5099228224917373
2022-01-28T13:45-07:00,0.45398266611638466
2022-01-28T14:00-07:00,0.4816292830604038
2022-01-28T14:15-07:00,0.49525381758151055
2022-01-28T14:30-07:00,0.46780407264722695
2022-01-28T14:45-07:00,0.5095015147342393
2022-01-28T15:00-07:00,0.49627791563275436
2022-01-28T15:15-07:00,0.4423555432678953
2022-01-28T15:30-07:00,0.454733360892931
2022-01-28T15:45-07:00,0.45323444581788214
2022-01-28T16:00-07:00,0.4830251173060936
2022-01-28T16:15-07:00,0.48024149286497725
2022-01-28T16:30-07:00,0.4930156121610518
2022-01-28T16:45-07:00,0.5496770647244806
2022-01-28T17:00-07:00,0.49627791563275436
2022-01-28T17:15-07:00,0.49648324369052543
2022-01-28T17:30-07:00,0.4975124378109453
2022-01-28T17:45-07:00,0.5118273620141162
2022-01-28T18:00-07:00,0.5246444843296914
2022-01-28T18:15-07:00,0.5257332595462029
2022-01-28T18:30-07:00,0.4842280022136074
2022-01-28T18:45-07:00,0.538971807628524
2022-01-28T19:00-07:00,0.5103448275862132
2022-01-28T19:15-07:00,0.5383022774327122
2022-01-28T19:30-07:00,0.4966887417218543
2022-01-28T19:45-07:00,0.5103448275862132
2022-01-28T20:00-07:00,0.524427270218045
2022-01-28T20:15-07:00,0.5246444843296914
2022-01-28T20:30-07:00,0.5514959327175025
2022-01-28T20:45-07:00,0.551267916207283
2022-01-28T21:00-07:00,0.5076142131979758
2022-01-28T21:15-07:00,0.5501306560308136
2022-01-28T21:30-07:00,0.5084512848701451
2022-01-28T21:45-07:00,0.5360824742268041
2022-01-28T22:00-07:00,0.5216197666437823
2022-01-28T22:15-07:00,0.5252972076306268
2022-01-28T22:30-07:00,0.5670031807495443
2022-01-28T22:45-07:00,0.5365249690466364
2022-01-28T23:00-07:00,0.49627791563275436
2022-01-28T23:15-07:00,0.49525381758151055
2022-01-28T23:30-07:00,0.5220497321060522
2022-01-28T23:45-07:00,0.5076142131979758
2022-01-29T00:00-07:00,0.4662643993417506
2022-01-29T00:15-07:00,0.5095015147342393
2022-01-29T00:30-07:00,0.49504950495049505
2022-01-29T00:45-07:00,0.5090809025866876
2022-01-29T01:00-07:00,0.5503577325261483
2022-01-29T01:15-07:00,0.5365249690466364
2022-01-29T01:30-07:00,0.5220497321060522
2022-01-29T01:45-07:00,0.5220497321060522
2022-01-29T02:00-07:00,0.5076142131979758
2022-01-29T02:15-07:00,0.5480953685941417
2022-01-29T02:30-07:00,0.5205479452054732
2022-01-29T02:45-07:00,0.5229117930370104
2022-01-29T03:00-07:00,0.5229117930370104
2022-01-29T03:15-07:00,0.4685777287761915
2022-01-29T03:30-07:00,0.49586776859504134
2022-01-29T03:45-07:00,0.4683840749414583
2022-01-29T04:00-07:00,0.5371900826446281
2022-01-29T04:15-07:00,0.5374121537825548
2022-01-29T04:30-07:00,0.5517241379310408
2022-01-29T04:45-07:00,0.5385252692626347
2022-01-29T05:00-07:00,0.5496770647244806
2022-01-29T05:15-07:00,0.5084512848701451
2022-01-29T05:30-07:00,0.5503577325261483
2022-01-29T05:45-07:00,0.5514959327175025
2022-01-29T06:00-07:00,0.551267916207283
2022-01-29T06:15-07:00,0.547870154773325
2022-01-29T06:30-07:00,0.5501306560308136
2022-01-29T06:45-07:00,0.5358615004122012
2022-01-29T07:00-07:00,0.5632641846407411
2022-01-29T07:15-07:00,0.5358615004122012
2022-01-29T07:30-07:00,0.5501306560308136
2022-01-29T07:45-07:00,0.5084512848701451
2022-01-29T08:00-07:00,0.549224220788143
2022-01-29T08:15-07:00,0.5224804069847317
2022-01-29T08:30-07:00,0.5229117930370104
2022-01-29T08:45-07:00,0.5097120815539393
2022-01-29T09:00-07:00,0.5519525320822473
2022-01-29T09:15-07:00,0.538971807628524
2022-01-29T09:30-07:00,0.46935394809498143
2022-01-29T09:45-07:00,0.5109791465267292
2022-01-29T10:00-07:00,0.5367464905037159
2022-01-29T10:15-07:00,0.5071967100754003
2022-01-29T10:30-07:00,0.49362402303578773
2022-01-29T10:45-07:00,0.5074053757542575
2022-01-29T11:00-07:00,0.4656896315573272
2022-01-29T11:15-07:00,0.5101337377636903
2022-01-29T11:30-07:00,0.49648324369052543
2022-01-29T11:45-07:00,0.4968944099378882
2022-01-29T12:00-07:00,0.45492142266335817
2022-01-29T12:15-07:00,0.49586776859504134
2022-01-29T12:30-07:00,0.4541701073492981
2022-01-29T12:45-07:00,0.4820272689712098
2022-01-29T13:00-07:00,0.46780407264722695
2022-01-29T13:15-07:00,0.4541701073492981
2022-01-29T13:30-07:00,0.4676110576261925
2022-01-29T13:45-07:00,0.4537953795379538
2022-01-29T14:00-07:00,0.46741820181468874
2022-01-29T14:15-07:00,0.44071064591653414
2022-01-29T14:30-07:00,0.45398266611638466
2022-01-29T14:45-07:00,0.46780407264722695
2022-01-29T15:00-07:00,0.45454545454545453
2022-01-29T15:15-07:00,0.44162296439414217
2022-01-29T15:30-07:00,0.4685777287761915
2022-01-29T15:45-07:00,0.4820272689712098
2022-01-29T16:00-07:00,0.4832251829352415
2022-01-29T16:15-07:00,0.5380794701986755
2022-01-29T16:30-07:00,0.49607275733774286
2022-01-29T16:45-07:00,0.49607275733774286
2022-01-29T17:00-07:00,0.49854590776900704
2022-01-29T17:15-07:00,0.4810335349092845
2022-01-29T17:30-07:00,0.5229117930370104
2022-01-29T17:45-07:00,0.5521811154058595
2022-01-29T18:00-07:00,0.5378568473314026
2022-01-29T18:15-07:00,0.5508124483613392
2022-01-29T18:30-07:00,0.5235602094240774
2022-01-29T18:45-07:00,0.5374121537825548
2022-01-29T19:00-07:00,0.564194303013617
2022-01-29T19:15-07:00,0.53696819496076
2022-01-29T19:30-07:00,0.5510400881664204
2022-01-29T19:45-07:00,0.5371900826446281
2022-01-29T20:00-07:00,0.5084512848701451
2022-01-29T20:15-07:00,0.49403046521202143
2022-01-29T20:30-07:00,0.562800274536713
2022-01-29T20:45-07:00,0.5354200988467874
2022-01-29T21:00-07:00,0.5625686059275459
2022-01-29T21:15-07:00,0.5229117930370104
2022-01-29T21:30-07:00,0.4942339373970346
2022-01-29T21:45-07:00,0.5354200988467874
2022-01-29T22:00-07:00,0.4928131416837782
2022-01-29T22:15-07:00,0.5099228224917373
2022-01-29T22:30-07:00,0.5383022774327122
2022-01-29T22:45-07:00,0.5508124483613392
2022-01-29T23:00-07:00,0.5224804069847317
2022-01-29T23:15-07:00,0.5485463521667644
2022-01-29T23:30-07:00,0.5205479452054732
2022-01-29T23:45-07:00,0.5209761447765224
2022-01-30T00:00-07:00,0.5216197666437823
2022-01-30T00:15-07:00,0.5347593582887701
2022-01-30T00:30-07:00,0.47886167738404084
2022-01-30T00:45-07:00,0.5069882159495814
2022-01-30T01:00-07:00,0.5222649807586524
2022-01-30T01:15-07:00,0.5378568473314026
2022-01-30T01:30-07:00,0.4822265086800709
2022-01-30T01:45-07:00,0.4814305364511629
2022-01-30T02:00-07:00,0.5229117930370104
2022-01-30T02:15-07:00,0.5231277533039584
2022-01-30T02:30-07:00,0.5365249690466364
2022-01-30T02:45-07:00,0.5088708568285031
2022-01-30T03:00-07:00,0.5095015147342393
2022-01-30T03:15-07:00,0.5371900826446281
2022-01-30T03:30-07:00,0.5101337377636903
2022-01-30T03:45-07:00,0.5235602094240774
2022-01-30T04:00-07:00,0.49648324369052543
2022-01-30T04:15-07:00,0.5797101449275363
2022-01-30T04:30-07:00,0.5216197666437823
2022-01-30T04:45-07:00,0.5218346608074642
2022-01-30T05:00-07:00,0.5367464905037159
2022-01-30T05:15-07:00,0.5637288601677374
2022-01-30T05:30-07:00,0.5503577325261483
2022-01-30T05:45-07:00,0.5501306560308136
2022-01-30T06:00-07:00,0.5224804069847317
2022-01-30T06:15-07:00,0.5092911218169368
2022-01-30T06:30-07:00,0.5092911218169368
2022-01-30T06:45-07:00,0.5360824742268041
2022-01-30T07:00-07:00,0.5356407086938607
2022-01-30T07:15-07:00,0.5496770647244806
2022-01-30T07:30-07:00,0.5080324042290327
2022-01-30T07:45-07:00,0.5090809025866876
2022-01-30T08:00-07:00,0.49382716049382713
2022-01-30T08:15-07:00,0.4812319538017262
2022-01-30T08:30-07:00,0.43980208905991675
2022-01-30T08:45-07:00,0.4683840749414583
2022-01-30T09:00-07:00,0.4679972470750235
2022-01-30T09:15-07:00,0.49648324369052543
2022-01-30T09:30-07:00,0.45304777594728174
2022-01-30T09:45-07:00,0.45286125977768626
2022-01-30T10:00-07:00,0.46607265250171975
2022-01-30T10:15-07:00,0.45267489711934156
2022-01-30T10:30-07:00,0.41101520756267984
2022-01-30T10:45-07:00,0.4656896315573272
2022-01-30T11:00-07:00,0.42494859492803916
2022-01-30T11:15-07:00,0.45230263157894735
2022-01-30T11:30-07:00,0.45230263157894735
2022-01-30T11:45-07:00,0.45248868778280543
2022-01-30T12:00-07:00,0.46645630401976207
2022-01-30T12:15-07:00,0.4806371875858218
2022-01-30T12:30-07:00,0.439258750857921
2022-01-30T12:45-07:00,0.45323444581788214
2022-01-30T13:00-07:00,0.46684058766992254
2022-01-30T13:15-07:00,0.4394397143641794
2022-01-30T13:30-07:00,0.4812319538017262
2022-01-30T13:45-07:00,0.4536082474226804
2022-01-30T14:00-07:00,0.4812319538017262
2022-01-30T14:15-07:00,0.43980208905991675
2022-01-30T14:30-07:00,0.5082417582417645
2022-01-30T14:45-07:00,0.4679972470750235
2022-01-30T15:00-07:00,0.46741820181468874
2022-01-30T15:15-07:00,0.4814305364511629
2022-01-30T15:30-07:00,0.4670329670329733
2022-01-30T15:45-07:00,0.49443757725587145
2022-01-30T16:00-07:00,0.48262548262547633
2022-01-30T16:15-07:00,0.5097120815539393
2022-01-30T16:30-07:00,0.5224804069847317
2022-01-30T16:45-07:00,0.5358615004122012
2022-01-30T17:00-07:00,0.4822265086800709
2022-01-30T17:15-07:00,0.5396430053964301
2022-01-30T17:30-07:00,0.5505849965588501
2022-01-30T17:45-07:00,0.5371900826446281
2022-01-30T18:00-07:00,0.5367464905037159
2022-01-30T18:15-07:00,0.5103448275862132
2022-01-30T18:30-07:00,0.5519525320822473
2022-01-30T18:45-07:00,0.5380794701986755
2022-01-30T19:00-07:00,0.5503577325261483
2022-01-30T19:15-07:00,0.5782734407269723
2022-01-30T19:30-07:00,0.5501306560308136
2022-01-30T19:45-07:00,0.5224804069847317
2022-01-30T20:00-07:00,0.506363760777343
2022-01-30T20:15-07:00,0.5069882159495814
2022-01-30T20:30-07:00,0.5233438920258855
2022-01-30T20:45-07:00,0.5233438920258855
2022-01-30T21:00-07:00,0.5084512848701451
2022-01-30T21:15-07:00,0.5222649807586524
2022-01-30T21:30-07:00,0.5229117930370104
2022-01-30T21:45-07:00,0.5220497321060522
2022-01-30T22:00-07:00,0.5222649807586524
2022-01-30T22:15-07:00,0.5211905088465169
2022-01-30T22:30-07:00,0.5082417582417645
2022-01-30T22:45-07:00,0.5345394736842105
2022-01-30T23:00-07:00,0.5469711472719877
2022-01-30T23:15-07:00,0.506363760777343
2022-01-30T23:30-07:00,0.5604921394395016
2022-01-30T23:45-07:00,0.49443757725587145
2022-01-31T00:00-07:00,0.5246444843296914
2022-01-31T00:15-07:00,0.5109791465267292
2022-01-31T00:30-07:00,0.4977187888842804
2022-01-31T00:45-07:00,0.47052311098810484
2022-01-31T01:00-07:00,0.47052311098810484
2022-01-31T01:15-07:00,0.5398671096345515
2022-01-31T01:30-07:00,0.48382637544926105
2022-01-31T01:45-07:00,0.5255151431337235
2022-01-31T02:00-07:00,0.5101337377636903
2022-01-31T02:15-07:00,0.5358615004122012
2022-01-31T02:30-07:00,0.5214050493962615
2022-01-31T02:45-07:00,0.5351996706463565
2022-01-31T03:00-07:00,0.5487721223761896
2022-01-31T03:15-07:00,0.5351996706463565
2022-01-31T03:30-07:00,0.562800274536713
2022-01-31T03:45-07:00,0.508660984327749
2022-01-31T04:00-07:00,0.5376344086021505
2022-01-31T04:15-07:00,0.49607275733774286
2022-01-31T04:30-07:00,0.5655952545178582
2022-01-31T04:45-07:00,0.5387484459179445
2022-01-31T05:00-07:00,0.5521811154058595
2022-01-31T05:15-07:00,0.5646605150805611
2022-01-31T05:30-07:00,0.5660637857241412
2022-01-31T05:45-07:00,0.5360824742268041
2022-01-31T06:00-07:00,0.5503577325261483
2022-01-31T06:15-07:00,0.5501306560308136
2022-01-31T06:30-07:00,0.5235602094240774
2022-01-31T06:45-07:00,0.5358615004122012
2022-01-31T07:00-07:00,0.5224804069847317
2022-01-31T07:15-07:00,0.5763688760806917
2022-01-31T07:30-07:00,0.5351996706463565
2022-01-31T07:45-07:00,0.5224804069847317
2022-01-31T08:00-07:00,0.5351996706463565
2022-01-31T08:15-07:00,0.49648324369052543
2022-01-31T08:30-07:00,0.5237767057201866
2022-01-31T08:45-07:00,0.565127498277044
2022-01-31T09:00-07:00,0.5374121537825548
2022-01-31T09:15-07:00,0.5537865152983588
2022-01-31T09:30-07:00,0.5222649807586524
2022-01-31T09:45-07:00,0.5220497321060522
2022-01-31T10:00-07:00,0.5231277533039584
2022-01-31T10:15-07:00,0.5354200988467874
2022-01-31T10:30-07:00,0.5114029025570208
2022-01-31T10:45-07:00,0.5250794528119324
2022-01-31T11:00-07:00,0.5674740484429003
2022-01-31T11:15-07:00,0.552409888137004
2022-01-31T11:30-07:00,0.53696819496076
2022-01-31T11:45-07:00,0.4971002485501243
2022-01-31T12:00-07:00,0.4419889502762368
2022-01-31T12:15-07:00,0.5095015147342393
2022-01-31T12:30-07:00,0.4828252172713415
2022-01-31T12:45-07:00,0.45454545454545453
2022-01-31T13:00-07:00,0.5095015147342393
2022-01-31T13:15-07:00,0.4679972470750235
2022-01-31T13:30-07:00,0.5135322692574664
2022-01-31T13:45-07:00,0.5114029025570208
2022-01-31T14:00-07:00,0.5133185349611606
2022-01-31T14:15-07:00,0.4858411993336972
2022-01-31T14:30-07:00,0.4842280022136074
2022-01-31T14:45-07:00,0.48242591316332933
2022-01-31T15:00-07:00,0.4844290657439383
2022-01-31T15:15-07:00,0.48685491723465774
2022-01-31T15:30-07:00,0.5259515570934192
2022-01-31T15:45-07:00,0.5257332595462029
2022-01-31T16:00-07:00,0.47013274336283817
2022-01-31T16:15-07:00,0.46954840491645433
2022-01-31T16:30-07:00,0.5237767057201866
2022-01-31T16:45-07:00,0.4828252172713415
2022-01-31T17:00-07:00,0.4423555432678953
2022-01-31T17:15-07:00,0.5250794528119324
2022-01-31T17:30-07:00,0.5409904286308781
2022-01-31T17:45-07:00,0.5405405405405406
2022-01-31T18:00-07:00,0.5809128630705395
2022-01-31T18:15-07:00,0.5811540058115401
2022-01-31T18:30-07:00,0.5655952545178582
2022-01-31T18:45-07:00,0.5931034482758684
2022-01-31T19:00-07:00,0.5782734407269723
2022-01-31T19:15-07:00,0.5367464905037159
2022-01-31T19:30-07:00,0.5637288601677374
2022-01-31T19:45-07:00,0.5501306560308136
2022-01-31T20:00-07:00,0.547870154773325
2022-01-31T20:15-07:00,0.5766062602965404
2022-01-31T20:30-07:00,0.5653612796469877
2022-01-31T20:45-07:00,0.53696819496076
2022-01-31T21:00-07:00,0.524427270218045
2022-01-31T21:15-07:00,0.5376344086021505
2022-01-31T21:30-07:00,0.5494505494505557
2022-01-31T21:45-07:00,0.5235602094240774
2022-01-31T22:00-07:00,0.5499037668408091
2022-01-31T22:15-07:00,0.5095015147342393
2022-01-31T22:30-07:00,0.5637288601677374
2022-01-31T22:45-07:00,0.5383022774327122
2022-01-31T23:00-07:00,0.5229117930370104
2022-01-31T23:15-07:00,0.5374121537825548
2022-01-31T23:30-07:00,0.5503577325261483
2022-01-31T23:45-07:00,0.5503577325261483
2022-02-01T00:00-07:00,0.5623371279659792
2022-02-01T00:15-07:00,0.5485463521667644
2022-02-01T00:30-07:00,0.5207619569686109
2022-02-01T00:45-07:00,0.5343197698314838
2022-02-01T01:00-07:00,0.562800274536713
2022-02-01T01:15-07:00,0.4942339373970346
2022-02-01T01:30-07:00,0.5618747430450808
2022-02-01T01:45-07:00,0.5069882159495814
2022-02-01T02:00-07:00,0.508660984327749
2022-02-01T02:15-07:00,0.5508124483613392
2022-02-01T02:30-07:00,0.5510400881664204
2022-02-01T02:45-07:00,0.4822265086800709
2022-02-01T03:00-07:00,0.5088708568285031
2022-02-01T03:15-07:00,0.5367464905037159
2022-02-01T03:30-07:00,0.5231277533039584
2022-02-01T03:45-07:00,0.5105560921760791
2022-02-01T04:00-07:00,0.5226960110041202
2022-02-01T04:15-07:00,0.5082417582417645
2022-02-01T04:30-07:00,0.5356407086938607
2022-02-01T04:45-07:00,0.5503577325261483
2022-02-01T05:00-07:00,0.5380794701986755
2022-02-01T05:15-07:00,0.5103448275862132
2022-02-01T05:30-07:00,0.5519525320822473
2022-02-01T05:45-07:00,0.508660984327749
2022-02-01T06:00-07:00,0.5226960110041202
2022-02-01T06:15-07:00,0.5655952545178582
2022-02-01T06:30-07:00,0.5383022774327122
2022-02-01T06:45-07:00,0.5503577325261483
2022-02-01T07:00-07:00,0.548320767649081
2022-02-01T07:15-07:00,0.5775577557755776
2022-02-01T07:30-07:00,0.5517241379310408
2022-02-01T07:45-07:00,0.5099228224917373
2022-02-01T08:00-07:00,0.5237767057201866
2022-02-01T08:15-07:00,0.5242102358945998
2022-02-01T08:30-07:00,0.5095015147342393
2022-02-01T08:45-07:00,0.4834254143646346
2022-02-01T09:00-07:00,0.49648324369052543
2022-02-01T09:15-07:00,0.4543577034283354
2022-02-01T09:30-07:00,0.4683840749414583
2022-02-01T09:45-07:00,0.5082417582417645
2022-02-01T10:00-07:00,0.5237767057201866
2022-02-01T10:15-07:00,0.4662643993417506
2022-02-01T10:30-07:00,0.49362402303578773
2022-02-01T10:45-07:00,0.48024149286497725
2022-02-01T11:00-07:00,0.4662643993417506
2022-02-01T11:15-07:00,0.49362402303578773
2022-02-01T11:30-07:00,0.494641384995878
2022-02-01T11:45-07:00,0.4685777287761915
2022-02-01T12:00-07:00,0.45454545454545453
2022-02-01T12:15-07:00,0.49586776859504134
2022-02-01T12:30-07:00,0.506363760777343
2022-02-01T12:45-07:00,0.4942339373970346
2022-02-01T13:00-07:00,0.43871675349601785
2022-02-01T13:15-07:00,0.42494859492803916
2022-02-01T13:30-07:00,0.451559934318555
2022-02-01T13:45-07:00,0.42425071848912627
2022-02-01T14:00-07:00,0.49362402303578773
2022-02-01T14:15-07:00,0.4521167283189478
2022-02-01T14:30-07:00,0.4928131416837782
2022-02-01T14:45-07:00,0.43727794479365323
2022-02-01T15:00-07:00,0.4552980132450331
2022-02-01T15:15-07:00,0.4672255050158095
2022-02-01T15:30-07:00,0.4786652078774555
2022-02-01T15:45-07:00,0.4679972470750235
2022-02-01T16:00-07:00,0.48262548262547633
2022-02-01T16:15-07:00,0.4697430229345186
2022-02-01T16:30-07:00,0.49648324369052543
2022-02-01T16:45-07:00,0.4685777287761915
2022-02-01T17:00-07:00,0.4834254143646346
2022-02-01T17:15-07:00,0.5248618784530323
2022-02-01T17:30-07:00,0.5229117930370104
2022-02-01T17:45-07:00,0.524427270218045
2022-02-01T18:00-07:00,0.5231277533039584
2022-02-01T18:15-07:00,0.5367464905037159
2022-02-01T18:30-07:00,0.5913904552331242
2022-02-01T18:45-07:00,0.5494505494505557
2022-02-01T19:00-07:00,0.5639614855570776
2022-02-01T19:15-07:00,0.5785123966942148
2022-02-01T19:30-07:00,0.5508124483613392
2022-02-01T19:45-07:00,0.5630321340291066
2022-02-01T20:00-07:00,0.5625686059275459
2022-02-01T20:15-07:00,0.5503577325261483
2022-02-01T20:30-07:00,0.5637288601677374
2022-02-01T20:45-07:00,0.5508124483613392
2022-02-01T21:00-07:00,0.5499037668408091
2022-02-01T21:15-07:00,0.4814305364511629
2022-02-01T21:30-07:00,0.5233438920258855
2022-02-01T21:45-07:00,0.5503577325261483
2022-02-01T22:00-07:00,0.5501306560308136
2022-02-01T22:15-07:00,0.5095015147342393
2022-02-01T22:30-07:00,0.5229117930370104
2022-02-01T22:45-07:00,0.5226960110041202
2022-02-01T23:00-07:00,0.5494505494505557
2022-02-01T23:15-07:00,0.5207619569686109
2022-02-01T23:30-07:00,0.5607221006564489
2022-02-01T23:45-07:00,0.5371900826446281
2022-02-02T00:00-07:00,0.523993381136232
2022-02-02T00:15-07:00,0.523993381136232
2022-02-02T00:30-07:00,0.5255151431337235
2022-02-02T00:45-07:00,0.4977187888842804
2022-02-02T01:00-07:00,0.5103448275862132
2022-02-02T01:15-07:00,0.5233438920258855
2022-02-02T01:30-07:00,0.5655952545178582
2022-02-02T01:45-07:00,0.523993381136232
2022-02-02T02:00-07:00,0.5107675317504204
2022-02-02T02:15-07:00,0.4979253112033195
2022-02-02T02:30-07:00,0.49813200498132004
2022-02-02T02:45-07:00,0.5116150442477939
2022-02-02T03:00-07:00,0.4703278461751343
2022-02-02T03:15-07:00,0.5398671096345515
2022-02-02T03:30-07:00,0.5122525266509824
2022-02-02T03:45-07:00,0.5374121537825548
2022-02-02T04:00-07:00,0.5658294231299964
2022-02-02T04:15-07:00,0.5116150442477939
2022-02-02T04:30-07:00,0.5391953546246371
2022-02-02T04:45-07:00,0.511190936722858
2022-02-02T05:00-07:00,0.5371900826446281
2022-02-02T05:15-07:00,0.5250794528119324
2022-02-02T05:30-07:00,0.5387484459179445
2022-02-02T05:45-07:00,0.5766062602965404
2022-02-02T06:00-07:00,0.5341002465078061
2022-02-02T06:15-07:00,0.5376344086021505
2022-02-02T06:30-07:00,0.5931034482758684
2022-02-02T06:45-07:00,0.5655952545178582
2022-02-02T07:00-07:00,0.5653612796469877
2022-02-02T07:15-07:00,0.5742411812961444
2022-02-02T07:30-07:00,0.5203341092701567
2022-02-02T07:45-07:00,0.5347593582887701
2022-02-02T08:00-07:00,0.5071967100754003
2022-02-02T08:15-07:00,0.4934210526315789
2022-02-02T08:30-07:00,0.5216197666437823
2022-02-02T08:45-07:00,0.5071967100754003
2022-02-02T09:00-07:00,0.4798464491362701
2022-02-02T09:15-07:00,0.45230263157894735
2022-02-02T09:30-07:00,0.46530723963323467
2022-02-02T09:45-07:00,0.4778809393773832
2022-02-02T10:00-07:00,0.4517453798767967
2022-02-02T10:15-07:00,0.45137464095199015
2022-02-02T10:30-07:00,0.4643540016389027
2022-02-02T10:45-07:00,0.45081967213114754
2022-02-02T11:00-07:00,0.4778809393773832
2022-02-02T11:15-07:00,0.4643540016389027
2022-02-02T11:30-07:00,0.46684058766992254
2022-02-02T11:45-07:00,0.4806371875858218
2022-02-02T12:00-07:00,0.46684058766992254
2022-02-02T12:15-07:00,0.49443757725587145
2022-02-02T12:30-07:00,0.4942339373970346
2022-02-02T12:45-07:00,0.45081967213114754
2022-02-02T13:00-07:00,0.46454433665801964
2022-02-02T13:15-07:00,0.45081967213114754
2022-02-02T13:30-07:00,0.478076765469192
2022-02-02T13:45-07:00,0.4370987570004035
2022-02-02T14:00-07:00,0.42599972516147394
2022-02-02T14:15-07:00,0.44071064591653414
2022-02-02T14:30-07:00,0.4265272427077663
2022-02-02T14:45-07:00,0.45398266611638466
2022-02-02T15:00-07:00,0.4685777287761915
2022-02-02T15:15-07:00,0.454733360892931
2022-02-02T15:30-07:00,0.45286125977768626
2022-02-02T15:45-07:00,0.42547351084271834
2022-02-02T16:00-07:00,0.4379961675335278
2022-02-02T16:15-07:00,0.4681905811071393
2022-02-02T16:30-07:00,0.45286125977768626
2022-02-02T16:45-07:00,0.45398266611638466
2022-02-02T17:00-07:00,0.45286125977768626
2022-02-02T17:15-07:00,0.5078232226187271
2022-02-02T17:30-07:00,0.49525381758151055
2022-02-02T17:45-07:00,0.5383022774327122
2022-02-02T18:00-07:00,0.5528680027643463
2022-02-02T18:15-07:00,0.49382716049382713
2022-02-02T18:30-07:00,0.5354200988467874
2022-02-02T18:45-07:00,0.5095015147342393
2022-02-02T19:00-07:00,0.5503577325261483
2022-02-02T19:15-07:00,0.5371900826446281
2022-02-02T19:30-07:00,0.551267916207283
2022-02-02T19:45-07:00,0.5505849965588501
2022-02-02T20:00-07:00,0.5235602094240774
2022-02-02T20:15-07:00,0.53696819496076
2022-02-02T20:30-07:00,0.5508124483613392
2022-02-02T20:45-07:00,0.5637288601677374
2022-02-02T21:00-07:00,0.5637288601677374
2022-02-02T21:15-07:00,0.5367464905037159
2022-02-02T21:30-07:00,0.53696819496076
2022-02-02T21:45-07:00,0.5356407086938607
2022-02-02T22:00-07:00,0.5354200988467874
2022-02-02T22:15-07:00,0.5618747430450808
2022-02-02T22:30-07:00,0.5766062602965404
2022-02-02T22:45-07:00,0.5485463521667644
2022-02-02T23:00-07:00,0.5067798931653261
2022-02-02T23:15-07:00,0.5485463521667644
2022-02-02T23:30-07:00,0.5354200988467874
2022-02-02T23:45-07:00,0.549224220788143
2022-02-03T00:00-07:00,0.5485463521667644
2022-02-03T00:15-07:00,0.5356407086938607
2022-02-03T00:30-07:00,0.5363036303630363
2022-02-03T00:45-07:00,0.5489980785067315
2022-02-03T01:00-07:00,0.562800274536713
2022-02-03T01:15-07:00,0.5494505494505557
2022-02-03T01:30-07:00,0.5480953685941417
2022-02-03T01:45-07:00,0.5336617405582923
2022-02-03T02:00-07:00,0.5199069640169591
2022-02-03T02:15-07:00,0.5487721223761896
2022-02-03T02:30-07:00,0.5611825896523343
2022-02-03T02:45-07:00,0.5242102358945998
2022-02-03T03:00-07:00,0.5623371279659792
2022-02-03T03:15-07:00,0.5494505494505557
2022-02-03T03:30-07:00,0.5358615004122012
2022-02-03T03:45-07:00,0.5220497321060522
2022-02-03T04:00-07:00,0.5499037668408091
2022-02-03T04:15-07:00,0.5216197666437823
2022-02-03T04:30-07:00,0.5218346608074642
2022-02-03T04:45-07:00,0.5356407086938607
2022-02-03T05:00-07:00,0.5363036303630363
2022-02-03T05:15-07:00,0.5360824742268041
2022-02-03T05:30-07:00,0.5785123966942148
2022-02-03T05:45-07:00,0.5630321340291066
2022-02-03T06:00-07:00,0.5485463521667644
2022-02-03T06:15-07:00,0.5371900826446281
2022-02-03T06:30-07:00,0.565127498277044
2022-02-03T06:45-07:00,0.5229117930370104
2022-02-03T07:00-07:00,0.5363036303630363
2022-02-03T07:15-07:00,0.524427270218045
2022-02-03T07:30-07:00,0.5242102358945998
2022-02-03T07:45-07:00,0.5255151431337235
2022-02-03T08:00-07:00,0.4966887417218543
2022-02-03T08:15-07:00,0.49504950495049505
2022-02-03T08:30-07:00,0.5231277533039584
2022-02-03T08:45-07:00,0.5105560921760791
2022-02-03T09:00-07:00,0.5103448275862132
2022-02-03T09:15-07:00,0.5097120815539393
2022-02-03T09:30-07:00,0.5338809034907598
2022-02-03T09:45-07:00,0.5343197698314838
2022-02-03T10:00-07:00,0.5076142131979758
2022-02-03T10:15-07:00,0.49382716049382713
2022-02-03T10:30-07:00,0.5069882159495814
2022-02-03T10:45-07:00,0.48024149286497725
2022-02-03T11:00-07:00,0.5080324042290327
2022-02-03T11:15-07:00,0.5071967100754003
2022-02-03T11:30-07:00,0.4800438897270545
2022-02-03T11:45-07:00,0.5203341092701567
2022-02-03T12:00-07:00,0.4928131416837782
2022-02-03T12:15-07:00,0.4258241758241821
2022-02-03T12:30-07:00,0.4800438897270545
2022-02-03T12:45-07:00,0.5071967100754003
2022-02-03T13:00-07:00,0.45248868778280543
2022-02-03T13:15-07:00,0.5209761447765224
2022-02-03T13:30-07:00,0.4654983570646284
2022-02-03T13:45-07:00,0.45118949958982774
2022-02-03T14:00-07:00,0.46607265250171975
2022-02-03T14:15-07:00,0.5341002465078061
2022-02-03T14:30-07:00,0.5341002465078061
2022-02-03T14:45-07:00,0.5203341092701567
2022-02-03T15:00-07:00,0.48262548262547633
2022-02-03T15:15-07:00,0.523993381136232
2022-02-03T15:30-07:00,0.4691596522699111
2022-02-03T15:45-07:00,0.5360824742268041
2022-02-03T16:00-07:00,0.4830251173060936
2022-02-03T16:15-07:00,0.4979253112033195
2022-02-03T16:30-07:00,0.5255151431337235
2022-02-03T16:45-07:00,0.4968944099378882
2022-02-03T17:00-07:00,0.49607275733774286
2022-02-03T17:15-07:00,0.49730625777041026
2022-02-03T17:30-07:00,0.5394190871369294
2022-02-03T17:45-07:00,0.5116150442477939
2022-02-03T18:00-07:00,0.5118273620141162
2022-02-03T18:15-07:00,0.565127498277044
2022-02-03T18:30-07:00,0.5794701986754967
2022-02-03T18:45-07:00,0.565127498277044
2022-02-03T19:00-07:00,0.5928581276713147
2022-02-03T19:15-07:00,0.5505849965588501
2022-02-03T19:30-07:00,0.5508124483613392
2022-02-03T19:45-07:00,0.5510400881664204
2022-02-03T20:00-07:00,0.5374121537825548
2022-02-03T20:15-07:00,0.5365249690466364
2022-02-03T20:30-07:00,0.5904160373472533
2022-02-03T20:45-07:00,0.5489980785067315
2022-02-03T21:00-07:00,0.5758946935417524
2022-02-03T21:15-07:00,0.5403158769742311
2022-02-03T21:30-07:00,0.526826563149862
2022-02-03T21:45-07:00,0.5394190871369294
2022-02-03T22:00-07:00,0.5670031807495443
2022-02-03T22:15-07:00,0.5263886964953531
2022-02-03T22:30-07:00,0.5537865152983588
2022-02-03T22:45-07:00,0.5672385168787983
2022-02-03T23:00-07:00,0.5387484459179445
2022-02-03T23:15-07:00,0.5655952545178582
2022-02-03T23:30-07:00,0.5376344086021505
2022-02-03T23:45-07:00,0.5124653739612252
2022-02-04T00:00-07:00,0.5396430053964301
2022-02-04T00:15-07:00,0.5103448275862132
2022-02-04T00:30-07:00,0.5263886964953531
2022-02-04T00:45-07:00,0.5549389567147677
2022-02-04T01:00-07:00,0.523993381136232
2022-02-04T01:15-07:00,0.5514959327175025
2022-02-04T01:30-07:00,0.5105560921760791
2022-02-04T01:45-07:00,0.5211905088465169
2022-02-04T02:00-07:00,0.5211905088465169
2022-02-04T02:15-07:00,0.5211905088465169
2022-02-04T02:30-07:00,0.5341002465078061
2022-02-04T02:45-07:00,0.547870154773325
2022-02-04T03:00-07:00,0.4924086992203529
2022-02-04T03:15-07:00,0.5471956224350267
2022-02-04T03:30-07:00,0.5205479452054732
2022-02-04T03:45-07:00,0.5067798931653261
2022-02-04T04:00-07:00,0.5756578947368421
2022-02-04T04:15-07:00,0.549224220788143
2022-02-04T04:30-07:00,0.5224804069847317
2022-02-04T04:45-07:00,0.524427270218045
2022-02-04T05:00-07:00,0.5246444843296914
2022-02-04T05:15-07:00,0.5220497321060522
2022-02-04T05:30-07:00,0.5341002465078061
2022-02-04T05:45-07:00,0.5345394736842105
2022-02-04T06:00-07:00,0.5074053757542575
2022-02-04T06:15-07:00,0.53696819496076
2022-02-04T06:30-07:00,0.5365249690466364
2022-02-04T06:45-07:00,0.5218346608074642
2022-02-04T07:00-07:00,0.49443757725587145
2022-02-04T07:15-07:00,0.5224804069847317
2022-02-04T07:30-07:00,0.5371900826446281
2022-02-04T07:45-07:00,0.5246444843296914
2022-02-04T08:00-07:00,0.5109791465267292
2022-02-04T08:15-07:00,0.5237767057201866
2022-02-04T08:30-07:00,0.5501306560308136
2022-02-04T08:45-07:00,0.5226960110041202
2022-02-04T09:00-07:00,0.5356407086938607
2022-02-04T09:15-07:00,0.5074053757542575
2022-02-04T09:30-07:00,0.5211905088465169
2022-02-04T09:45-07:00,0.4930156121610518
2022-02-04T10:00-07:00,0.5471956224350267
2022-02-04T10:15-07:00,0.506363760777343
2022-02-04T10:30-07:00,0.49261083743842365
2022-02-04T10:45-07:00,0.505948311226589
2022-02-04T11:00-07:00,0.5327868852459017
2022-02-04T11:15-07:00,0.4812319538017262
2022-02-04T11:30-07:00,0.48024149286497725
2022-02-04T11:45-07:00,0.49504950495049505
2022-02-04T12:00-07:00,0.49443757725587145
2022-02-04T12:15-07:00,0.4948453608247423
2022-02-04T12:30-07:00,0.46741820181468874
2022-02-04T12:45-07:00,0.48043925875085164
2022-02-04T13:00-07:00,0.45492142266335817
2022-02-04T13:15-07:00,0.4541701073492981
2022-02-04T13:30-07:00,0.4812319538017262
2022-02-04T13:45-07:00,0.46741820181468874
2022-02-04T14:00-07:00,0.45398266611638466
2022-02-04T14:15-07:00,0.4541701073492981
2022-02-04T14:30-07:00,0.4543577034283354
2022-02-04T14:45-07:00,0.44071064591653414
2022-02-04T15:00-07:00,0.4408928079360642
2022-02-04T15:15-07:00,0.46684058766992254
2022-02-04T15:30-07:00,0.439258750857921
2022-02-04T15:45-07:00,0.4534212695795548
2022-02-04T16:00-07:00,0.5099228224917373
2022-02-04T16:15-07:00,0.4685777287761915
2022-02-04T16:30-07:00,0.5255151431337235
2022-02-04T16:45-07:00,0.4551096400496483
2022-02-04T17:00-07:00,0.49648324369052543
2022-02-04T17:15-07:00,0.49813200498132004
2022-02-04T17:30-07:00,0.5371900826446281
2022-02-04T17:45-07:00,0.565127498277044
2022-02-04T18:00-07:00,0.5519525320822473
2022-02-04T18:15-07:00,0.5235602094240774
2022-02-04T18:30-07:00,0.5376344086021505
2022-02-04T18:45-07:00,0.523993381136232
2022-02-04T19:00-07:00,0.5653612796469877
2022-02-04T19:15-07:00,0.5485463521667644
2022-02-04T19:30-07:00,0.5501306560308136
2022-02-04T19:45-07:00,0.5076142131979758
2022-02-04T20:00-07:00,0.5088708568285031
2022-02-04T20:15-07:00,0.549224220788143
2022-02-04T20:30-07:00,0.5354200988467874
2022-02-04T20:45-07:00,0.5354200988467874
2022-02-04T21:00-07:00,0.5082417582417645
2022-02-04T21:15-07:00,0.5226960110041202
2022-02-04T21:30-07:00,0.5376344086021505
2022-02-04T21:45-07:00,0.5363036303630363
2022-02-04T22:00-07:00,0.5226960110041202
2022-02-04T22:15-07:00,0.5374121537825548
2022-02-04T22:30-07:00,0.5632641846407411
2022-02-04T22:45-07:00,0.5356407086938607
2022-02-04T23:00-07:00,0.495458298926507
2022-02-04T23:15-07:00,0.5080324042290327
2022-02-04T23:30-07:00,0.5371900826446281
2022-02-04T23:45-07:00,0.49586776859504134
2022-02-05T00:00-07:00,0.4948453608247423
2022-02-05T00:15-07:00,0.5233438920258855
2022-02-05T00:30-07:00,0.5360824742268041
2022-02-05T00:45-07:00,0.508660984327749
2022-02-05T01:00-07:00,0.5501306560308136
2022-02-05T01:15-07:00,0.5358615004122012
2022-02-05T01:30-07:00,0.5220497321060522
2022-02-05T01:45-07:00,0.5074053757542575
2022-02-05T02:00-07:00,0.5078232226187271
2022-02-05T02:15-07:00,0.5214050493962615
2022-02-05T02:30-07:00,0.5211905088465169
2022-02-05T02:45-07:00,0.5233438920258855
2022-02-05T03:00-07:00,0.5365249690466364
2022-02-05T03:15-07:00,0.5229117930370104
2022-02-05T03:30-07:00,0.5229117930370104
2022-02-05T03:45-07:00,0.5231277533039584
2022-02-05T04:00-07:00,0.4820272689712098
2022-02-05T04:15-07:00,0.5376344086021505
2022-02-05T04:30-07:00,0.5246444843296914
2022-02-05T04:45-07:00,0.5363036303630363
2022-02-05T05:00-07:00,0.49566294919454773
2022-02-05T05:15-07:00,0.5222649807586524
2022-02-05T05:30-07:00,0.4687715428098781
2022-02-05T05:45-07:00,0.5222649807586524
2022-02-05T06:00-07:00,0.5503577325261483
2022-02-05T06:15-07:00,0.49607275733774286
2022-02-05T06:30-07:00,0.5371900826446281
2022-02-05T06:45-07:00,0.5229117930370104
2022-02-05T07:00-07:00,0.5082417582417645
2022-02-05T07:15-07:00,0.5374121537825548
2022-02-05T07:30-07:00,0.49648324369052543
2022-02-05T07:45-07:00,0.494641384995878
2022-02-05T08:00-07:00,0.494641384995878
2022-02-05T08:15-07:00,0.454733360892931
2022-02-05T08:30-07:00,0.4942339373970346
2022-02-05T08:45-07:00,0.5222649807586524
2022-02-05T09:00-07:00,0.5080324042290327
2022-02-05T09:15-07:00,0.4786652078774555
2022-02-05T09:30-07:00,0.4643540016389027
2022-02-05T09:45-07:00,0.4776852736454148
2022-02-05T10:00-07:00,0.5203341092701567
2022-02-05T10:15-07:00,0.5476451259583852
2022-02-05T10:30-07:00,0.505948311226589
2022-02-05T10:45-07:00,0.5061559507524003
2022-02-05T11:00-07:00,0.5192675594424644
2022-02-05T11:15-07:00,0.5192675594424644
2022-02-05T11:30-07:00,0.4918032786885246
2022-02-05T11:45-07:00,0.5057408419901648
2022-02-05T12:00-07:00,0.4920049200492005
2022-02-05T12:15-07:00,0.505948311226589
2022-02-05T12:30-07:00,0.5199069640169591
2022-02-05T12:45-07:00,0.506363760777343
2022-02-05T13:00-07:00,0.47905830823979667
2022-02-05T13:15-07:00,0.4920049200492005
2022-02-05T13:30-07:00,0.5061559507524003
2022-02-05T13:45-07:00,0.518842162752588
2022-02-05T14:00-07:00,0.5334427574887156
2022-02-05T14:15-07:00,0.505948311226589
2022-02-05T14:30-07:00,0.5065717415115069
2022-02-05T14:45-07:00,0.5334427574887156
2022-02-05T15:00-07:00,0.5203341092701567
2022-02-05T15:15-07:00,0.4934210526315789
2022-02-05T15:30-07:00,0.4934210526315789
2022-02-05T15:45-07:00,0.4651162790697737
2022-02-05T16:00-07:00,0.5456281544127739
2022-02-05T16:15-07:00,0.547870154773325
2022-02-05T16:30-07:00,0.5356407086938607
2022-02-05T16:45-07:00,0.5226960110041202
2022-02-05T17:00-07:00,0.5235602094240774
2022-02-05T17:15-07:00,0.551267916207283
2022-02-05T17:30-07:00,0.565127498277044
2022-02-05T17:45-07:00,0.5763688760806917
2022-02-05T18:00-07:00,0.5911465493538693
2022-02-05T18:15-07:00,0.6190672719768882
2022-02-05T18:30-07:00,0.5775577557755776
2022-02-05T18:45-07:00,0.6175380815150268
2022-02-05T19:00-07:00,0.5623371279659792
2022-02-05T19:15-07:00,0.5614131178967485
2022-02-05T19:30-07:00,0.5618747430450808
2022-02-05T19:45-07:00,0.547870154773325
2022-02-05T20:00-07:00,0.5471956224350267
2022-02-05T20:15-07:00,0.5632641846407411
2022-02-05T20:30-07:00,0.6057268722466898
2022-02-05T20:45-07:00,0.5775577557755776
2022-02-05T21:00-07:00,0.5766062602965404
2022-02-05T21:15-07:00,0.5877528704210013
2022-02-05T21:30-07:00,0.5737704918032787
2022-02-05T21:45-07:00,0.5785123966942148
2022-02-05T22:00-07:00,0.591634562465609
2022-02-05T22:15-07:00,0.5519525320822473
2022-02-05T22:30-07:00,0.5801906340654787
2022-02-05T22:45-07:00,0.552409888137004
2022-02-05T23:00-07:00,0.5801906340654787
2022-02-05T23:15-07:00,0.552409888137004
2022-02-05T23:30-07:00,0.5383022774327122
2022-02-05T23:45-07:00,0.5931034482758684
2022-02-06T00:00-07:00,0.5928581276713147
2022-02-06T00:15-07:00,0.53696819496076
2022-02-06T00:30-07:00,0.5363036303630363
2022-02-06T00:45-07:00,0.5226960110041202
2022-02-06T01:00-07:00,0.5632641846407411
2022-02-06T01:15-07:00,0.5909028445788163
2022-02-06T01:30-07:00,0.5224804069847317
2022-02-06T01:45-07:00,0.5775577557755776
2022-02-06T02:00-07:00,0.5489980785067315
2022-02-06T02:15-07:00,0.547870154773325
2022-02-06T02:30-07:00,0.5637288601677374
2022-02-06T02:45-07:00,0.508660984327749
2022-02-06T03:00-07:00,0.4979253112033195
2022-02-06T03:15-07:00,0.5503577325261483
2022-02-06T03:30-07:00,0.5501306560308136
2022-02-06T03:45-07:00,0.506363760777343
2022-02-06T04:00-07:00,0.5471956224350267
2022-02-06T04:15-07:00,0.5747126436781609
2022-02-06T04:30-07:00,0.5201204489460655
2022-02-06T04:45-07:00,0.5749486652977412
2022-02-06T05:00-07:00,0.5761316872427984
2022-02-06T05:15-07:00,0.5625686059275459
2022-02-06T05:30-07:00,0.5354200988467874
2022-02-06T05:45-07:00,0.5775577557755776
2022-02-06T06:00-07:00,0.5634964266080201
2022-02-06T06:15-07:00,0.5639614855570776
2022-02-06T06:30-07:00,0.5921233819884393
2022-02-06T06:45-07:00,0.5499037668408091
2022-02-06T07:00-07:00,0.5766062602965404
2022-02-06T07:15-07:00,0.5618747430450808
2022-02-06T07:30-07:00,0.5489980785067315
2022-02-06T07:45-07:00,0.5489980785067315
2022-02-06T08:00-07:00,0.5334427574887156
2022-02-06T08:15-07:00,0.5209761447765224
2022-02-06T08:30-07:00,0.5345394736842105
2022-02-06T08:45-07:00,0.4920049200492005
2022-02-06T09:00-07:00,0.5065717415115069
2022-02-06T09:15-07:00,0.5053264135482172
2022-02-06T09:30-07:00,0.4782727521180588
2022-02-06T09:45-07:00,0.4776852736454148
2022-02-06T10:00-07:00,0.504293307891515
2022-02-06T10:15-07:00,0.4934210526315789
2022-02-06T10:30-07:00,0.47905830823979667
2022-02-06T10:45-07:00,0.46321525885559206
2022-02-06T11:00-07:00,0.4498977505112474
2022-02-06T11:15-07:00,0.46397379912664377
2022-02-06T11:30-07:00,0.46454433665801964
2022-02-06T11:45-07:00,0.4374572795625365
2022-02-06T12:00-07:00,0.4782727521180588
2022-02-06T12:15-07:00,0.4782727521180588
2022-02-06T12:30-07:00,0.45081967213114754
2022-02-06T12:45-07:00,0.4370987570004035
2022-02-06T13:00-07:00,0.46473482777474656
2022-02-06T13:15-07:00,0.43871675349601785
2022-02-06T13:30-07:00,0.4383561643835554
2022-02-06T13:45-07:00,0.411522633744856
2022-02-06T14:00-07:00,0.4394397143641794
2022-02-06T14:15-07:00,0.4672255050158095
2022-02-06T14:30-07:00,0.42547351084271834
2022-02-06T14:45-07:00,0.4385363848156714
2022-02-06T15:00-07:00,0.4643540016389027
2022-02-06T15:15-07:00,0.48182819383259284
2022-02-06T15:30-07:00,0.4928131416837782
2022-02-06T15:45-07:00,0.46530723963323467
2022-02-06T16:00-07:00,0.43907793633369296
2022-02-06T16:15-07:00,0.5207619569686109
2022-02-06T16:30-07:00,0.49525381758151055
2022-02-06T16:45-07:00,0.5076142131979758
2022-02-06T17:00-07:00,0.5349794238683128
2022-02-06T17:15-07:00,0.5510400881664204
2022-02-06T17:30-07:00,0.53696819496076
2022-02-06T17:45-07:00,0.5517241379310408
2022-02-06T18:00-07:00,0.5501306560308136
2022-02-06T18:15-07:00,0.604229607250749
2022-02-06T18:30-07:00,0.5896873285792712
2022-02-06T18:45-07:00,0.5623371279659792
2022-02-06T19:00-07:00,0.5363036303630363
2022-02-06T19:15-07:00,0.5777961205117623
2022-02-06T19:30-07:00,0.5363036303630363
2022-02-06T19:45-07:00,0.548320767649081
2022-02-06T20:00-07:00,0.5480953685941417
2022-02-06T20:15-07:00,0.57684384013185
2022-02-06T20:30-07:00,0.5623371279659792
2022-02-06T20:45-07:00,0.5754212905877517
2022-02-06T21:00-07:00,0.5334427574887156
2022-02-06T21:15-07:00,0.5360824742268041
2022-02-06T21:30-07:00,0.5634964266080201
2022-02-06T21:45-07:00,0.57684384013185
2022-02-06T22:00-07:00,0.5623371279659792
2022-02-06T22:15-07:00,0.5341002465078061
2022-02-06T22:30-07:00,0.5336617405582923
2022-02-06T22:45-07:00,0.5226960110041202
2022-02-06T23:00-07:00,0.494641384995878
2022-02-06T23:15-07:00,0.5084512848701451
2022-02-06T23:30-07:00,0.5218346608074642
2022-02-06T23:45-07:00,0.5345394736842105
2022-02-07T00:00-07:00,0.5737704918032787
2022-02-07T00:15-07:00,0.5349794238683128
2022-02-07T00:30-07:00,0.5220497321060522
2022-02-07T00:45-07:00,0.5209761447765224
2022-02-07T01:00-07:00,0.5076142131979758
2022-02-07T01:15-07:00,0.5623371279659792
2022-02-07T01:30-07:00,0.5487721223761896
2022-02-07T01:45-07:00,0.5621058404167747
2022-02-07T02:00-07:00,0.5754212905877517
2022-02-07T02:15-07:00,0.5623371279659792
2022-02-07T02:30-07:00,0.548320767649081
2022-02-07T02:45-07:00,0.5894448252227615
2022-02-07T03:00-07:00,0.5209761447765224
2022-02-07T03:15-07:00,0.5494505494505557
2022-02-07T03:30-07:00,0.5201204489460655
2022-02-07T03:45-07:00,0.5205479452054732
2022-02-07T04:00-07:00,0.5076142131979758
2022-02-07T04:15-07:00,0.5226960110041202
2022-02-07T04:30-07:00,0.5336617405582923
2022-02-07T04:45-07:00,0.5469711472719877
2022-02-07T05:00-07:00,0.5611825896523343
2022-02-07T05:15-07:00,0.5216197666437823
2022-02-07T05:30-07:00,0.5625686059275459
2022-02-07T05:45-07:00,0.5499037668408091
2022-02-07T06:00-07:00,0.548320767649081
2022-02-07T06:15-07:00,0.561643835616432
2022-02-07T06:30-07:00,0.5205479452054732
2022-02-07T06:45-07:00,0.5345394736842105
2022-02-07T07:00-07:00,0.4934210526315789
2022-02-07T07:15-07:00,0.5480953685941417
2022-02-07T07:30-07:00,0.5207619569686109
2022-02-07T07:45-07:00,0.5222649807586524
2022-02-07T08:00-07:00,0.5182053729714925
2022-02-07T08:15-07:00,0.5499037668408091
2022-02-07T08:30-07:00,0.5069882159495814
2022-02-07T08:45-07:00,0.5205479452054732
2022-02-07T09:00-07:00,0.5460750853242383
2022-02-07T09:15-07:00,0.5192675594424644
2022-02-07T09:30-07:00,0.5319148936170213
2022-02-07T09:45-07:00,0.5186297256721651
2022-02-07T10:00-07:00,0.5186297256721651
2022-02-07T10:15-07:00,0.5047060428318163
2022-02-07T10:30-07:00,0.5182053729714925
2022-02-07T10:45-07:00,0.4776852736454148
2022-02-07T11:00-07:00,0.4918032786885246
2022-02-07T11:15-07:00,0.4630260111671041
2022-02-07T11:30-07:00,0.4897959183673469
2022-02-07T11:45-07:00,0.476514635806665
2022-02-07T12:00-07:00,0.49079754601226994
2022-02-07T12:15-07:00,0.5175701443748235
2022-02-07T12:30-07:00,0.4769042103828797
2022-02-07T12:45-07:00,0.4769042103828797
2022-02-07T13:00-07:00,0.48879837067209775
2022-02-07T13:15-07:00,0.5559322033898243
2022-02-07T13:30-07:00,0.5148353881587798
2022-02-07T13:45-07:00,0.5167255915148157
2022-02-07T14:00-07:00,0.5016268980477285
2022-02-07T14:15-07:00,0.4884004884004884
2022-02-07T14:30-07:00,0.5020352781546873
2022-02-07T14:45-07:00,0.5156737684896124
2022-02-07T15:00-07:00,0.5291005291005291
2022-02-07T15:15-07:00,0.5156737684896124
2022-02-07T15:30-07:00,0.5177817141299842
2022-02-07T15:45-07:00,0.4630260111671041
2022-02-07T16:00-07:00,0.5308289097590854
2022-02-07T16:15-07:00,0.5607221006564489
2022-02-07T16:30-07:00,0.5454049631851712
2022-02-07T16:45-07:00,0.5577472452727458
2022-02-07T17:00-07:00,0.5586592178770887
2022-02-07T17:15-07:00,0.5595741776989156
2022-02-07T17:30-07:00,0.5725971370143149
2022-02-07T17:45-07:00,0.5730659025787965
2022-02-07T18:00-07:00,0.5737704918032787
2022-02-07T18:15-07:00,0.5716619028174765
2022-02-07T18:30-07:00,0.5308289097590854
2022-02-07T18:45-07:00,0.6122448979591837
2022-02-07T19:00-07:00,0.6249150930580146
2022-02-07T19:15-07:00,0.6019975372827958
2022-02-07T19:30-07:00,0.5742411812961444
2022-02-07T19:45-07:00,0.6142506142506142
2022-02-07T20:00-07:00,0.613747954173486
2022-02-07T20:15-07:00,0.5879939833173863
2022-02-07T20:30-07:00,0.5758946935417524
2022-02-07T20:45-07:00,0.5884768030655598
2022-02-07T21:00-07:00,0.5593451568894889
2022-02-07T21:15-07:00,0.6022447303586032
2022-02-07T21:30-07:00,0.5882352941176533
2022-02-07T21:45-07:00,0.6005186297256659
2022-02-07T22:00-07:00,0.5487721223761896
2022-02-07T22:15-07:00,0.5737704918032787
2022-02-07T22:30-07:00,0.5742411812961444
2022-02-07T22:45-07:00,0.5609522506498774
2022-02-07T23:00-07:00,0.5598033861277928
2022-02-07T23:15-07:00,0.5858310626703059
2022-02-07T23:30-07:00,0.5584309452465206
2022-02-07T23:45-07:00,0.5875119551851409
2022-02-08T00:00-07:00,0.5875119551851409
2022-02-08T00:15-07:00,0.5611825896523343
2022-02-08T00:30-07:00,0.5747126436781609
2022-02-08T00:45-07:00,0.5742411812961444
2022-02-08T01:00-07:00,0.5877528704210013
2022-02-08T01:15-07:00,0.5733005733005733
2022-02-08T01:30-07:00,0.5593451568894889
2022-02-08T01:45-07:00,0.5865502659937315
2022-02-08T02:00-07:00,0.5716619028174765
2022-02-08T02:15-07:00,0.5744768157570784
2022-02-08T02:30-07:00,0.5749486652977412
2022-02-08T02:45-07:00,0.5747126436781609
2022-02-08T03:00-07:00,0.5884768030655598
2022-02-08T03:15-07:00,0.548320767649081
2022-02-08T03:30-07:00,0.603235536057027
2022-02-08T03:45-07:00,0.5899300315544033
2022-02-08T04:00-07:00,0.584874863982596
2022-02-08T04:15-07:00,0.5983138428066296
2022-02-08T04:30-07:00,0.5445140212360531
2022-02-08T04:45-07:00,0.5711954304365565
2022-02-08T05:00-07:00,0.5591163234692423
2022-02-08T05:15-07:00,0.5316973415132924
2022-02-08T05:30-07:00,0.5704971475142624
2022-02-08T05:45-07:00,0.5839217816404191
2022-02-08T06:00-07:00,0.5449591280654014
2022-02-08T06:15-07:00,0.5460750853242383
2022-02-08T06:30-07:00,0.6119951040391677
2022-02-08T06:45-07:00,0.5434044287461005
2022-02-08T07:00-07:00,0.5572923746092096
2022-02-08T07:15-07:00,0.5983138428066296
2022-02-08T07:30-07:00,0.5988023952095746
2022-02-08T07:45-07:00,0.5723630417007359
2022-02-08T08:00-07:00,0.5988023952095746
2022-02-08T08:15-07:00,0.5728314238952537
2022-02-08T08:30-07:00,0.5330053300533005
2022-02-08T08:45-07:00,0.5584309452465206
2022-02-08T09:00-07:00,0.5192675594424644
2022-02-08T09:15-07:00,0.5199069640169591
2022-02-08T09:30-07:00,0.5067798931653261
2022-02-08T09:45-07:00,0.5194805194805132
2022-02-08T10:00-07:00,0.5338809034907598
2022-02-08T10:15-07:00,0.5053264135482172
2022-02-08T10:30-07:00,0.5049126637554647
2022-02-08T10:45-07:00,0.5184174624829405
2022-02-08T11:00-07:00,0.49261083743842365
2022-02-08T11:15-07:00,0.5190547739379804
2022-02-08T11:30-07:00,0.505119453924921
2022-02-08T11:45-07:00,0.5314799672935405
2022-02-08T12:00-07:00,0.5316973415132924
2022-02-08T12:15-07:00,0.5158837903882643
2022-02-08T12:30-07:00,0.5158837903882643
2022-02-08T12:45-07:00,0.5568382452804501
2022-02-08T13:00-07:00,0.5721291377196567
2022-02-08T13:15-07:00,0.4893964110929853
2022-02-08T13:30-07:00,0.48999591670069415
2022-02-08T13:45-07:00,0.5044995909462838
2022-02-08T14:00-07:00,0.5192675594424644
2022-02-08T14:15-07:00,0.5431830526887623
2022-02-08T14:30-07:00,0.5297473512632437
2022-02-08T14:45-07:00,0.5167255915148157
2022-02-08T15:00-07:00,0.5036754696433495
2022-02-08T15:15-07:00,0.5034698598448831
2022-02-08T15:30-07:00,0.5293159609120521
2022-02-08T15:45-07:00,0.5186297256721651
2022-02-08T16:00-07:00,0.5445140212360531
2022-02-08T16:15-07:00,0.5330053300533005
2022-02-08T16:30-07:00,0.5730659025787965
2022-02-08T16:45-07:00,0.5721291377196567
2022-02-08T17:00-07:00,0.5561584373304334
2022-02-08T17:15-07:00,0.5598033861277928
2022-02-08T17:30-07:00,0.5733005733005733
2022-02-08T17:45-07:00,0.5730659025787965
2022-02-08T18:00-07:00,0.5728314238952537
2022-02-08T18:15-07:00,0.5586592178770887
2022-02-08T18:30-07:00,0.625424881033317
2022-02-08T18:45-07:00,0.6010107908755572
2022-02-08T19:00-07:00,0.6269592476489091
2022-02-08T19:15-07:00,0.5853525728287565
2022-02-08T19:30-07:00,0.6139991813344249
2022-02-08T19:45-07:00,0.6122448979591837
2022-02-08T20:00-07:00,0.5718954248366013
2022-02-08T20:15-07:00,0.5740057400574006
2022-02-08T20:30-07:00,0.5865502659937315
2022-02-08T20:45-07:00,0.5465227490094338
2022-02-08T21:00-07:00,0.6007646095029976
2022-02-08T21:15-07:00,0.5875119551851409
2022-02-08T21:30-07:00,0.5586592178770887
2022-02-08T21:45-07:00,0.5749486652977412
2022-02-08T22:00-07:00,0.6162695152013147
2022-02-08T22:15-07:00,0.5758946935417524
2022-02-08T22:30-07:00,0.5349794238683128
2022-02-08T22:45-07:00,0.5614131178967485
2022-02-08T23:00-07:00,0.5194805194805132
2022-02-08T23:15-07:00,0.561643835616432
2022-02-08T23:30-07:00,0.5487721223761896
2022-02-08T23:45-07:00,0.5884768030655598
2022-02-09T00:00-07:00,0.5877528704210013
2022-02-09T00:15-07:00,0.5442917403728461
2022-02-09T00:30-07:00,0.5572923746092096
2022-02-09T00:45-07:00,0.556611458050496
2022-02-09T01:00-07:00,0.5297473512632437
2022-02-09T01:15-07:00,0.5718954248366013
2022-02-09T01:30-07:00,0.5985580193170935
2022-02-09T01:45-07:00,0.5449591280654014
2022-02-09T02:00-07:00,0.5851136209008091
2022-02-09T02:15-07:00,0.5853525728287565
2022-02-09T02:30-07:00,0.5577472452727458
2022-02-09T02:45-07:00,0.5851136209008091
2022-02-09T03:00-07:00,0.5579749591725578
2022-02-09T03:15-07:00,0.5865502659937315
2022-02-09T03:30-07:00,0.5853525728287565
2022-02-09T03:45-07:00,0.5716619028174765
2022-02-09T04:00-07:00,0.5730659025787965
2022-02-09T04:15-07:00,0.5709624796084829
2022-02-09T04:30-07:00,0.6132461161079313
2022-02-09T04:45-07:00,0.5723630417007359
2022-02-09T05:00-07:00,0.5728314238952537
2022-02-09T05:15-07:00,0.5855917200054536
2022-02-09T05:30-07:00,0.5723630417007359
2022-02-09T05:45-07:00,0.6012571740912755
2022-02-09T06:00-07:00,0.5992917461182177
2022-02-09T06:15-07:00,0.6127450980392157
2022-02-09T06:30-07:00,0.5721291377196567
2022-02-09T06:45-07:00,0.5436259853221046
2022-02-09T07:00-07:00,0.583446404341933
2022-02-09T07:15-07:00,0.5440696409140432
2022-02-09T07:30-07:00,0.5700325732899023
2022-02-09T07:45-07:00,0.5718954248366013
2022-02-09T08:00-07:00,0.6107491856677525
2022-02-09T08:15-07:00,0.5846363018354923
2022-02-09T08:30-07:00,0.5695687550854354
2022-02-09T08:45-07:00,0.5691056910569106
2022-02-09T09:00-07:00,0.555254604550373
2022-02-09T09:15-07:00,0.5297473512632437
2022-02-09T09:30-07:00,0.4997973794407734
2022-02-09T09:45-07:00,0.5308289097590854
2022-02-09T10:00-07:00,0.514208389715826
2022-02-09T10:15-07:00,0.5672609400324149
2022-02-09T10:30-07:00,0.5541289363427429
2022-02-09T10:45-07:00,0.553904350175622
2022-02-09T11:00-07:00,0.526955816781516
2022-02-09T11:15-07:00,0.5822613405551856
2022-02-09T11:30-07:00,0.5688744412840309
2022-02-09T11:45-07:00,0.5291005291005291
2022-02-09T12:00-07:00,0.570264765784114
2022-02-09T12:15-07:00,0.556384855475635
2022-02-09T12:30-07:00,0.5411987552428691
2022-02-09T12:45-07:00,0.5411987552428691
2022-02-09T13:00-07:00,0.5686433793663688
2022-02-09T13:15-07:00,0.5431830526887623
2022-02-09T13:30-07:00,0.5832090058320962
2022-02-09T13:45-07:00,0.5716619028174765
2022-02-09T14:00-07:00,0.5158837903882643
2022-02-09T14:15-07:00,0.5163043478260807
2022-02-09T14:30-07:00,0.5541289363427429
2022-02-09T14:45-07:00,0.5297473512632437
2022-02-09T15:00-07:00,0.5303957568339454
2022-02-09T15:15-07:00,0.5698005698005698
2022-02-09T15:30-07:00,0.5407597674733061
2022-02-09T15:45-07:00,0.5557061534291073
2022-02-09T16:00-07:00,0.5541289363427429
2022-02-09T16:15-07:00,0.5280259951259139
2022-02-09T16:30-07:00,0.5550291051847779
2022-02-09T16:45-07:00,0.5411987552428691
2022-02-09T17:00-07:00,0.5586592178770887
2022-02-09T17:15-07:00,0.5310457516339869
2022-02-09T17:30-07:00,0.5440696409140432
2022-02-09T17:45-07:00,0.5968529571350996
2022-02-09T18:00-07:00,0.5832090058320962
2022-02-09T18:15-07:00,0.5822613405551856
2022-02-09T18:30-07:00,0.5970959424616575
2022-02-09T18:45-07:00,0.6241519674355558
2022-02-09T19:00-07:00,0.5839217816404191
2022-02-09T19:15-07:00,0.597339125712728
2022-02-09T19:30-07:00,0.5572923746092096
2022-02-09T19:45-07:00,0.5570652173912981
2022-02-09T20:00-07:00,0.5985580193170935
2022-02-09T20:15-07:00,0.6244061354689895
2022-02-09T20:30-07:00,0.5839217816404191
2022-02-09T20:45-07:00,0.6097560975609756
2022-02-09T21:00-07:00,0.5839217816404191
2022-02-09T21:15-07:00,0.586070601063111
2022-02-09T21:30-07:00,0.5997818974918149
2022-02-09T21:45-07:00,0.586070601063111
2022-02-09T22:00-07:00,0.5858310626703059
2022-02-09T22:15-07:00,0.5865502659937315
2022-02-09T22:30-07:00,0.5870307167235558
2022-02-09T22:45-07:00,0.5728314238952537
2022-02-09T23:00-07:00,0.5968529571350996
2022-02-09T23:15-07:00,0.609508329947176
2022-02-09T23:30-07:00,0.5822613405551856
2022-02-09T23:45-07:00,0.5691056910569106
2022-02-10T00:00-07:00,0.5990469707283804
2022-02-10T00:15-07:00,0.5858310626703059
2022-02-10T00:30-07:00,0.5442917403728461
2022-02-10T00:45-07:00,0.5449591280654014
2022-02-10T01:00-07:00,0.5584309452465206
2022-02-10T01:15-07:00,0.6261911244214601
2022-02-10T01:30-07:00,0.5575197171607227
2022-02-10T01:45-07:00,0.5846363018354923
2022-02-10T02:00-07:00,0.5846363018354923
2022-02-10T02:15-07:00,0.5711954304365565
2022-02-10T02:30-07:00,0.5978260869565155
2022-02-10T02:45-07:00,0.5970959424616575
2022-02-10T03:00-07:00,0.584397934221262
2022-02-10T03:15-07:00,0.6124948958758677
2022-02-10T03:30-07:00,0.5579749591725578
2022-02-10T03:45-07:00,0.6267029972752106
2022-02-10T04:00-07:00,0.5723630417007359
2022-02-10T04:15-07:00,0.5877528704210013
2022-02-10T04:30-07:00,0.5730659025787965
2022-02-10T04:45-07:00,0.6017505470459455
2022-02-10T05:00-07:00,0.5853525728287565
2022-02-10T05:15-07:00,0.637029005150441
2022-02-10T05:30-07:00,0.5985580193170935
2022-02-10T05:45-07:00,0.5855917200054536
2022-02-10T06:00-07:00,0.5841597609020576
2022-02-10T06:15-07:00,0.6087662337662337
2022-02-10T06:30-07:00,0.5806103159600385
2022-02-10T06:45-07:00,0.5584309452465206
2022-02-10T07:00-07:00,0.5598033861277928
2022-02-10T07:15-07:00,0.6292749658002799
2022-02-10T07:30-07:00,0.584874863982596
2022-02-10T07:45-07:00,0.5709624796084829
2022-02-10T08:00-07:00,0.5693371289141927
2022-02-10T08:15-07:00,0.570264765784114
2022-02-10T08:30-07:00,0.570264765784114
2022-02-10T08:45-07:00,0.5445140212360531
2022-02-10T09:00-07:00,0.5284552845528455
2022-02-10T09:15-07:00,0.49919050188883507
2022-02-10T09:30-07:00,0.5668016194331984
2022-02-10T09:45-07:00,0.5543537047052399
2022-02-10T10:00-07:00,0.526955816781516
2022-02-10T10:15-07:00,0.5684125050751117
2022-02-10T10:30-07:00,0.5175701443748235
2022-02-10T10:45-07:00,0.617864338482209
2022-02-10T11:00-07:00,0.5915568701263719
2022-02-10T11:15-07:00,0.5518912370440106
2022-02-10T11:30-07:00,0.5925127928898404
2022-02-10T11:45-07:00,0.6072874493927125
2022-02-10T12:00-07:00,0.6201132380695666
2022-02-10T12:15-07:00,0.6075334143377886
2022-02-10T12:30-07:00,0.5815526102245125
2022-02-10T12:45-07:00,0.5961251862891145
2022-02-10T13:00-07:00,0.6109979633401222
2022-02-10T13:15-07:00,0.6357365075070951
2022-02-10T13:30-07:00,0.5929919137466245
2022-02-10T13:45-07:00,0.5932317648644944
2022-02-10T14:00-07:00,0.6075334143377886
2022-02-10T14:15-07:00,0.5674908796108634
2022-02-10T14:30-07:00,0.5654281098546042
2022-02-10T14:45-07:00,0.6085192697768763
2022-02-10T15:00-07:00,0.5968529571350996
2022-02-10T15:15-07:00,0.6082725060827251
2022-02-10T15:30-07:00,0.5684125050751117
2022-02-10T15:45-07:00,0.6092607636068237
2022-02-10T16:00-07:00,0.595640990930006
2022-02-10T16:15-07:00,0.6334231805929857
2022-02-10T16:30-07:00,0.6191117092866818
2022-02-10T16:45-07:00,0.6082725060827251
2022-02-10T17:00-07:00,0.6072874493927125
2022-02-10T17:15-07:00,0.6354786371011295
2022-02-10T17:30-07:00,0.6349635233720554
2022-02-10T17:45-07:00,0.6218737325943011
2022-02-10T18:00-07:00,0.6077795786061588
2022-02-10T18:15-07:00,0.6602883708395156
2022-02-10T18:30-07:00,0.6624307151547987
2022-02-10T18:45-07:00,0.6610901241230499
2022-02-10T19:00-07:00,0.6602883708395156
2022-02-10T19:15-07:00,0.6749460043196482
2022-02-10T19:30-07:00,0.6605554057697555
2022-02-10T19:45-07:00,0.6472491909385113
2022-02-10T20:00-07:00,0.634192416677905
2022-02-10T20:15-07:00,0.6600215517241441
2022-02-10T20:30-07:00,0.6100040666937779
2022-02-10T20:45-07:00,0.6362528766752341
2022-02-10T21:00-07:00,0.6621621621621684
2022-02-10T21:15-07:00,0.6072874493927125
2022-02-10T21:30-07:00,0.6467259498787389
2022-02-10T21:45-07:00,0.6329113924050571
2022-02-10T22:00-07:00,0.6472491909385113
2022-02-10T22:15-07:00,0.6223785685292986
2022-02-10T22:30-07:00,0.6223785685292986
2022-02-10T22:45-07:00,0.6472491909385113
2022-02-10T23:00-07:00,0.6329113924050571
2022-02-10T23:15-07:00,0.5920344456404675
2022-02-10T23:30-07:00,0.6070416835289356
2022-02-10T23:45-07:00,0.5929919137466245
2022-02-11T00:00-07:00,0.6193617880705595
2022-02-11T00:15-07:00,0.5775688381464131
2022-02-11T00:30-07:00,0.5963675792897742
2022-02-11T00:45-07:00,0.6221260481471526
2022-02-11T01:00-07:00,0.6077795786061588
2022-02-11T01:15-07:00,0.6075334143377886
2022-02-11T01:30-07:00,0.6336793851961647
2022-02-11T01:45-07:00,0.6191117092866818
2022-02-11T02:00-07:00,0.6060606060606061
2022-02-11T02:15-07:00,0.5925127928898404
2022-02-11T02:30-07:00,0.5922735226813776
2022-02-11T02:45-07:00,0.5917955615332824
2022-02-11T03:00-07:00,0.6191117092866818
2022-02-11T03:15-07:00,0.6196120689655235
2022-02-11T03:30-07:00,0.6201132380695666
2022-02-11T03:45-07:00,0.5929919137466245
2022-02-11T04:00-07:00,0.6211180124223664
2022-02-11T04:15-07:00,0.595640990930006
2022-02-11T04:30-07:00,0.6100040666937779
2022-02-11T04:45-07:00,0.6782419967444322
2022-02-11T05:00-07:00,0.6097560975609756
2022-02-11T05:15-07:00,0.650142218610321
2022-02-11T05:30-07:00,0.6367700853542818
2022-02-11T05:45-07:00,0.6506710044733631
2022-02-11T06:00-07:00,0.6493506493506493
2022-02-11T06:15-07:00,0.650142218610321
2022-02-11T06:30-07:00,0.64882400648824
2022-02-11T06:45-07:00,0.6082725060827251
2022-02-11T07:00-07:00,0.6080259424402108
2022-02-11T07:15-07:00,0.5799055967633238
2022-02-11T07:30-07:00,0.6347062795408446
2022-02-11T07:45-07:00,0.6085192697768763
2022-02-11T08:00-07:00,0.6357365075070951
2022-02-11T08:15-07:00,0.5932317648644944
2022-02-11T08:30-07:00,0.6198625522166885
2022-02-11T08:45-07:00,0.5670311867152693
2022-02-11T09:00-07:00,0.5901287553648007
2022-02-11T09:15-07:00,0.5645161290322581
2022-02-11T09:30-07:00,0.6186121570737017
2022-02-11T09:45-07:00,0.5792025862069027
2022-02-11T10:00-07:00,0.6067961165048543
2022-02-11T10:15-07:00,0.5768714784008647
2022-02-11T10:30-07:00,0.578734858681029
2022-02-11T10:45-07:00,0.56657223796034
2022-02-11T11:00-07:00,0.5674908796108634
2022-02-11T11:15-07:00,0.5920344456404675
2022-02-11T11:30-07:00,0.5518912370440106
2022-02-11T11:45-07:00,0.5518912370440106
2022-02-11T12:00-07:00,0.5792025862069027
2022-02-11T12:15-07:00,0.5934718100890146
2022-02-11T12:30-07:00,0.5534557235421105
2022-02-11T12:45-07:00,0.5684125050751117
2022-02-11T13:00-07:00,0.5658852061438965
2022-02-11T13:15-07:00,0.5532316826339164
2022-02-11T13:30-07:00,0.5385754678874439
2022-02-11T13:45-07:00,0.6080259424402108
2022-02-11T14:00-07:00,0.5806103159600385
2022-02-11T14:15-07:00,0.5813167500338037
2022-02-11T14:30-07:00,0.5810810810810872
2022-02-11T14:45-07:00,0.5536799459824381
2022-02-11T15:00-07:00,0.5409791723018725
2022-02-11T15:15-07:00,0.5815526102245125
2022-02-11T15:30-07:00,0.6211180124223664
2022-02-11T15:45-07:00,0.6060606060606061
2022-02-11T16:00-07:00,0.5839217816404191
2022-02-11T16:15-07:00,0.5280259951259139
2022-02-11T16:30-07:00,0.5677210056772101
2022-02-11T16:45-07:00,0.6196120689655235
2022-02-11T17:00-07:00,0.5681818181818182
2022-02-11T17:15-07:00,0.5817886618860838
2022-02-11T17:30-07:00,0.5958829902491812
2022-02-11T17:45-07:00,0.6085192697768763
2022-02-11T18:00-07:00,0.5810810810810872
2022-02-11T18:15-07:00,0.6060606060606061
2022-02-11T18:30-07:00,0.595640990930006
2022-02-11T18:45-07:00,0.6085192697768763
2022-02-11T19:00-07:00,0.5684125050751117
2022-02-11T19:15-07:00,0.5806103159600385
2022-02-11T19:30-07:00,0.6365113759479895
2022-02-11T19:45-07:00,0.6221260481471526
2022-02-11T20:00-07:00,0.6090133982947625
2022-02-11T20:15-07:00,0.6334231805929857
2022-02-11T20:30-07:00,0.635994587280102
2022-02-11T20:45-07:00,0.6226312939902606
2022-02-11T21:00-07:00,0.6087662337662337
2022-02-11T21:15-07:00,0.6347062795408446
2022-02-11T21:30-07:00,0.6105006105006106
2022-02-11T21:45-07:00,0.6375474769397659
2022-02-11T22:00-07:00,0.5836839961992732
2022-02-11T22:15-07:00,0.6365113759479895
2022-02-11T22:30-07:00,0.6233907033473433
2022-02-11T22:45-07:00,0.6105006105006106
2022-02-11T23:00-07:00,0.6244061354689895
2022-02-11T23:15-07:00,0.5803752193278506
2022-02-11T23:30-07:00,0.6203641267700668
2022-02-11T23:45-07:00,0.6050826946349335
2022-02-12T00:00-07:00,0.6221260481471526
2022-02-12T00:15-07:00,0.5934718100890146
2022-02-12T00:30-07:00,0.5939524838012897
2022-02-12T00:45-07:00,0.6060606060606061
2022-02-12T01:00-07:00,0.5932317648644944
2022-02-12T01:15-07:00,0.6329113924050571
2022-02-12T01:30-07:00,0.6050826946349335
2022-02-12T01:45-07:00,0.5946749560751391
2022-02-12T02:00-07:00,0.5949161709031847
2022-02-12T02:15-07:00,0.634449244060469
2022-02-12T02:30-07:00,0.6072874493927125
2022-02-12T02:45-07:00,0.6067961165048543
2022-02-12T03:00-07:00,0.6331671830796113
2022-02-12T03:15-07:00,0.5941931127616413
2022-02-12T03:30-07:00,0.6077795786061588
2022-02-12T03:45-07:00,0.606550748079256
2022-02-12T04:00-07:00,0.6067961165048543
2022-02-12T04:15-07:00,0.66082265677681
2022-02-12T04:30-07:00,0.5937120496559107
2022-02-12T04:45-07:00,0.6613578080712709
2022-02-12T05:00-07:00,0.6339357971405387
2022-02-12T05:15-07:00,0.6102522375915378
2022-02-12T05:30-07:00,0.5966101694915192
2022-02-12T05:45-07:00,0.5966101694915192
2022-02-12T06:00-07:00,0.6060606060606061
2022-02-12T06:15-07:00,0.5934718100890146
2022-02-12T06:30-07:00,0.5927522565000612
2022-02-12T06:45-07:00,0.5920344456404675
2022-02-12T07:00-07:00,0.6082725060827251
2022-02-12T07:15-07:00,0.5806103159600385
2022-02-12T07:30-07:00,0.5949161709031847
2022-02-12T07:45-07:00,0.5691056910569106
2022-02-12T08:00-07:00,0.5944339367738387
2022-02-12T08:15-07:00,0.5275974025974026
2022-02-12T08:30-07:00,0.5679513184584178
2022-02-12T08:45-07:00,0.5822613405551856
2022-02-12T09:00-07:00,0.5670311867152693
2022-02-12T09:15-07:00,0.5640612409347301
2022-02-12T09:30-07:00,0.5771037444638365
2022-02-12T09:45-07:00,0.5379236148466979
2022-02-12T10:00-07:00,0.5647438483259378
2022-02-12T10:15-07:00,0.538793103448282
2022-02-12T10:30-07:00,0.5483482680219278
2022-02-12T10:45-07:00,0.5494505494505433
2022-02-12T11:00-07:00,0.5364087434625245
2022-02-12T11:15-07:00,0.5633802816901409
2022-02-12T11:30-07:00,0.5366246310705722
2022-02-12T11:45-07:00,0.5235602094240838
2022-02-12T12:00-07:00,0.49717817790917035
2022-02-12T12:15-07:00,0.5381407237992797
2022-02-12T12:30-07:00,0.5121293800539022
2022-02-12T12:45-07:00,0.5368406925244995
2022-02-12T13:00-07:00,0.550779150994083
2022-02-12T13:15-07:00,0.5501140480343425
2022-02-12T13:30-07:00,0.5233494363929146
2022-02-12T13:45-07:00,0.5241935483870968
2022-02-12T14:00-07:00,0.5220883534136547
2022-02-12T14:15-07:00,0.5490091055168659
2022-02-12T14:30-07:00,0.5498927038626548
2022-02-12T14:45-07:00,0.523771152296535
2022-02-12T15:00-07:00,0.5651998385143319
2022-02-12T15:15-07:00,0.5525606469002634
2022-02-12T15:30-07:00,0.5385754678874439
2022-02-12T15:45-07:00,0.5778016662187645
2022-02-12T16:00-07:00,0.5824979680303503
2022-02-12T16:15-07:00,0.5775688381464131
2022-02-12T16:30-07:00,0.6168700549819024
2022-02-12T16:45-07:00,0.6055712555510698
2022-02-12T17:00-07:00,0.5698005698005698
2022-02-12T17:15-07:00,0.6203641267700668
2022-02-12T17:30-07:00,0.6329113924050571
2022-02-12T17:45-07:00,0.606550748079256
2022-02-12T18:00-07:00,0.6216216216216278
2022-02-12T18:15-07:00,0.6482982171799028
2022-02-12T18:30-07:00,0.6605554057697555
2022-02-12T18:45-07:00,0.635994587280102
2022-02-12T19:00-07:00,0.6472491909385113
2022-02-12T19:15-07:00,0.5822613405551856
2022-02-12T19:30-07:00,0.6105006105006106
2022-02-12T19:45-07:00,0.6637767542671424
2022-02-12T20:00-07:00,0.6201132380695666
2022-02-12T20:15-07:00,0.6216216216216278
2022-02-12T20:30-07:00,0.6347062795408446
2022-02-12T20:45-07:00,0.5929919137466245
2022-02-12T21:00-07:00,0.6193617880705595
2022-02-12T21:15-07:00,0.6087662337662337
2022-02-12T21:30-07:00,0.6087662337662337
2022-02-12T21:45-07:00,0.5946749560751391
2022-02-12T22:00-07:00,0.634192416677905
2022-02-12T22:15-07:00,0.6077795786061588
2022-02-12T22:30-07:00,0.6085192697768763
2022-02-12T22:45-07:00,0.6196120689655235
2022-02-12T23:00-07:00,0.6226312939902606
2022-02-12T23:15-07:00,0.5810810810810872
2022-02-12T23:30-07:00,0.5944339367738387
2022-02-12T23:45-07:00,0.5937120496559107
2022-02-13T00:00-07:00,0.5961251862891145
2022-02-13T00:15-07:00,0.5820249052517658
2022-02-13T00:30-07:00,0.5820249052517658
2022-02-13T00:45-07:00,0.5946749560751391
2022-02-13T01:00-07:00,0.5937120496559107
2022-02-13T01:15-07:00,0.5813167500338037
2022-02-13T01:30-07:00,0.553904350175622
2022-02-13T01:45-07:00,0.56657223796034
2022-02-13T02:00-07:00,0.5684125050751117
2022-02-13T02:15-07:00,0.595640990930006
2022-02-13T02:30-07:00,0.5951575814960035
2022-02-13T02:45-07:00,0.5810810810810872
2022-02-13T03:00-07:00,0.5808456031338708
2022-02-13T03:15-07:00,0.5806103159600385
2022-02-13T03:30-07:00,0.5672609400324149
2022-02-13T03:45-07:00,0.5532316826339164
2022-02-13T04:00-07:00,0.5801403130059425
2022-02-13T04:15-07:00,0.5803752193278506
2022-02-13T04:30-07:00,0.5803752193278506
2022-02-13T04:45-07:00,0.5939524838012897
2022-02-13T05:00-07:00,0.6080259424402108
2022-02-13T05:15-07:00,0.5941931127616413
2022-02-13T05:30-07:00,0.5806103159600385
2022-02-13T05:45-07:00,0.5944339367738387
2022-02-13T06:00-07:00,0.5820249052517658
2022-02-13T06:15-07:00,0.5698005698005698
2022-02-13T06:30-07:00,0.5407597674733061
2022-02-13T06:45-07:00,0.5929919137466245
2022-02-13T07:00-07:00,0.5810810810810872
2022-02-13T07:15-07:00,0.5405405405405467
2022-02-13T07:30-07:00,0.5820249052517658
2022-02-13T07:45-07:00,0.5379236148466979
2022-02-13T08:00-07:00,0.5252525252525253
2022-02-13T08:15-07:00,0.526955816781516
2022-02-13T08:30-07:00,0.5385754678874439
2022-02-13T08:45-07:00,0.5123365242011534
2022-02-13T09:00-07:00,0.5265289590927501
2022-02-13T09:15-07:00,0.5133747635774053
2022-02-13T09:30-07:00,0.5521141933746235
2022-02-13T09:45-07:00,0.5261027923917442
2022-02-13T10:00-07:00,0.48582995951417
2022-02-13T10:15-07:00,0.5265289590927501
2022-02-13T10:30-07:00,0.526955816781516
2022-02-13T10:45-07:00,0.5006088485996544
2022-02-13T11:00-07:00,0.523771152296535
2022-02-13T11:15-07:00,0.48426150121065376
2022-02-13T11:30-07:00,0.5645161290322581
2022-02-13T11:45-07:00,0.5117155938594067
2022-02-13T12:00-07:00,0.5390109149710344
2022-02-13T12:15-07:00,0.5256773150020219
2022-02-13T12:30-07:00,0.5239822652156388
2022-02-13T12:45-07:00,0.5381407237992797
2022-02-13T13:00-07:00,0.4987867349690005
2022-02-13T13:15-07:00,0.5252525252525253
2022-02-13T13:30-07:00,0.5252525252525253
2022-02-13T13:45-07:00,0.512751315611922
2022-02-13T14:00-07:00,0.4985850963482072
2022-02-13T14:15-07:00,0.5263157894736842
2022-02-13T14:30-07:00,0.5407597674733061
2022-02-13T14:45-07:00,0.5129589632829312
2022-02-13T15:00-07:00,0.5530078230374904
2022-02-13T15:15-07:00,0.5261027923917442
2022-02-13T15:30-07:00,0.5525606469002634
2022-02-13T15:45-07:00,0.5649717514124294
2022-02-13T16:00-07:00,0.5668016194331984
2022-02-13T16:15-07:00,0.6070416835289356
2022-02-13T16:30-07:00,0.5934718100890146
2022-02-13T16:45-07:00,0.5785012780842251
2022-02-13T17:00-07:00,0.5953991880920101
2022-02-13T17:15-07:00,0.5925127928898404
2022-02-13T17:30-07:00,0.5672609400324149
2022-02-13T17:45-07:00,0.5820249052517658
2022-02-13T18:00-07:00,0.5953991880920101
2022-02-13T18:15-07:00,0.6213697149804195
2022-02-13T18:30-07:00,0.6198625522166885
2022-02-13T18:45-07:00,0.6208665136995608
2022-02-13T19:00-07:00,0.6058158319870759
2022-02-13T19:15-07:00,0.6218737325943011
2022-02-13T19:30-07:00,0.6228842247799655
2022-02-13T19:45-07:00,0.5941931127616413
2022-02-13T20:00-07:00,0.5932317648644944
2022-02-13T20:15-07:00,0.6077795786061588
2022-02-13T20:30-07:00,0.6216216216216278
2022-02-13T20:45-07:00,0.6070416835289356
2022-02-13T21:00-07:00,0.5927522565000612
2022-02-13T21:15-07:00,0.5929919137466245
2022-02-13T21:30-07:00,0.5789686279790017
2022-02-13T21:45-07:00,0.6058158319870759
2022-02-13T22:00-07:00,0.6183626831563444
2022-02-13T22:15-07:00,0.6092607636068237
2022-02-13T22:30-07:00,0.5681818181818182
2022-02-13T22:45-07:00,0.5939524838012897
2022-02-13T23:00-07:00,0.6070416835289356
2022-02-13T23:15-07:00,0.5922735226813776
2022-02-13T23:30-07:00,0.5803752193278506
2022-02-13T23:45-07:00,0.56657223796034
2022-02-14T00:00-07:00,0.5927522565000612
2022-02-14T00:15-07:00,0.6070416835289356
2022-02-14T00:30-07:00,0.5803752193278506
2022-02-14T00:45-07:00,0.5534557235421105
2022-02-14T01:00-07:00,0.5523373299205111
2022-02-14T01:15-07:00,0.5920344456404675
2022-02-14T01:30-07:00,0.5922735226813776
2022-02-14T01:45-07:00,0.5782678859601998
2022-02-14T02:00-07:00,0.5917955615332824
2022-02-14T02:15-07:00,0.5651998385143319
2022-02-14T02:30-07:00,0.5649717514124294
2022-02-14T02:45-07:00,0.5512234471632098
2022-02-14T03:00-07:00,0.578034682080931
2022-02-14T03:15-07:00,0.5246166263115416
2022-02-14T03:30-07:00,0.5782678859601998
2022-02-14T03:45-07:00,0.6055712555510698
2022-02-14T04:00-07:00,0.5927522565000612
2022-02-14T04:15-07:00,0.5536799459824381
2022-02-14T04:30-07:00,0.527169505271695
2022-02-14T04:45-07:00,0.6087662337662337
2022-02-14T05:00-07:00,0.6072874493927125
2022-02-14T05:15-07:00,0.5827347879116473
2022-02-14T05:30-07:00,0.6216216216216278
2022-02-14T05:45-07:00,0.6060606060606061
2022-02-14T06:00-07:00,0.5917955615332824
2022-02-14T06:15-07:00,0.6097560975609756
2022-02-14T06:30-07:00,0.6186121570737017
2022-02-14T06:45-07:00,0.6193617880705595
2022-02-14T07:00-07:00,0.6077795786061588
2022-02-14T07:15-07:00,0.5532316826339164
2022-02-14T07:30-07:00,0.5815526102245125
2022-02-14T07:45-07:00,0.5832090058320962
2022-02-14T08:00-07:00,0.5922735226813776
2022-02-14T08:15-07:00,0.5379236148466979
2022-02-14T08:30-07:00,0.6050826946349335
2022-02-14T08:45-07:00,0.5670311867152693
2022-02-14T09:00-07:00,0.5915568701263719
2022-02-14T09:15-07:00,0.6053268765133172
2022-02-14T09:30-07:00,0.5922735226813776
2022-02-14T09:45-07:00,0.5125438359859663
2022-02-14T10:00-07:00,0.5768714784008647
2022-02-14T10:15-07:00,0.5903662954514899
2022-02-14T10:30-07:00,0.5778016662187645
2022-02-14T10:45-07:00,0.5521141933746235
2022-02-14T11:00-07:00,0.5640612409347301
2022-02-14T11:15-07:00,0.5370569280343778
2022-02-14T11:30-07:00,0.5368406925244995
2022-02-14T11:45-07:00,0.5766393992222134
2022-02-14T12:00-07:00,0.5636070853462157
2022-02-14T12:15-07:00,0.5642885933091495
2022-02-14T12:30-07:00,0.5374899220639674
2022-02-14T12:45-07:00,0.5244050020169423
2022-02-14T13:00-07:00,0.5654281098546042
2022-02-14T13:15-07:00,0.5521141933746235
2022-02-14T13:30-07:00,0.5525606469002634
2022-02-14T13:45-07:00,0.5250403877221325
2022-02-14T14:00-07:00,0.5261027923917442
2022-02-14T14:15-07:00,0.5379236148466979
2022-02-14T14:30-07:00,0.578734858681029
2022-02-14T14:45-07:00,0.5518912370440106
2022-02-14T15:00-07:00,0.5394470667565807
2022-02-14T15:15-07:00,0.5512234471632098
2022-02-14T15:30-07:00,0.5516684607104352
2022-02-14T15:45-07:00,0.5366246310705722
2022-02-14T16:00-07:00,0.5543537047052399
2022-02-14T16:15-07:00,0.5543537047052399
2022-02-14T16:30-07:00,0.5530078230374904
2022-02-14T16:45-07:00,0.5420788724759514
2022-02-14T17:00-07:00,0.570264765784114
2022-02-14T17:15-07:00,0.5944339367738387
2022-02-14T17:30-07:00,0.5820249052517658
2022-02-14T17:45-07:00,0.5944339367738387
2022-02-14T18:00-07:00,0.5908419497784281
2022-02-14T18:15-07:00,0.5700325732899023
2022-02-14T18:30-07:00,0.6105006105006106
2022-02-14T18:45-07:00,0.6228842247799655
2022-02-14T19:00-07:00,0.6233907033473433
2022-02-14T19:15-07:00,0.5817886618860838
2022-02-14T19:30-07:00,0.5953991880920101
2022-02-14T19:45-07:00,0.6349635233720554
2022-02-14T20:00-07:00,0.6216216216216278
2022-02-14T20:15-07:00,0.5932317648644944
2022-02-14T20:30-07:00,0.5939524838012897
2022-02-14T20:45-07:00,0.6067961165048543
2022-02-14T21:00-07:00,0.6324004305704998
2022-02-14T21:15-07:00,0.6072874493927125
2022-02-14T21:30-07:00,0.6228842247799655
2022-02-14T21:45-07:00,0.6072874493927125
2022-02-14T22:00-07:00,0.6208665136995608
2022-02-14T22:15-07:00,0.6058158319870759
2022-02-14T22:30-07:00,0.5801403130059425
2022-02-14T22:45-07:00,0.5813167500338037
2022-02-14T23:00-07:00,0.5946749560751391
2022-02-14T23:15-07:00,0.606550748079256
2022-02-14T23:30-07:00,0.5813167500338037
2022-02-14T23:45-07:00,0.5534557235421105
2022-02-15T00:00-07:00,0.5801403130059425
2022-02-15T00:15-07:00,0.5390109149710344
2022-02-15T00:30-07:00,0.5677210056772101
2022-02-15T00:45-07:00,0.5803752193278506
2022-02-15T01:00-07:00,0.5523373299205111
2022-02-15T01:15-07:00,0.554578655484912
2022-02-15T01:30-07:00,0.5403214912873221
2022-02-15T01:45-07:00,0.5275974025974026
2022-02-15T02:00-07:00,0.5677210056772101
2022-02-15T02:15-07:00,0.5403214912873221
2022-02-15T02:30-07:00,0.5944339367738387
2022-02-15T02:45-07:00,0.606550748079256
2022-02-15T03:00-07:00,0.5661140315406389
2022-02-15T03:15-07:00,0.5695687550854354
2022-02-15T03:30-07:00,0.6072874493927125
2022-02-15T03:45-07:00,0.5806103159600385
2022-02-15T04:00-07:00,0.5820249052517658
2022-02-15T04:15-07:00,0.5554802872239472
2022-02-15T04:30-07:00,0.5698005698005698
2022-02-15T04:45-07:00,0.5813167500338037
2022-02-15T05:00-07:00,0.5822613405551856
2022-02-15T05:15-07:00,0.5796710703693779
2022-02-15T05:30-07:00,0.5541289363427429
2022-02-15T05:45-07:00,0.5663430420711975
2022-02-15T06:00-07:00,0.5808456031338708
2022-02-15T06:15-07:00,0.6226312939902606
2022-02-15T06:30-07:00,0.6216216216216278
2022-02-15T06:45-07:00,0.5808456031338708
2022-02-15T07:00-07:00,0.5668016194331984
2022-02-15T07:15-07:00,0.5937120496559107
2022-02-15T07:30-07:00,0.5810810810810872
2022-02-15T07:45-07:00,0.5824979680303503
2022-02-15T08:00-07:00,0.554803788903918
2022-02-15T08:15-07:00,0.5951575814960035
2022-02-15T08:30-07:00,0.5958829902491812
2022-02-15T08:45-07:00,0.5570652173912981
2022-02-15T09:00-07:00,0.5647438483259378
2022-02-15T09:15-07:00,0.5640612409347301
2022-02-15T09:30-07:00,0.5530078230374904
2022-02-15T09:45-07:00,0.5121293800539022
2022-02-15T10:00-07:00,0.5398839249561406
2022-02-15T10:15-07:00,0.5532316826339164
2022-02-15T10:30-07:00,0.5411987552428691
2022-02-15T10:45-07:00,0.5394470667565807
2022-02-15T11:00-07:00,0.5284552845528455
2022-02-15T11:15-07:00,0.5543537047052399
2022-02-15T11:30-07:00,0.5427408412483101
2022-02-15T11:45-07:00,0.5559322033898243
2022-02-15T12:00-07:00,0.5420788724759514
2022-02-15T12:15-07:00,0.5431830526887623
2022-02-15T12:30-07:00,0.5677210056772101
2022-02-15T12:45-07:00,0.5534557235421105
2022-02-15T13:00-07:00,0.5541289363427429
2022-02-15T13:15-07:00,0.5686433793663688
2022-02-15T13:30-07:00,0.5674908796108634
2022-02-15T13:45-07:00,0.5670311867152693
2022-02-15T14:00-07:00,0.5518912370440106
2022-02-15T14:15-07:00,0.527169505271695
2022-02-15T14:30-07:00,0.5532316826339164
2022-02-15T14:45-07:00,0.5125438359859663
2022-02-15T15:00-07:00,0.5000000000000062
2022-02-15T15:15-07:00,0.5135829166103466
2022-02-15T15:30-07:00,0.5403214912873221
2022-02-15T15:45-07:00,0.5534557235421105
2022-02-15T16:00-07:00,0.5670311867152693
2022-02-15T16:15-07:00,0.5280259951259139
2022-02-15T16:30-07:00,0.5275974025974026
2022-02-15T16:45-07:00,0.5416384563304056
2022-02-15T17:00-07:00,0.5557061534291073
2022-02-15T17:15-07:00,0.5160939834306606
2022-02-15T17:30-07:00,0.5554802872239472
2022-02-15T17:45-07:00,0.5934718100890146
2022-02-15T18:00-07:00,0.5820249052517658
2022-02-15T18:15-07:00,0.6090133982947625
2022-02-15T18:30-07:00,0.5813167500338037
2022-02-15T18:45-07:00,0.6070416835289356
2022-02-15T19:00-07:00,0.6201132380695666
2022-02-15T19:15-07:00,0.6208665136995608
2022-02-15T19:30-07:00,0.6085192697768763
2022-02-15T19:45-07:00,0.5806103159600385
2022-02-15T20:00-07:00,0.6107491856677525
2022-02-15T20:15-07:00,0.5963675792897742
2022-02-15T20:30-07:00,0.5968529571350996
2022-02-15T20:45-07:00,0.6097560975609756
2022-02-15T21:00-07:00,0.6362528766752341
2022-02-15T21:15-07:00,0.5934718100890146
2022-02-15T21:30-07:00,0.6218737325943011
2022-02-15T21:45-07:00,0.6334231805929857
2022-02-15T22:00-07:00,0.6198625522166885
2022-02-15T22:15-07:00,0.6196120689655235
2022-02-15T22:30-07:00,0.595640990930006
2022-02-15T22:45-07:00,0.5944339367738387
2022-02-15T23:00-07:00,0.6203641267700668
2022-02-15T23:15-07:00,0.5832090058320962
2022-02-15T23:30-07:00,0.5946749560751391
2022-02-15T23:45-07:00,0.5946749560751391
2022-02-16T00:00-07:00,0.5946749560751391
2022-02-16T00:15-07:00,0.6218737325943011
2022-02-16T00:30-07:00,0.6211180124223664
2022-02-16T00:45-07:00,0.5944339367738387
2022-02-16T01:00-07:00,0.5932317648644944
2022-02-16T01:15-07:00,0.6077795786061588
2022-02-16T01:30-07:00,0.5939524838012897
2022-02-16T01:45-07:00,0.5806103159600385
2022-02-16T02:00-07:00,0.5532316826339164
2022-02-16T02:15-07:00,0.6063055780113177
2022-02-16T02:30-07:00,0.6221260481471526
2022-02-16T02:45-07:00,0.6223785685292986
2022-02-16T03:00-07:00,0.6218737325943011
2022-02-16T03:15-07:00,0.5829718004338457
2022-02-16T03:30-07:00,0.6238980062389863
2022-02-16T03:45-07:00,0.6109979633401222
2022-02-16T04:00-07:00,0.5817886618860838
2022-02-16T04:15-07:00,0.6213697149804195
2022-02-16T04:30-07:00,0.6228842247799655
2022-02-16T04:45-07:00,0.6231373611487464
2022-02-16T05:00-07:00,0.6378070294476801
2022-02-16T05:15-07:00,0.6334231805929857
2022-02-16T05:30-07:00,0.6339357971405387
2022-02-16T05:45-07:00,0.5937120496559107
2022-02-16T06:00-07:00,0.6070416835289356
2022-02-16T06:15-07:00,0.6244061354689895
2022-02-16T06:30-07:00,0.5946749560751391
2022-02-16T06:45-07:00,0.6208665136995608
2022-02-16T07:00-07:00,0.6339357971405387
2022-02-16T07:15-07:00,0.6077795786061588
2022-02-16T07:30-07:00,0.6077795786061588
2022-02-16T07:45-07:00,0.6334231805929857
2022-02-16T08:00-07:00,0.5927522565000612
2022-02-16T08:15-07:00,0.5674908796108634
2022-02-16T08:30-07:00,0.583446404341933
2022-02-16T08:45-07:00,0.5521141933746235
2022-02-16T09:00-07:00,0.5275974025974026
2022-02-16T09:15-07:00,0.5649717514124294
2022-02-16T09:30-07:00,0.5768714784008647
2022-02-16T09:45-07:00,0.5670311867152693
2022-02-16T10:00-07:00,0.5534557235421105
2022-02-16T10:15-07:00,0.5789686279790017
2022-02-16T10:30-07:00,0.5525606469002634
2022-02-16T10:45-07:00,0.5390109149710344
2022-02-16T11:00-07:00,0.5640612409347301
2022-02-16T11:15-07:00,0.5496715377396373
2022-02-16T11:30-07:00,0.5364087434625245
2022-02-16T11:45-07:00,0.5627009646302251
2022-02-16T12:00-07:00,0.5645161290322581
2022-02-16T12:15-07:00,0.5789686279790017
2022-02-16T12:30-07:00,0.5651998385143319
2022-02-16T12:45-07:00,0.5792025862069027
2022-02-16T13:00-07:00,0.5256773150020219
2022-02-16T13:15-07:00,0.5252525252525253
2022-02-16T13:30-07:00,0.5254648342764754
2022-02-16T13:45-07:00,0.5125438359859663
2022-02-16T14:00-07:00,0.49919050188883507
2022-02-16T14:15-07:00,0.5654281098546042
2022-02-16T14:30-07:00,0.5108900242000476
2022-02-16T14:45-07:00,0.5374899220639674
2022-02-16T15:00-07:00,0.5385754678874439
2022-02-16T15:15-07:00,0.5250403877221325
2022-02-16T15:30-07:00,0.48484848484848486
2022-02-16T15:45-07:00,0.5250403877221325
2022-02-16T16:00-07:00,0.5123365242011534
2022-02-16T16:15-07:00,0.5282405526208859
2022-02-16T16:30-07:00,0.5275974025974026
2022-02-16T16:45-07:00,0.5541289363427429
2022-02-16T17:00-07:00,0.555254604550373
2022-02-16T17:15-07:00,0.554803788903918
2022-02-16T17:30-07:00,0.5654281098546042
2022-02-16T17:45-07:00,0.5525606469002634
2022-02-16T18:00-07:00,0.5813167500338037
2022-02-16T18:15-07:00,0.6181134103735616
2022-02-16T18:30-07:00,0.6173667964031735
2022-02-16T18:45-07:00,0.5906040268456314
2022-02-16T19:00-07:00,0.5656565656565656
2022-02-16T19:15-07:00,0.6186121570737017
2022-02-16T19:30-07:00,0.634449244060469
2022-02-16T19:45-07:00,0.6188618323691707
2022-02-16T20:00-07:00,0.5920344456404675
2022-02-16T20:15-07:00,0.609508329947176
2022-02-16T20:30-07:00,0.6198625522166885
2022-02-16T20:45-07:00,0.5915568701263719
2022-02-16T21:00-07:00,0.6472491909385113
2022-02-16T21:15-07:00,0.6075334143377886
2022-02-16T21:30-07:00,0.6336793851961647
2022-02-16T21:45-07:00,0.6331671830796113
2022-02-16T22:00-07:00,0.6321452589105521
2022-02-16T22:15-07:00,0.6213697149804195
2022-02-16T22:30-07:00,0.6226312939902606
2022-02-16T22:45-07:00,0.6221260481471526
2022-02-16T23:00-07:00,0.6221260481471526
2022-02-16T23:15-07:00,0.6070416835289356
2022-02-16T23:30-07:00,0.645421540943929
2022-02-16T23:45-07:00,0.6201132380695666
2022-02-17T00:00-07:00,0.6055712555510698
2022-02-17T00:15-07:00,0.5927522565000612
2022-02-17T00:30-07:00,0.6188618323691707
2022-02-17T00:45-07:00,0.6055712555510698
2022-02-17T01:00-07:00,0.6045949214026602
2022-02-17T01:15-07:00,0.6090133982947625
2022-02-17T01:30-07:00,0.5944339367738387
2022-02-17T01:45-07:00,0.5813167500338037
2022-02-17T02:00-07:00,0.5810810810810872
2022-02-17T02:15-07:00,0.6357365075070951
2022-02-17T02:30-07:00,0.5822613405551856
2022-02-17T02:45-07:00,0.6354786371011295
2022-02-17T03:00-07:00,0.6354786371011295
2022-02-17T03:15-07:00,0.6221260481471526
2022-02-17T03:30-07:00,0.5815526102245125
2022-02-17T03:45-07:00,0.5953991880920101
2022-02-17T04:00-07:00,0.609508329947176
2022-02-17T04:15-07:00,0.6085192697768763
2022-02-17T04:30-07:00,0.595640990930006
2022-02-17T04:45-07:00,0.609508329947176
2022-02-17T05:00-07:00,0.6208665136995608
2022-02-17T05:15-07:00,0.6334231805929857
2022-02-17T05:30-07:00,0.6616257088846943
2022-02-17T05:45-07:00,0.6334231805929857
2022-02-17T06:00-07:00,0.6198625522166885
2022-02-17T06:15-07:00,0.6097560975609756
2022-02-17T06:30-07:00,0.5815526102245125
2022-02-17T06:45-07:00,0.5944339367738387
2022-02-17T07:00-07:00,0.5679513184584178
2022-02-17T07:15-07:00,0.6485610052695582
2022-02-17T07:30-07:00,0.6352209758075353
2022-02-17T07:45-07:00,0.5944339367738387
2022-02-17T08:00-07:00,0.6218737325943011
2022-02-17T08:15-07:00,0.6100040666937779
2022-02-17T08:30-07:00,0.56657223796034
2022-02-17T08:45-07:00,0.5934718100890146
2022-02-17T09:00-07:00,0.5799055967633238
2022-02-17T09:15-07:00,0.56657223796034
2022-02-17T09:30-07:00,0.5794367335938614
2022-02-17T09:45-07:00,0.5792025862069027
2022-02-17T10:00-07:00,0.48465266558966075
2022-02-17T10:15-07:00,0.578034682080931
2022-02-17T10:30-07:00,0.5649717514124294
2022-02-17T10:45-07:00,0.4844570044408559
2022-02-17T11:00-07:00,0.5106840478430257
2022-02-17T11:15-07:00,0.5248284214775939
2022-02-17T11:30-07:00,0.5244050020169423
2022-02-17T11:45-07:00,0.5115089514066434
2022-02-17T12:00-07:00,0.511096166778743
2022-02-17T12:15-07:00,0.5514458641560127
2022-02-17T12:30-07:00,0.5113024757804029
2022-02-17T12:45-07:00,0.5244050020169423
2022-02-17T13:00-07:00,0.5248284214775939
2022-02-17T13:15-07:00,0.5385754678874439
2022-02-17T13:30-07:00,0.5121293800539022
2022-02-17T13:45-07:00,0.5119224033409611
2022-02-17T14:00-07:00,0.5523373299205111
2022-02-17T14:15-07:00,0.5254648342764754
2022-02-17T14:30-07:00,0.5661140315406389
2022-02-17T14:45-07:00,0.5661140315406389
2022-02-17T15:00-07:00,0.5392289026691892
2022-02-17T15:15-07:00,0.5668016194331984
2022-02-17T15:30-07:00,0.5658852061438965
2022-02-17T15:45-07:00,0.5131667792032348
2022-02-17T16:00-07:00,0.555254604550373
2022-02-17T16:15-07:00,0.5815526102245125
2022-02-17T16:30-07:00,0.5280259951259139
2022-02-17T16:45-07:00,0.5827347879116473
2022-02-17T17:00-07:00,0.5688744412840309
2022-02-17T17:15-07:00,0.606550748079256
2022-02-17T17:30-07:00,0.6186121570737017
2022-02-17T17:45-07:00,0.5771037444638365
2022-02-17T18:00-07:00,0.5925127928898404
2022-02-17T18:15-07:00,0.5920344456404675
2022-02-17T18:30-07:00,0.6354786371011295
2022-02-17T18:45-07:00,0.6208665136995608
2022-02-17T19:00-07:00,0.6339357971405387
2022-02-17T19:15-07:00,0.6183626831563444
2022-02-17T19:30-07:00,0.5815526102245125
2022-02-17T19:45-07:00,0.6349635233720554
2022-02-17T20:00-07:00,0.6075334143377886
2022-02-17T20:15-07:00,0.6336793851961647
2022-02-17T20:30-07:00,0.6075334143377886
2022-02-17T20:45-07:00,0.6334231805929857
2022-02-17T21:00-07:00,0.6347062795408446
2022-02-17T21:15-07:00,0.6208665136995608
2022-02-17T21:30-07:00,0.6196120689655235
2022-02-17T21:45-07:00,0.646987464617873
2022-02-17T22:00-07:00,0.634192416677905
2022-02-17T22:15-07:00,0.6201132380695666
2022-02-17T22:30-07:00,0.635994587280102
2022-02-17T22:45-07:00,0.6090133982947625
2022-02-17T23:00-07:00,0.6085192697768763
2022-02-17T23:15-07:00,0.6347062795408446
2022-02-17T23:30-07:00,0.6196120689655235
2022-02-17T23:45-07:00,0.5917955615332824
2022-02-18T00:00-07:00,0.6053268765133172
2022-02-18T00:15-07:00,0.6339357971405387
2022-02-18T00:30-07:00,0.6067961165048543
2022-02-18T00:45-07:00,0.5799055967633238
2022-02-18T01:00-07:00,0.5922735226813776
2022-02-18T01:15-07:00,0.6191117092866818
2022-02-18T01:30-07:00,0.6191117092866818
2022-02-18T01:45-07:00,0.6055712555510698
2022-02-18T02:00-07:00,0.6188618323691707
2022-02-18T02:15-07:00,0.6053268765133172
2022-02-18T02:30-07:00,0.6321452589105521
2022-02-18T02:45-07:00,0.6053268765133172
2022-02-18T03:00-07:00,0.5782678859601998
2022-02-18T03:15-07:00,0.5661140315406389
2022-02-18T03:30-07:00,0.6203641267700668
2022-02-18T03:45-07:00,0.6070416835289356
2022-02-18T04:00-07:00,0.6211180124223664
2022-02-18T04:15-07:00,0.5961251862891145
2022-02-18T04:30-07:00,0.64882400648824
2022-02-18T04:45-07:00,0.6480356419603078
2022-02-18T05:00-07:00,0.6085192697768763
2022-02-18T05:15-07:00,0.6629684751725133
2022-02-18T05:30-07:00,0.6354786371011295
2022-02-18T05:45-07:00,0.6349635233720554
2022-02-18T06:00-07:00,0.6218737325943011
2022-02-18T06:15-07:00,0.5975825071302396
2022-02-18T06:30-07:00,0.5820249052517658
2022-02-18T06:45-07:00,0.5681818181818182
2022-02-18T07:00-07:00,0.5815526102245125
2022-02-18T07:15-07:00,0.595640990930006
2022-02-18T07:30-07:00,0.5839217816404191
2022-02-18T07:45-07:00,0.5961251862891145
2022-02-18T08:00-07:00,0.5949161709031847
2022-02-18T08:15-07:00,0.5561584373304334
2022-02-18T08:30-07:00,0.5799055967633238
2022-02-18T08:45-07:00,0.5661140315406389
2022-02-18T09:00-07:00,0.5789686279790017
2022-02-18T09:15-07:00,0.5773361976369557
2022-02-18T09:30-07:00,0.5640612409347301
2022-02-18T09:45-07:00,0.5250403877221325
2022-02-18T10:00-07:00,0.5254648342764754
2022-02-18T10:15-07:00,0.550779150994083
2022-02-18T10:30-07:00,0.550557271384444
2022-02-18T10:45-07:00,0.5246166263115416
2022-02-18T11:00-07:00,0.5250403877221325
2022-02-18T11:15-07:00,0.5525606469002634
2022-02-18T11:30-07:00,0.5527841445328239
2022-02-18T11:45-07:00,0.5129589632829312
2022-02-18T12:00-07:00,0.512751315611922
2022-02-18T12:15-07:00,0.486815415821501
2022-02-18T12:30-07:00,0.5004057343792326
2022-02-18T12:45-07:00,0.5135829166103466
2022-02-18T13:00-07:00,0.514208389715826
2022-02-18T13:15-07:00,0.5002027849128087
2022-02-18T13:30-07:00,0.5135829166103466
2022-02-18T13:45-07:00,0.487012987012987
2022-02-18T14:00-07:00,0.486815415821501
2022-02-18T14:15-07:00,0.5131667792032348
2022-02-18T14:30-07:00,0.5139997294738204
2022-02-18T14:45-07:00,0.5394470667565807
2022-02-18T15:00-07:00,0.5661140315406389
2022-02-18T15:15-07:00,0.6063055780113177
2022-02-18T15:30-07:00,0.5398839249561406
2022-02-18T15:45-07:00,0.5929919137466245
2022-02-18T16:00-07:00,0.5668016194331984
2022-02-18T16:15-07:00,0.5411987552428691
2022-02-18T16:30-07:00,0.5688744412840309
2022-02-18T16:45-07:00,0.5536799459824381
2022-02-18T17:00-07:00,0.5691056910569106
2022-02-18T17:15-07:00,0.5674908796108634
2022-02-18T17:30-07:00,0.5810810810810872
2022-02-18T17:45-07:00,0.5688744412840309
2022-02-18T18:00-07:00,0.5966101694915192
2022-02-18T18:15-07:00,0.6347062795408446
2022-02-18T18:30-07:00,0.6193617880705595
2022-02-18T18:45-07:00,0.6618938268269682
2022-02-18T19:00-07:00,0.5815526102245125
2022-02-18T19:15-07:00,0.5920344456404675
2022-02-18T19:30-07:00,0.6053268765133172
2022-02-18T19:45-07:00,0.5951575814960035
2022-02-18T20:00-07:00,0.6077795786061588
2022-02-18T20:15-07:00,0.6352209758075353
2022-02-18T20:30-07:00,0.6075334143377886
2022-02-18T20:45-07:00,0.6201132380695666
2022-02-18T21:00-07:00,0.6594885598923346
2022-02-18T21:15-07:00,0.6058158319870759
2022-02-18T21:30-07:00,0.6339357971405387
2022-02-18T21:45-07:00,0.6213697149804195
2022-02-18T22:00-07:00,0.6203641267700668
2022-02-18T22:15-07:00,0.6347062795408446
2022-02-18T22:30-07:00,0.5949161709031847
2022-02-18T22:45-07:00,0.5946749560751391
2022-02-18T23:00-07:00,0.6077795786061588
2022-02-18T23:15-07:00,0.646987464617873
2022-02-18T23:30-07:00,0.606550748079256
2022-02-18T23:45-07:00,0.6326558083187447
2022-02-19T00:00-07:00,0.6191117092866818
2022-02-19T00:15-07:00,0.5785012780842251
2022-02-19T00:30-07:00,0.5917955615332824
2022-02-19T00:45-07:00,0.6186121570737017
2022-02-19T01:00-07:00,0.5642885933091495
2022-02-19T01:15-07:00,0.56657223796034
2022-02-19T01:30-07:00,0.5937120496559107
2022-02-19T01:45-07:00,0.5946749560751391
2022-02-19T02:00-07:00,0.6075334143377886
2022-02-19T02:15-07:00,0.5803752193278506
2022-02-19T02:30-07:00,0.6072874493927125
2022-02-19T02:45-07:00,0.5661140315406389
2022-02-19T03:00-07:00,0.5927522565000612
2022-02-19T03:15-07:00,0.6060606060606061
2022-02-19T03:30-07:00,0.5939524838012897
2022-02-19T03:45-07:00,0.5944339367738387
2022-02-19T04:00-07:00,0.5944339367738387
2022-02-19T04:15-07:00,0.6188618323691707
2022-02-19T04:30-07:00,0.6462035541195477
2022-02-19T04:45-07:00,0.606550748079256
2022-02-19T05:00-07:00,0.6082725060827251
2022-02-19T05:15-07:00,0.6485610052695582
2022-02-19T05:30-07:00,0.6485610052695582
2022-02-19T05:45-07:00,0.64882400648824
2022-02-19T06:00-07:00,0.6618938268269682
2022-02-19T06:15-07:00,0.6504065040650406
2022-02-19T06:30-07:00,0.64882400648824
2022-02-19T06:45-07:00,0.6485610052695582
2022-02-19T07:00-07:00,0.6339357971405387
2022-02-19T07:15-07:00,0.6329113924050571
2022-02-19T07:30-07:00,0.6203641267700668
2022-02-19T07:45-07:00,0.6211180124223664
2022-02-19T08:00-07:00,0.5929919137466245
2022-02-19T08:15-07:00,0.5917955615332824
2022-02-19T08:30-07:00,0.578734858681029
2022-02-19T08:45-07:00,0.5794367335938614
2022-02-19T09:00-07:00,0.5379236148466979
2022-02-19T09:15-07:00,0.5379236148466979
2022-02-19T09:30-07:00,0.5518912370440106
2022-02-19T09:45-07:00,0.5514458641560127
2022-02-19T10:00-07:00,0.5248284214775939
2022-02-19T10:15-07:00,0.5244050020169423
2022-02-19T10:30-07:00,0.5649717514124294
2022-02-19T10:45-07:00,0.5525606469002634
2022-02-19T11:00-07:00,0.5527841445328239
2022-02-19T11:15-07:00,0.523771152296535
2022-02-19T11:30-07:00,0.5503355704697925
2022-02-19T11:45-07:00,0.5498927038626548
2022-02-19T12:00-07:00,0.5631536604987932
2022-02-19T12:15-07:00,0.5503355704697925
2022-02-19T12:30-07:00,0.550557271384444
2022-02-19T12:45-07:00,0.5514458641560127
2022-02-19T13:00-07:00,0.5917955615332824
2022-02-19T13:15-07:00,0.550557271384444
2022-02-19T13:30-07:00,0.5374899220639674
2022-02-19T13:45-07:00,0.5241935483870968
2022-02-19T14:00-07:00,0.550779150994083
2022-02-19T14:15-07:00,0.5773361976369557
2022-02-19T14:30-07:00,0.5636070853462157
2022-02-19T14:45-07:00,0.551001209514844
2022-02-19T15:00-07:00,0.5915568701263719
2022-02-19T15:15-07:00,0.5498927038626548
2022-02-19T15:30-07:00,0.5254648342764754
2022-02-19T15:45-07:00,0.5250403877221325
2022-02-19T16:00-07:00,0.5407597674733061
2022-02-19T16:15-07:00,0.5803752193278506
2022-02-19T16:30-07:00,0.5523373299205111
2022-02-19T16:45-07:00,0.5801403130059425
2022-02-19T17:00-07:00,0.5806103159600385
2022-02-19T17:15-07:00,0.606550748079256
2022-02-19T17:30-07:00,0.5534557235421105
2022-02-19T17:45-07:00,0.5796710703693779
2022-02-19T18:00-07:00,0.595640990930006
2022-02-19T18:15-07:00,0.6594885598923346
2022-02-19T18:30-07:00,0.5929919137466245
2022-02-19T18:45-07:00,0.6321452589105521
2022-02-19T19:00-07:00,0.631890293089534
2022-02-19T19:15-07:00,0.6060606060606061
2022-02-19T19:30-07:00,0.6201132380695666
2022-02-19T19:45-07:00,0.5810810810810872
2022-02-19T20:00-07:00,0.6077795786061588
2022-02-19T20:15-07:00,0.6203641267700668
2022-02-19T20:30-07:00,0.6339357971405387
2022-02-19T20:45-07:00,0.634192416677905
2022-02-19T21:00-07:00,0.6605554057697555
2022-02-19T21:15-07:00,0.6075334143377886
2022-02-19T21:30-07:00,0.5937120496559107
2022-02-19T21:45-07:00,0.6462035541195477
2022-02-19T22:00-07:00,0.6459426725878078
2022-02-19T22:15-07:00,0.6316355328584806
2022-02-19T22:30-07:00,0.6213697149804195
2022-02-19T22:45-07:00,0.5925127928898404
2022-02-19T23:00-07:00,0.6060606060606061
2022-02-19T23:15-07:00,0.6080259424402108
2022-02-19T23:30-07:00,0.6077795786061588
2022-02-19T23:45-07:00,0.6067961165048543
2022-02-20T00:00-07:00,0.6336793851961647
2022-02-20T00:15-07:00,0.6311266281724123
2022-02-20T00:30-07:00,0.5941931127616413
2022-02-20T00:45-07:00,0.5817886618860838
2022-02-20T01:00-07:00,0.5815526102245125
2022-02-20T01:15-07:00,0.6223785685292986
2022-02-20T01:30-07:00,0.5946749560751391
2022-02-20T01:45-07:00,0.5810810810810872
2022-02-20T02:00-07:00,0.64882400648824
2022-02-20T02:15-07:00,0.6085192697768763
2022-02-20T02:30-07:00,0.6221260481471526
2022-02-20T02:45-07:00,0.5946749560751391
2022-02-20T03:00-07:00,0.6211180124223664
2022-02-20T03:15-07:00,0.6211180124223664
2022-02-20T03:30-07:00,0.5944339367738387
2022-02-20T03:45-07:00,0.6077795786061588
2022-02-20T04:00-07:00,0.6080259424402108
2022-02-20T04:15-07:00,0.6085192697768763
2022-02-20T04:30-07:00,0.6347062795408446
2022-02-20T04:45-07:00,0.6082725060827251
2022-02-20T05:00-07:00,0.6231373611487464
2022-02-20T05:15-07:00,0.6213697149804195
2022-02-20T05:30-07:00,0.6216216216216278
2022-02-20T05:45-07:00,0.6223785685292986
2022-02-20T06:00-07:00,0.5953991880920101
2022-02-20T06:15-07:00,0.6075334143377886
2022-02-20T06:30-07:00,0.634192416677905
2022-02-20T06:45-07:00,0.6329113924050571
2022-02-20T07:00-07:00,0.6191117092866818
2022-02-20T07:15-07:00,0.5794367335938614
2022-02-20T07:30-07:00,0.5929919137466245
2022-02-20T07:45-07:00,0.6075334143377886
2022-02-20T08:00-07:00,0.5951575814960035
2022-02-20T08:15-07:00,0.5638340716874748
2022-02-20T08:30-07:00,0.5794367335938614
2022-02-20T08:45-07:00,0.606550748079256
2022-02-20T09:00-07:00,0.5929919137466245
2022-02-20T09:15-07:00,0.5672609400324149
2022-02-20T09:30-07:00,0.5768714784008647
2022-02-20T09:45-07:00,0.550779150994083
2022-02-20T10:00-07:00,0.5627009646302251
2022-02-20T10:15-07:00,0.5631536604987932
2022-02-20T10:30-07:00,0.5627009646302251
2022-02-20T10:45-07:00,0.5361930294906228
2022-02-20T11:00-07:00,0.5233494363929146
2022-02-20T11:15-07:00,0.550557271384444
2022-02-20T11:30-07:00,0.5503355704697925
2022-02-20T11:45-07:00,0.523771152296535
2022-02-20T12:00-07:00,0.5501140480343425
2022-02-20T12:15-07:00,0.5366246310705722
2022-02-20T12:30-07:00,0.5633802816901409
2022-02-20T12:45-07:00,0.5235602094240838
2022-02-20T13:00-07:00,0.5239822652156388
2022-02-20T13:15-07:00,0.4979811574697235
2022-02-20T13:30-07:00,0.5254648342764754
2022-02-20T13:45-07:00,0.5523373299205111
2022-02-20T14:00-07:00,0.5102725929904598
2022-02-20T14:15-07:00,0.5106840478430257
2022-02-20T14:30-07:00,0.5383580080753763
2022-02-20T14:45-07:00,0.5241935483870968
2022-02-20T15:00-07:00,0.5246166263115416
2022-02-20T15:15-07:00,0.5932317648644944
2022-02-20T15:30-07:00,0.5374899220639674
2022-02-20T15:45-07:00,0.5250403877221325
2022-02-20T16:00-07:00,0.4967776584317999
2022-02-20T16:15-07:00,0.5125438359859663
2022-02-20T16:30-07:00,0.526742301458671
2022-02-20T16:45-07:00,0.4864207539521686
2022-02-20T17:00-07:00,0.4862236628849271
2022-02-20T17:15-07:00,0.5631536604987932
2022-02-20T17:30-07:00,0.5503355704697925
2022-02-20T17:45-07:00,0.5383580080753763
2022-02-20T18:00-07:00,0.5934718100890146
2022-02-20T18:15-07:00,0.5649717514124294
2022-02-20T18:30-07:00,0.6028938906752411
2022-02-20T18:45-07:00,0.631890293089534
2022-02-20T19:00-07:00,0.5773361976369557
2022-02-20T19:15-07:00,0.5927522565000612
2022-02-20T19:30-07:00,0.6201132380695666
2022-02-20T19:45-07:00,0.5920344456404675
2022-02-20T20:00-07:00,0.6186121570737017
2022-02-20T20:15-07:00,0.5789686279790017
2022-02-20T20:30-07:00,0.5801403130059425
2022-02-20T20:45-07:00,0.6072874493927125
2022-02-20T21:00-07:00,0.6331671830796113
2022-02-20T21:15-07:00,0.6063055780113177
2022-02-20T21:30-07:00,0.5915568701263719
2022-02-20T21:45-07:00,0.5903662954514899
2022-02-20T22:00-07:00,0.6072874493927125
2022-02-20T22:15-07:00,0.5792025862069027
2022-02-20T22:30-07:00,0.5929919137466245
2022-02-20T22:45-07:00,0.606550748079256
2022-02-20T23:00-07:00,0.5794367335938614
2022-02-20T23:15-07:00,0.5913183711866623
2022-02-20T23:30-07:00,0.5766393992222134
2022-02-20T23:45-07:00,0.5799055967633238
2022-02-21T00:00-07:00,0.5677210056772101
2022-02-21T00:15-07:00,0.5668016194331984
2022-02-21T00:30-07:00,0.5792025862069027
2022-02-21T00:45-07:00,0.5932317648644944
2022-02-21T01:00-07:00,0.6063055780113177
2022-02-21T01:15-07:00,0.5796710703693779
2022-02-21T01:30-07:00,0.5523373299205111
2022-02-21T01:45-07:00,0.578734858681029
2022-02-21T02:00-07:00,0.5514458641560127
2022-02-21T02:15-07:00,0.5789686279790017
2022-02-21T02:30-07:00,0.5381407237992797
2022-02-21T02:45-07:00,0.5516684607104352
2022-02-21T03:00-07:00,0.5645161290322581
2022-02-21T03:15-07:00,0.5668016194331984
2022-02-21T03:30-07:00,0.5534557235421105
2022-02-21T03:45-07:00,0.553904350175622
2022-02-21T04:00-07:00,0.5409791723018725
2022-02-21T04:15-07:00,0.5649717514124294
2022-02-21T04:30-07:00,0.5518912370440106
2022-02-21T04:45-07:00,0.5932317648644944
2022-02-21T05:00-07:00,0.5684125050751117
2022-02-21T05:15-07:00,0.6339357971405387
2022-02-21T05:30-07:00,0.6053268765133172
2022-02-21T05:45-07:00,0.6331671830796113
2022-02-21T06:00-07:00,0.6188618323691707
2022-02-21T06:15-07:00,0.6208665136995608
2022-02-21T06:30-07:00,0.5932317648644944
2022-02-21T06:45-07:00,0.56657223796034
2022-02-21T07:00-07:00,0.5532316826339164
2022-02-21T07:15-07:00,0.5792025862069027
2022-02-21T07:30-07:00,0.5806103159600385
2022-02-21T07:45-07:00,0.550557271384444
2022-02-21T08:00-07:00,0.5512234471632098
2022-02-21T08:15-07:00,0.49737867993010426
2022-02-21T08:30-07:00,0.5244050020169423
2022-02-21T08:45-07:00,0.5125438359859663
2022-02-21T09:00-07:00,0.4993926305844305
2022-02-21T09:15-07:00,0.5361930294906228
2022-02-21T09:30-07:00,0.49657764058516246
2022-02-21T09:45-07:00,0.5370569280343778
2022-02-21T10:00-07:00,0.5250403877221325
2022-02-21T10:15-07:00,0.5381407237992797
2022-02-21T10:30-07:00,0.48426150121065376
2022-02-21T10:45-07:00,0.4585300067430945
2022-02-21T11:00-07:00,0.4581592777253801
2022-02-21T11:15-07:00,0.48426150121065376
2022-02-21T11:30-07:00,0.471698113207541
2022-02-21T11:45-07:00,0.47207984893444216
2022-02-21T12:00-07:00,0.4854368932038835
2022-02-21T12:15-07:00,0.4862236628849271
2022-02-21T12:30-07:00,0.4850444624090542
2022-02-21T12:45-07:00,0.5250403877221325
2022-02-21T13:00-07:00,0.5385754678874439
2022-02-21T13:15-07:00,0.5241935483870968
2022-02-21T13:30-07:00,0.5108900242000476
2022-02-21T13:45-07:00,0.4836759371221282
2022-02-21T14:00-07:00,0.5094516691245414
2022-02-21T14:15-07:00,0.46960955320004755
2022-02-21T14:30-07:00,0.5106840478430257
2022-02-21T14:45-07:00,0.46942060085836296
2022-02-21T15:00-07:00,0.5092468507102592
2022-02-21T15:15-07:00,0.5496715377396373
2022-02-21T15:30-07:00,0.49898853674983756
2022-02-21T15:45-07:00,0.4985850963482072
2022-02-21T16:00-07:00,0.5108900242000476
2022-02-21T16:15-07:00,0.5125438359859663
2022-02-21T16:30-07:00,0.5121293800539022
2022-02-21T16:45-07:00,0.4985850963482072
2022-02-21T17:00-07:00,0.49838362068966136
2022-02-21T17:15-07:00,0.5286701911346076
2022-02-21T17:30-07:00,0.553904350175622
2022-02-21T17:45-07:00,0.5422993492407872
2022-02-21T18:00-07:00,0.5937120496559107
2022-02-21T18:15-07:00,0.6072874493927125
2022-02-21T18:30-07:00,0.5668016194331984
2022-02-21T18:45-07:00,0.6067961165048543
2022-02-21T19:00-07:00,0.606550748079256
2022-02-21T19:15-07:00,0.5915568701263719
2022-02-21T19:30-07:00,0.5937120496559107
2022-02-21T19:45-07:00,0.5934718100890146
2022-02-21T20:00-07:00,0.6067961165048543
2022-02-21T20:15-07:00,0.5927522565000612
2022-02-21T20:30-07:00,0.5929919137466245
2022-02-21T20:45-07:00,0.6193617880705595
2022-02-21T21:00-07:00,0.6075334143377886
2022-02-21T21:15-07:00,0.5663430420711975
2022-02-21T21:30-07:00,0.5803752193278506
2022-02-21T21:45-07:00,0.5927522565000612
2022-02-21T22:00-07:00,0.5792025862069027
2022-02-21T22:15-07:00,0.5817886618860838
2022-02-21T22:30-07:00,0.6082725060827251
2022-02-21T22:45-07:00,0.6206152185644962
2022-02-21T23:00-07:00,0.6173667964031735
2022-02-21T23:15-07:00,0.6090133982947625
2022-02-21T23:30-07:00,0.6329113924050571
2022-02-21T23:45-07:00,0.5915568701263719
2022-02-22T00:00-07:00,0.6048387096774194
2022-02-22T00:15-07:00,0.6176154672395335
2022-02-22T00:30-07:00,0.5401026194977108
2022-02-22T00:45-07:00,0.5808456031338708
2022-02-22T01:00-07:00,0.5789686279790017
2022-02-22T01:15-07:00,0.5925127928898404
2022-02-22T01:30-07:00,0.5527841445328239
2022-02-22T01:45-07:00,0.5390109149710344
2022-02-22T02:00-07:00,0.5920344456404675
2022-02-22T02:15-07:00,0.578734858681029
2022-02-22T02:30-07:00,0.5785012780842251
2022-02-22T02:45-07:00,0.5794367335938614
2022-02-22T03:00-07:00,0.578734858681029
2022-02-22T03:15-07:00,0.5518912370440106
2022-02-22T03:30-07:00,0.5647438483259378
2022-02-22T03:45-07:00,0.5922735226813776
2022-02-22T04:00-07:00,0.5922735226813776
2022-02-22T04:15-07:00,0.5813167500338037
2022-02-22T04:30-07:00,0.6201132380695666
2022-02-22T04:45-07:00,0.5932317648644944
2022-02-22T05:00-07:00,0.5937120496559107
2022-02-22T05:15-07:00,0.6075334143377886
2022-02-22T05:30-07:00,0.5792025862069027
2022-02-22T05:45-07:00,0.5654281098546042
2022-02-22T06:00-07:00,0.578034682080931
2022-02-22T06:15-07:00,0.5799055967633238
2022-02-22T06:30-07:00,0.6063055780113177
2022-02-22T06:45-07:00,0.5403214912873221
2022-02-22T07:00-07:00,0.5796710703693779
2022-02-22T07:15-07:00,0.5803752193278506
2022-02-22T07:30-07:00,0.5534557235421105
2022-02-22T07:45-07:00,0.5789686279790017
2022-02-22T08:00-07:00,0.5246166263115416
2022-02-22T08:15-07:00,0.5543537047052399
2022-02-22T08:30-07:00,0.553904350175622
2022-02-22T08:45-07:00,0.5396654074473888
2022-02-22T09:00-07:00,0.5403214912873221
2022-02-22T09:15-07:00,0.5102725929904598
2022-02-22T09:30-07:00,0.5366246310705722
2022-02-22T09:45-07:00,0.5492297387809718
2022-02-22T10:00-07:00,0.5102725929904598
2022-02-22T10:15-07:00,0.5244050020169423
2022-02-22T10:30-07:00,0.5094516691245414
2022-02-22T10:45-07:00,0.5102725929904598
2022-02-22T11:00-07:00,0.5377066810055177
2022-02-22T11:15-07:00,0.551001209514844
2022-02-22T11:30-07:00,0.523771152296535
2022-02-22T11:45-07:00,0.5398839249561406
2022-02-22T12:00-07:00,0.5390109149710344
2022-02-22T12:15-07:00,0.49717817790917035
2022-02-22T12:30-07:00,0.538793103448282
2022-02-22T12:45-07:00,0.5115089514066434
2022-02-22T13:00-07:00,0.5256773150020219
2022-02-22T13:15-07:00,0.5932317648644944
2022-02-22T13:30-07:00,0.5258899676375405
2022-02-22T13:45-07:00,0.5123365242011534
2022-02-22T14:00-07:00,0.48602673147023084
2022-02-22T14:15-07:00,0.5530078230374904
2022-02-22T14:30-07:00,0.5129589632829312
2022-02-22T14:45-07:00,0.5125438359859663
2022-02-22T15:00-07:00,0.4997973794407734
2022-02-22T15:15-07:00,0.5129589632829312
2022-02-22T15:30-07:00,0.5398839249561406
2022-02-22T15:45-07:00,0.47265361242403164
2022-02-22T16:00-07:00,0.5231388329979879
2022-02-22T16:15-07:00,0.5392289026691892
2022-02-22T16:30-07:00,0.5394470667565807
2022-02-22T16:45-07:00,0.5261027923917442
2022-02-22T17:00-07:00,0.526742301458671
2022-02-22T17:15-07:00,0.5278116118554608
2022-02-22T17:30-07:00,0.5670311867152693
2022-02-22T17:45-07:00,0.5550291051847779
2022-02-22T18:00-07:00,0.5801403130059425
2022-02-22T18:15-07:00,0.6196120689655235
2022-02-22T18:30-07:00,0.6055712555510698
2022-02-22T18:45-07:00,0.5379236148466979
2022-02-22T19:00-07:00,0.5642885933091495
2022-02-22T19:15-07:00,0.5801403130059425
2022-02-22T19:30-07:00,0.606550748079256
2022-02-22T19:45-07:00,0.5670311867152693
2022-02-22T20:00-07:00,0.5651998385143319
2022-02-22T20:15-07:00,0.5910800644814554
2022-02-22T20:30-07:00,0.5929919137466245
2022-02-22T20:45-07:00,0.5932317648644944
2022-02-22T21:00-07:00,0.6063055780113177
2022-02-22T21:15-07:00,0.6331671830796113
2022-02-22T21:30-07:00,0.6045949214026602
2022-02-22T21:45-07:00,0.5913183711866623
2022-02-22T22:00-07:00,0.6218737325943011
2022-02-22T22:15-07:00,0.5932317648644944
2022-02-22T22:30-07:00,0.6058158319870759
2022-02-22T22:45-07:00,0.5944339367738387
2022-02-22T23:00-07:00,0.5654281098546042
2022-02-22T23:15-07:00,0.617864338482209
2022-02-22T23:30-07:00,0.5929919137466245
2022-02-22T23:45-07:00,0.5941931127616413
2022-02-23T00:00-07:00,0.5651998385143319
2022-02-23T00:15-07:00,0.5677210056772101
2022-02-23T00:30-07:00,0.554803788903918
2022-02-23T00:45-07:00,0.5658852061438965
2022-02-23T01:00-07:00,0.5785012780842251
2022-02-23T01:15-07:00,0.550779150994083
2022-02-23T01:30-07:00,0.5534557235421105
2022-02-23T01:45-07:00,0.5808456031338708
2022-02-23T02:00-07:00,0.5679513184584178
2022-02-23T02:15-07:00,0.5785012780842251
2022-02-23T02:30-07:00,0.6055712555510698
2022-02-23T02:45-07:00,0.5778016662187645
2022-02-23T03:00-07:00,0.578034682080931
2022-02-23T03:15-07:00,0.5915568701263719
2022-02-23T03:30-07:00,0.5910800644814554
2022-02-23T03:45-07:00,0.5778016662187645
2022-02-23T04:00-07:00,0.5642885933091495
2022-02-23T04:15-07:00,0.6067961165048543
2022-02-23T04:30-07:00,0.6067961165048543
2022-02-23T04:45-07:00,0.5543537047052399
2022-02-23T05:00-07:00,0.5405405405405467
2022-02-23T05:15-07:00,0.5379236148466979
2022-02-23T05:30-07:00,0.5920344456404675
2022-02-23T05:45-07:00,0.5645161290322581
2022-02-23T06:00-07:00,0.5642885933091495
2022-02-23T06:15-07:00,0.5824979680303503
2022-02-23T06:30-07:00,0.6055712555510698
2022-02-23T06:45-07:00,0.5649717514124294
2022-02-23T07:00-07:00,0.5383580080753763
2022-02-23T07:15-07:00,0.5261027923917442
2022-02-23T07:30-07:00,0.5394470667565807
2022-02-23T07:45-07:00,0.5403214912873221
2022-02-23T08:00-07:00,0.4864207539521686
2022-02-23T08:15-07:00,0.553904350175622
2022-02-23T08:30-07:00,0.5278116118554608
2022-02-23T08:45-07:00,0.5392289026691892
2022-02-23T09:00-07:00,0.5261027923917442
2022-02-23T09:15-07:00,0.5403214912873221
2022-02-23T09:30-07:00,0.5000000000000062
2022-02-23T09:45-07:00,0.5385754678874439
2022-02-23T10:00-07:00,0.5398839249561406
2022-02-23T10:15-07:00,0.5121293800539022
2022-02-23T10:30-07:00,0.512751315611922
2022-02-23T10:45-07:00,0.5121293800539022
2022-02-23T11:00-07:00,0.5115089514066434
2022-02-23T11:15-07:00,0.5396654074473888
2022-02-23T11:30-07:00,0.5383580080753763
2022-02-23T11:45-07:00,0.5523373299205111
2022-02-23T12:00-07:00,0.5398839249561406
2022-02-23T12:15-07:00,0.5275974025974026
2022-02-23T12:30-07:00,0.5278116118554608
2022-02-23T12:45-07:00,0.5148353881587798
2022-02-23T13:00-07:00,0.47265361242403164
2022-02-23T13:15-07:00,0.5000000000000062
2022-02-23T13:30-07:00,0.5241935483870968
2022-02-23T13:45-07:00,0.5246166263115416
2022-02-23T14:00-07:00,0.5123365242011534
2022-02-23T14:15-07:00,0.4987867349690005
2022-02-23T14:30-07:00,0.48426150121065376
2022-02-23T14:45-07:00,0.5392289026691892
2022-02-23T15:00-07:00,0.4838709677419355
2022-02-23T15:15-07:00,0.48465266558966075
2022-02-23T15:30-07:00,0.4977801695143341
2022-02-23T15:45-07:00,0.5235602094240838
2022-02-23T16:00-07:00,0.551001209514844
2022-02-23T16:15-07:00,0.5004057343792326
2022-02-23T16:30-07:00,0.5133747635774053
2022-02-23T16:45-07:00,0.4995949230353829
2022-02-23T17:00-07:00,0.5514458641560127
2022-02-23T17:15-07:00,0.5927522565000612
2022-02-23T17:30-07:00,0.5929919137466245
2022-02-23T17:45-07:00,0.5929919137466245
2022-02-23T18:00-07:00,0.5670311867152693
2022-02-23T18:15-07:00,0.6087662337662337
2022-02-23T18:30-07:00,0.5951575814960035
2022-02-23T18:45-07:00,0.5958829902491812
2022-02-23T19:00-07:00,0.5817886618860838
2022-02-23T19:15-07:00,0.5403214912873221
2022-02-23T19:30-07:00,0.5803752193278506
2022-02-23T19:45-07:00,0.6070416835289356
2022-02-23T20:00-07:00,0.6467259498787389
2022-02-23T20:15-07:00,0.6203641267700668
2022-02-23T20:30-07:00,0.6196120689655235
2022-02-23T20:45-07:00,0.5789686279790017
2022-02-23T21:00-07:00,0.5794367335938614
2022-02-23T21:15-07:00,0.6058158319870759
2022-02-23T21:30-07:00,0.6058158319870759
2022-02-23T21:45-07:00,0.6186121570737017
2022-02-23T22:00-07:00,0.6326558083187447
2022-02-23T22:15-07:00,0.6238980062389863
2022-02-23T22:30-07:00,0.6077795786061588
2022-02-23T22:45-07:00,0.6211180124223664
2022-02-23T23:00-07:00,0.5803752193278506
2022-02-23T23:15-07:00,0.5801403130059425
2022-02-23T23:30-07:00,0.6050826946349335
2022-02-23T23:45-07:00,0.5910800644814554
2022-02-24T00:00-07:00,0.5677210056772101
2022-02-24T00:15-07:00,0.5514458641560127
2022-02-24T00:30-07:00,0.6216216216216278
2022-02-24T00:45-07:00,0.5941931127616413
2022-02-24T01:00-07:00,0.5403214912873221
2022-02-24T01:15-07:00,0.5670311867152693
2022-02-24T01:30-07:00,0.5799055967633238
2022-02-24T01:45-07:00,0.5527841445328239
2022-02-24T02:00-07:00,0.5785012780842251
2022-02-24T02:15-07:00,0.5934718100890146
2022-02-24T02:30-07:00,0.5668016194331984
2022-02-24T02:45-07:00,0.5668016194331984
2022-02-24T03:00-07:00,0.5792025862069027
2022-02-24T03:15-07:00,0.5934718100890146
2022-02-24T03:30-07:00,0.6063055780113177
2022-02-24T03:45-07:00,0.5796710703693779
2022-02-24T04:00-07:00,0.56657223796034
2022-02-24T04:15-07:00,0.6213697149804195
2022-02-24T04:30-07:00,0.6077795786061588
2022-02-24T04:45-07:00,0.5953991880920101
2022-02-24T05:00-07:00,0.5946749560751391
2022-02-24T05:15-07:00,0.6203641267700668
2022-02-24T05:30-07:00,0.6196120689655235
2022-02-24T05:45-07:00,0.5796710703693779
2022-02-24T06:00-07:00,0.5813167500338037
2022-02-24T06:15-07:00,0.578034682080931
2022-02-24T06:30-07:00,0.6063055780113177
2022-02-24T06:45-07:00,0.5932317648644944
2022-02-24T07:00-07:00,0.5403214912873221
2022-02-24T07:15-07:00,0.5806103159600385
2022-02-24T07:30-07:00,0.6077795786061588
2022-02-24T07:45-07:00,0.6306185428686374
2022-02-24T08:00-07:00,0.5927522565000612
2022-02-24T08:15-07:00,0.6188618323691707
2022-02-24T08:30-07:00,0.5782678859601998
2022-02-24T08:45-07:00,0.5775688381464131
2022-02-24T09:00-07:00,0.553904350175622
2022-02-24T09:15-07:00,0.6038647342995169
2022-02-24T09:30-07:00,0.5896542481908275
2022-02-24T09:45-07:00,0.6156316916488284
2022-02-24T10:00-07:00,0.5496715377396373
2022-02-24T10:15-07:00,0.5636070853462157
2022-02-24T10:30-07:00,0.5903662954514899
2022-02-24T10:45-07:00,0.616126439860708
2022-02-24T11:00-07:00,0.5752508361204075
2022-02-24T11:15-07:00,0.5757129468469736
2022-02-24T11:30-07:00,0.5642885933091495
2022-02-24T11:45-07:00,0.5512234471632098
2022-02-24T12:00-07:00,0.551001209514844
2022-02-24T12:15-07:00,0.5768714784008647
2022-02-24T12:30-07:00,0.6038647342995169
2022-02-24T12:45-07:00,0.5773361976369557
2022-02-24T13:00-07:00,0.5647438483259378
2022-02-24T13:15-07:00,0.5910800644814554
2022-02-24T13:30-07:00,0.5913183711866623
2022-02-24T13:45-07:00,0.6038647342995169
2022-02-24T14:00-07:00,0.5501140480343425
2022-02-24T14:15-07:00,0.5498927038626548
2022-02-24T14:30-07:00,0.5487886494445127
2022-02-24T14:45-07:00,0.5518912370440106
2022-02-24T15:00-07:00,0.5383580080753763
2022-02-24T15:15-07:00,0.5374899220639674
2022-02-24T15:30-07:00,0.5631536604987932
2022-02-24T15:45-07:00,0.5396654074473888
2022-02-24T16:00-07:00,0.5113024757804029
2022-02-24T16:15-07:00,0.5521141933746235
2022-02-24T16:30-07:00,0.5254648342764754
2022-02-24T16:45-07:00,0.4987867349690005
2022-02-24T17:00-07:00,0.5937120496559107
2022-02-24T17:15-07:00,0.5536799459824381
2022-02-24T17:30-07:00,0.5674908796108634
2022-02-24T17:45-07:00,0.6097560975609756
2022-02-24T18:00-07:00,0.6446414182111201
2022-02-24T18:15-07:00,0.6589564281872036
2022-02-24T18:30-07:00,0.6584251545283587
2022-02-24T18:45-07:00,0.645682001614205
2022-02-24T19:00-07:00,0.6841046277665996
2022-02-24T19:15-07:00,0.6597549481621173
2022-02-24T19:30-07:00,0.6193617880705595
2022-02-24T19:45-07:00,0.6196120689655235
2022-02-24T20:00-07:00,0.6462035541195477
2022-02-24T20:15-07:00,0.6329113924050571
2022-02-24T20:30-07:00,0.673309991920274
2022-02-24T20:45-07:00,0.6191117092866818
2022-02-24T21:00-07:00,0.6464646464646465
2022-02-24T21:15-07:00,0.6045949214026602
2022-02-24T21:30-07:00,0.6336793851961647
2022-02-24T21:45-07:00,0.6208665136995608
2022-02-24T22:00-07:00,0.6063055780113177
2022-02-24T22:15-07:00,0.6203641267700668
2022-02-24T22:30-07:00,0.5929919137466245
2022-02-24T22:45-07:00,0.5927522565000612
2022-02-24T23:00-07:00,0.5794367335938614
2022-02-24T23:15-07:00,0.5661140315406389
2022-02-24T23:30-07:00,0.606550748079256
2022-02-24T23:45-07:00,0.5917955615332824
2022-02-25T00:00-07:00,0.6191117092866818
2022-02-25T00:15-07:00,0.6055712555510698
2022-02-25T00:30-07:00,0.6191117092866818
2022-02-25T00:45-07:00,0.6050826946349335
2022-02-25T01:00-07:00,0.5949161709031847
2022-02-25T01:15-07:00,0.5808456031338708
2022-02-25T01:30-07:00,0.5806103159600385
2022-02-25T01:45-07:00,0.6211180124223664
2022-02-25T02:00-07:00,0.6075334143377886
2022-02-25T02:15-07:00,0.6077795786061588
2022-02-25T02:30-07:00,0.5910800644814554
2022-02-25T02:45-07:00,0.617864338482209
2022-02-25T03:00-07:00,0.604351329572925
2022-02-25T03:15-07:00,0.5778016662187645
2022-02-25T03:30-07:00,0.631890293089534
2022-02-25T03:45-07:00,0.6459426725878078
2022-02-25T04:00-07:00,0.6191117092866818
2022-02-25T04:15-07:00,0.6602883708395156
2022-02-25T04:30-07:00,0.6347062795408446
2022-02-25T04:45-07:00,0.6218737325943011
2022-02-25T05:00-07:00,0.6218737325943011
2022-02-25T05:15-07:00,0.6349635233720554
2022-02-25T05:30-07:00,0.6216216216216278
2022-02-25T05:45-07:00,0.6223785685292986
2022-02-25T06:00-07:00,0.6349635233720554
2022-02-25T06:15-07:00,0.5937120496559107
2022-02-25T06:30-07:00,0.5932317648644944
2022-02-25T06:45-07:00,0.5808456031338708
2022-02-25T07:00-07:00,0.5803752193278506
2022-02-25T07:15-07:00,0.5789686279790017
2022-02-25T07:30-07:00,0.5925127928898404
2022-02-25T07:45-07:00,0.6072874493927125
2022-02-25T08:00-07:00,0.6193617880705595
2022-02-25T08:15-07:00,0.6196120689655235
2022-02-25T08:30-07:00,0.5658852061438965
2022-02-25T08:45-07:00,0.5927522565000612
2022-02-25T09:00-07:00,0.5651998385143319
2022-02-25T09:15-07:00,0.5252525252525253
2022-02-25T09:30-07:00,0.5521141933746235
2022-02-25T09:45-07:00,0.5913183711866623
2022-02-25T10:00-07:00,0.5908419497784281
2022-02-25T10:15-07:00,0.5229283990345938
2022-02-25T10:30-07:00,0.5357621216180077
2022-02-25T10:45-07:00,0.5229283990345938
2022-02-25T11:00-07:00,0.5617977528089888
2022-02-25T11:15-07:00,0.5231388329979879
2022-02-25T11:30-07:00,0.5361930294906228
2022-02-25T11:45-07:00,0.5487886494445127
2022-02-25T12:00-07:00,0.5633802816901409
2022-02-25T12:15-07:00,0.5498927038626548
2022-02-25T12:30-07:00,0.5357621216180077
2022-02-25T12:45-07:00,0.4957791772745606
2022-02-25T13:00-07:00,0.5631536604987932
2022-02-25T13:15-07:00,0.5359774889454704
2022-02-25T13:30-07:00,0.49617808770283567
2022-02-25T13:45-07:00,0.4832863471606927
2022-02-25T14:00-07:00,0.5222981116914424
2022-02-25T14:15-07:00,0.5398839249561406
2022-02-25T14:30-07:00,0.5799055967633238
2022-02-25T14:45-07:00,0.5396654074473888
2022-02-25T15:00-07:00,0.5263157894736842
2022-02-25T15:15-07:00,0.5131667792032348
2022-02-25T15:30-07:00,0.5000000000000062
2022-02-25T15:45-07:00,0.49919050188883507
2022-02-25T16:00-07:00,0.511096166778743
2022-02-25T16:15-07:00,0.5518912370440106
2022-02-25T16:30-07:00,0.5661140315406389
2022-02-25T16:45-07:00,0.5254648342764754
2022-02-25T17:00-07:00,0.553904350175622
2022-02-25T17:15-07:00,0.5925127928898404
2022-02-25T17:30-07:00,0.5810810810810872
2022-02-25T17:45-07:00,0.5554802872239472
2022-02-25T18:00-07:00,0.5670311867152693
2022-02-25T18:15-07:00,0.646987464617873
2022-02-25T18:30-07:00,0.6324004305704998
2022-02-25T18:45-07:00,0.6048387096774194
2022-02-25T19:00-07:00,0.631890293089534
2022-02-25T19:15-07:00,0.6045949214026602
2022-02-25T19:30-07:00,0.6316355328584806
2022-02-25T19:45-07:00,0.631890293089534
2022-02-25T20:00-07:00,0.6326558083187447
2022-02-25T20:15-07:00,0.6592223866541163
2022-02-25T20:30-07:00,0.6045949214026602
2022-02-25T20:45-07:00,0.6477732793522267
2022-02-25T21:00-07:00,0.6477732793522267
2022-02-25T21:15-07:00,0.6605554057697555
2022-02-25T21:30-07:00,0.6477732793522267
2022-02-25T21:45-07:00,0.6331671830796113
2022-02-25T22:00-07:00,0.6367700853542818
2022-02-25T22:15-07:00,0.6480356419603078
2022-02-25T22:30-07:00,0.6472491909385113
2022-02-25T22:45-07:00,0.6334231805929857
2022-02-25T23:00-07:00,0.6485610052695582
2022-02-25T23:15-07:00,0.673309991920274
2022-02-25T23:30-07:00,0.6186121570737017
2022-02-25T23:45-07:00,0.617864338482209
2022-02-26T00:00-07:00,0.6462035541195477
2022-02-26T00:15-07:00,0.6306185428686374
2022-02-26T00:30-07:00,0.6060606060606061
2022-02-26T00:45-07:00,0.6191117092866818
2022-02-26T01:00-07:00,0.6589564281872036
2022-02-26T01:15-07:00,0.6597549481621173
2022-02-26T01:30-07:00,0.6592223866541163
2022-02-26T01:45-07:00,0.645421540943929
2022-02-26T02:00-07:00,0.6722237160526962
2022-02-26T02:15-07:00,0.631890293089534
2022-02-26T02:30-07:00,0.645421540943929
2022-02-26T02:45-07:00,0.6449012494961709
2022-02-26T03:00-07:00,0.5910800644814554
2022-02-26T03:15-07:00,0.6311266281724123
2022-02-26T03:30-07:00,0.6578947368421114
2022-02-26T03:45-07:00,0.6308724832214704
2022-02-26T04:00-07:00,0.631890293089534
2022-02-26T04:15-07:00,0.6592223866541163
2022-02-26T04:30-07:00,0.6462035541195477
2022-02-26T04:45-07:00,0.6464646464646465
2022-02-26T05:00-07:00,0.6208665136995608
2022-02-26T05:15-07:00,0.6616257088846943
2022-02-26T05:30-07:00,0.6482982171799028
2022-02-26T05:45-07:00,0.6352209758075353
2022-02-26T06:00-07:00,0.6357365075070951
2022-02-26T06:15-07:00,0.6467259498787389
2022-02-26T06:30-07:00,0.6600215517241441
2022-02-26T06:45-07:00,0.6480356419603078
2022-02-26T07:00-07:00,0.6451612903225806
2022-02-26T07:15-07:00,0.6045949214026602
2022-02-26T07:30-07:00,0.6176154672395335
2022-02-26T07:45-07:00,0.6033789219629928
2022-02-26T08:00-07:00,0.5910800644814554
2022-02-26T08:15-07:00,0.5525606469002634
2022-02-26T08:30-07:00,0.5789686279790017
2022-02-26T08:45-07:00,0.5527841445328239
2022-02-26T09:00-07:00,0.5654281098546042
2022-02-26T09:15-07:00,0.5917955615332824
2022-02-26T09:30-07:00,0.5638340716874748
2022-02-26T09:45-07:00,0.5638340716874748
2022-02-26T10:00-07:00,0.5496715377396373
2022-02-26T10:15-07:00,0.523771152296535
2022-02-26T10:30-07:00,0.5640612409347301
2022-02-26T10:45-07:00,0.5771037444638365
2022-02-26T11:00-07:00,0.5254648342764754
2022-02-26T11:15-07:00,0.5934718100890146
2022-02-26T11:30-07:00,0.5658852061438965
2022-02-26T11:45-07:00,0.5663430420711975
2022-02-26T12:00-07:00,0.5390109149710344
2022-02-26T12:15-07:00,0.5937120496559107
2022-02-26T12:30-07:00,0.5658852061438965
2022-02-26T12:45-07:00,0.5654281098546042
2022-02-26T13:00-07:00,0.5752508361204075
2022-02-26T13:15-07:00,0.5894172806429946
2022-02-26T13:30-07:00,0.5889439164770385
2022-02-26T13:45-07:00,0.5494505494505433
2022-02-26T14:00-07:00,0.5752508361204075
2022-02-26T14:15-07:00,0.6024096385542169
2022-02-26T14:30-07:00,0.630111274969829
2022-02-26T14:45-07:00,0.6183626831563444
2022-02-26T15:00-07:00,0.6173667964031735
2022-02-26T15:15-07:00,0.5903662954514899
2022-02-26T15:30-07:00,0.6191117092866818
2022-02-26T15:45-07:00,0.6324004305704998
2022-02-26T16:00-07:00,0.5917955615332824
2022-02-26T16:15-07:00,0.6070416835289356
2022-02-26T16:30-07:00,0.6331671830796113
2022-02-26T16:45-07:00,0.6063055780113177
2022-02-26T17:00-07:00,0.6331671830796113
2022-02-26T17:15-07:00,0.6482982171799028
2022-02-26T17:30-07:00,0.6213697149804195
2022-02-26T17:45-07:00,0.6223785685292986
2022-02-26T18:00-07:00,0.609508329947176
2022-02-26T18:15-07:00,0.6349635233720554
2022-02-26T18:30-07:00,0.6206152185644962
2022-02-26T18:45-07:00,0.6347062795408446
2022-02-26T19:00-07:00,0.6477732793522267
2022-02-26T19:15-07:00,0.6446414182111201
2022-02-26T19:30-07:00,0.6347062795408446
2022-02-26T19:45-07:00,0.6075334143377886
2022-02-26T20:00-07:00,0.6462035541195477
2022-02-26T20:15-07:00,0.6716818914562002
2022-02-26T20:30-07:00,0.644381796214257
2022-02-26T20:45-07:00,0.6311266281724123
2022-02-26T21:00-07:00,0.6459426725878078
2022-02-26T21:15-07:00,0.6313809779688279
2022-02-26T21:30-07:00,0.645421540943929
2022-02-26T21:45-07:00,0.6186121570737017
2022-02-26T22:00-07:00,0.6183626831563444
2022-02-26T22:15-07:00,0.6311266281724123
2022-02-26T22:30-07:00,0.6183626831563444
2022-02-26T22:45-07:00,0.6045949214026602
2022-02-26T23:00-07:00,0.6168700549819024
2022-02-26T23:15-07:00,0.6055712555510698
2022-02-26T23:30-07:00,0.6181134103735616
2022-02-26T23:45-07:00,0.6354786371011295
2022-02-27T00:00-07:00,0.6482982171799028
2022-02-27T00:15-07:00,0.634192416677905
2022-02-27T00:30-07:00,0.6196120689655235
2022-02-27T00:45-07:00,0.6464646464646465
2022-02-27T01:00-07:00,0.6326558083187447
2022-02-27T01:15-07:00,0.6459426725878078
2022-02-27T01:30-07:00,0.617864338482209
2022-02-27T01:45-07:00,0.6173667964031735
2022-02-27T02:00-07:00,0.6311266281724123
2022-02-27T02:15-07:00,0.6038647342995169
2022-02-27T02:30-07:00,0.644381796214257
2022-02-27T02:45-07:00,0.6176154672395335
2022-02-27T03:00-07:00,0.6306185428686374
2022-02-27T03:15-07:00,0.5773361976369557
2022-02-27T03:30-07:00,0.644122383252818
2022-02-27T03:45-07:00,0.6613578080712709
2022-02-27T04:00-07:00,0.6173667964031735
2022-02-27T04:15-07:00,0.644122383252818
2022-02-27T04:30-07:00,0.6308724832214704
2022-02-27T04:45-07:00,0.6306185428686374
2022-02-27T05:00-07:00,0.6033789219629928
2022-02-27T05:15-07:00,0.6446414182111201
2022-02-27T05:30-07:00,0.6326558083187447
2022-02-27T05:45-07:00,0.6193617880705595
2022-02-27T06:00-07:00,0.634449244060469
2022-02-27T06:15-07:00,0.6331671830796113
2022-02-27T06:30-07:00,0.6188618323691707
2022-02-27T06:45-07:00,0.6462035541195477
2022-02-27T07:00-07:00,0.6576298483425105
2022-02-27T07:15-07:00,0.6303648068669466
2022-02-27T07:30-07:00,0.6303648068669466
2022-02-27T07:45-07:00,0.5898914063547331
2022-02-27T08:00-07:00,0.5794367335938614
2022-02-27T08:15-07:00,0.5891805034815151
2022-02-27T08:30-07:00,0.5620232838217584
2022-02-27T08:45-07:00,0.5622489959839357
2022-02-27T09:00-07:00,0.5887075194005826
2022-02-27T09:15-07:00,0.5220883534136547
2022-02-27T09:30-07:00,0.5481283422459832
2022-02-27T09:45-07:00,0.5613472333600642
2022-02-27T10:00-07:00,0.5604483586869495
2022-02-27T10:15-07:00,0.5487886494445127
2022-02-27T10:30-07:00,0.5084292213005023
2022-02-27T10:45-07:00,0.5349023803155986
2022-02-27T11:00-07:00,0.5754817987152095
2022-02-27T11:15-07:00,0.5766393992222134
2022-02-27T11:30-07:00,0.5631536604987932
2022-02-27T11:45-07:00,0.5501140480343425
2022-02-27T12:00-07:00,0.5501140480343425
2022-02-27T12:15-07:00,0.5512234471632098
2022-02-27T12:30-07:00,0.523771152296535
2022-02-27T12:45-07:00,0.5483482680219278
2022-02-27T13:00-07:00,0.5351170568561934
2022-02-27T13:15-07:00,0.5359774889454704
2022-02-27T13:30-07:00,0.5220883534136547
2022-02-27T13:45-07:00,0.5222981116914424
2022-02-27T14:00-07:00,0.5361930294906228
2022-02-27T14:15-07:00,0.5370569280343778
2022-02-27T14:30-07:00,0.5372733378106173
2022-02-27T14:45-07:00,0.5246166263115416
2022-02-27T15:00-07:00,0.5642885933091495
2022-02-27T15:15-07:00,0.5910800644814554
2022-02-27T15:30-07:00,0.5220883534136547
2022-02-27T15:45-07:00,0.4963777837402798
2022-02-27T16:00-07:00,0.550557271384444
2022-02-27T16:15-07:00,0.5766393992222134
2022-02-27T16:30-07:00,0.6290991835095642
2022-02-27T16:45-07:00,0.5889439164770385
2022-02-27T17:00-07:00,0.6014434643143545
2022-02-27T17:15-07:00,0.6446414182111201
2022-02-27T17:30-07:00,0.5925127928898404
2022-02-27T17:45-07:00,0.6050826946349335
2022-02-27T18:00-07:00,0.5922735226813776
2022-02-27T18:15-07:00,0.6213697149804195
2022-02-27T18:30-07:00,0.645421540943929
2022-02-27T18:45-07:00,0.631890293089534
2022-02-27T19:00-07:00,0.6716818914562002
2022-02-27T19:15-07:00,0.6708707902857848
2022-02-27T19:30-07:00,0.6490872210953347
2022-02-27T19:45-07:00,0.6349635233720554
2022-02-27T20:00-07:00,0.6347062795408446
2022-02-27T20:15-07:00,0.6597549481621173
2022-02-27T20:30-07:00,0.6326558083187447
2022-02-27T20:45-07:00,0.6446414182111201
2022-02-27T21:00-07:00,0.6438631790744467
2022-02-27T21:15-07:00,0.66979236436704
2022-02-27T21:30-07:00,0.645421540943929
2022-02-27T21:45-07:00,0.6311266281724123
2022-02-27T22:00-07:00,0.6316355328584806
2022-02-27T22:15-07:00,0.6058158319870759
2022-02-27T22:30-07:00,0.6213697149804195
2022-02-27T22:45-07:00,0.5792025862069027
2022-02-27T23:00-07:00,0.6055712555510698
2022-02-27T23:15-07:00,0.606550748079256
2022-02-27T23:30-07:00,0.5920344456404675
2022-02-27T23:45-07:00,0.5915568701263719
2022-02-28T00:00-07:00,0.6321452589105521
2022-02-28T00:15-07:00,0.6038647342995169
2022-02-28T00:30-07:00,0.6048387096774194
2022-02-28T00:45-07:00,0.6075334143377886
2022-02-28T01:00-07:00,0.5806103159600385
2022-02-28T01:15-07:00,0.5799055967633238
2022-02-28T01:30-07:00,0.6070416835289356
2022-02-28T01:45-07:00,0.6334231805929857
2022-02-28T02:00-07:00,0.5801403130059425
2022-02-28T02:15-07:00,0.6472491909385113
2022-02-28T02:30-07:00,0.6201132380695666
2022-02-28T02:45-07:00,0.6050826946349335
2022-02-28T03:00-07:00,0.6176154672395335
2022-02-28T03:15-07:00,0.6316355328584806
2022-02-28T03:30-07:00,0.6053268765133172
2022-02-28T03:45-07:00,0.6324004305704998
2022-02-28T04:00-07:00,0.6055712555510698
2022-02-28T04:15-07:00,0.6472491909385113
2022-02-28T04:30-07:00,0.6357365075070951
2022-02-28T04:45-07:00,0.6339357971405387
2022-02-28T05:00-07:00,0.6334231805929857
2022-02-28T05:15-07:00,0.6679134384183749
2022-02-28T05:30-07:00,0.6576298483425105
2022-02-28T05:45-07:00,0.6183626831563444
2022-02-28T06:00-07:00,0.631890293089534
2022-02-28T06:15-07:00,0.5932317648644944
2022-02-28T06:30-07:00,0.6727664155005321
2022-02-28T06:45-07:00,0.578034682080931
2022-02-28T07:00-07:00,0.6055712555510698
2022-02-28T07:15-07:00,0.6188618323691707
2022-02-28T07:30-07:00,0.5803752193278506
2022-02-28T07:45-07:00,0.5813167500338037
2022-02-28T08:00-07:00,0.5654281098546042
2022-02-28T08:15-07:00,0.5640612409347301
2022-02-28T08:30-07:00,0.551001209514844
2022-02-28T08:45-07:00,0.550779150994083
2022-02-28T09:00-07:00,0.5379236148466979
2022-02-28T09:15-07:00,0.5496715377396373
2022-02-28T09:30-07:00,0.5359774889454704
2022-02-28T09:45-07:00,0.5227181342983515
2022-02-28T10:00-07:00,0.5492297387809718
2022-02-28T10:15-07:00,0.5492297387809718
2022-02-28T10:30-07:00,0.5492297387809718
2022-02-28T10:45-07:00,0.49617808770283567
2022-02-28T11:00-07:00,0.5366246310705722
2022-02-28T11:15-07:00,0.5638340716874748
2022-02-28T11:30-07:00,0.5104782375067107
2022-02-28T11:45-07:00,0.5370569280343778
2022-02-28T12:00-07:00,0.523771152296535
2022-02-28T12:15-07:00,0.551001209514844
2022-02-28T12:30-07:00,0.5248284214775939
2022-02-28T12:45-07:00,0.5898914063547331
2022-02-28T13:00-07:00,0.5374899220639674
2022-02-28T13:15-07:00,0.5239822652156388
2022-02-28T13:30-07:00,0.6041079339508659
2022-02-28T13:45-07:00,0.5640612409347301
2022-02-28T14:00-07:00,0.5512234471632098
2022-02-28T14:15-07:00,0.5922735226813776
2022-02-28T14:30-07:00,0.5920344456404675
2022-02-28T14:45-07:00,0.5252525252525253
2022-02-28T15:00-07:00,0.5123365242011534
2022-02-28T15:15-07:00,0.5254648342764754
2022-02-28T15:30-07:00,0.5119224033409611
2022-02-28T15:45-07:00,0.5518912370440106
2022-02-28T16:00-07:00,0.5658852061438965
2022-02-28T16:15-07:00,0.5908419497784281
2022-02-28T16:30-07:00,0.5906040268456314
2022-02-28T16:45-07:00,0.5768714784008647
2022-02-28T17:00-07:00,0.5894172806429946
2022-02-28T17:15-07:00,0.5910800644814554
2022-02-28T17:30-07:00,0.578734858681029
2022-02-28T17:45-07:00,0.5906040268456314
2022-02-28T18:00-07:00,0.5796710703693779
2022-02-28T18:15-07:00,0.606550748079256
2022-02-28T18:30-07:00,0.6206152185644962
2022-02-28T18:45-07:00,0.6480356419603078
2022-02-28T19:00-07:00,0.6594885598923346
2022-02-28T19:15-07:00,0.6173667964031735
2022-02-28T19:30-07:00,0.6183626831563444
2022-02-28T19:45-07:00,0.6208665136995608
2022-02-28T20:00-07:00,0.5929919137466245
2022-02-28T20:15-07:00,0.5915568701263719
2022-02-28T20:30-07:00,0.5920344456404675
2022-02-28T20:45-07:00,0.6041079339508659
2022-02-28T21:00-07:00,0.645682001614205
2022-02-28T21:15-07:00,0.6176154672395335
2022-02-28T21:30-07:00,0.6163741122872901
2022-02-28T21:45-07:00,0.5778016662187645
2022-02-28T22:00-07:00,0.6303648068669466
2022-02-28T22:15-07:00,0.5794367335938614
2022-02-28T22:30-07:00,0.578734858681029
2022-02-28T22:45-07:00,0.6045949214026602
2022-02-28T23:00-07:00,0.5910800644814554
2022-02-28T23:15-07:00,0.6188618323691707
2022-02-28T23:30-07:00,0.606550748079256
2022-02-28T23:45-07:00,0.6053268765133172
2022-03-01T00:00-07:00,0.5913183711866623
2022-03-01T00:15-07:00,0.6183626831563444
2022-03-01T00:30-07:00,0.5910800644814554
2022-03-01T00:45-07:00,0.5901287553648007
2022-03-01T01:00-07:00,0.602167804094741
2022-03-01T01:15-07:00,0.6012024048096193
2022-03-01T01:30-07:00,0.6070416835289356
2022-03-01T01:45-07:00,0.5771037444638365
2022-03-01T02:00-07:00,0.5771037444638365
2022-03-01T02:15-07:00,0.6024096385542169
2022-03-01T02:30-07:00,0.5908419497784281
2022-03-01T02:45-07:00,0.604351329572925
2022-03-01T03:00-07:00,0.5773361976369557
2022-03-01T03:15-07:00,0.5775688381464131
2022-03-01T03:30-07:00,0.5645161290322581
2022-03-01T03:45-07:00,0.6053268765133172
2022-03-01T04:00-07:00,0.6058158319870759
2022-03-01T04:15-07:00,0.5796710703693779
2022-03-01T04:30-07:00,0.5922735226813776
2022-03-01T04:45-07:00,0.6058158319870759
2022-03-01T05:00-07:00,0.6070416835289356
2022-03-01T05:15-07:00,0.5920344456404675
2022-03-01T05:30-07:00,0.5906040268456314
2022-03-01T05:45-07:00,0.6156316916488284
2022-03-01T06:00-07:00,0.5915568701263719
2022-03-01T06:15-07:00,0.5937120496559107
2022-03-01T06:30-07:00,0.5929919137466245
2022-03-01T06:45-07:00,0.6077795786061588
2022-03-01T07:00-07:00,0.5913183711866623
2022-03-01T07:15-07:00,0.5785012780842251
2022-03-01T07:30-07:00,0.5913183711866623
2022-03-01T07:45-07:00,0.5915568701263719
2022-03-01T08:00-07:00,0.5920344456404675
2022-03-01T08:15-07:00,0.5636070853462157
2022-03-01T08:30-07:00,0.604351329572925
2022-03-01T08:45-07:00,0.5913183711866623
2022-03-01T09:00-07:00,0.5633802816901409
2022-03-01T09:15-07:00,0.5766393992222134
2022-03-01T09:30-07:00,0.5492297387809718
2022-03-01T09:45-07:00,0.5761758006163803
2022-03-01T10:00-07:00,0.5768714784008647
2022-03-01T10:15-07:00,0.5642885933091495
2022-03-01T10:30-07:00,0.5778016662187645
2022-03-01T10:45-07:00,0.6048387096774194
2022-03-01T11:00-07:00,0.5654281098546042
2022-03-01T11:15-07:00,0.5752508361204075
2022-03-01T11:30-07:00,0.5754817987152095
2022-03-01T11:45-07:00,0.5768714784008647
2022-03-01T12:00-07:00,0.5896542481908275
2022-03-01T12:15-07:00,0.5778016662187645
2022-03-01T12:30-07:00,0.5501140480343425
2022-03-01T12:45-07:00,0.551001209514844
2022-03-01T13:00-07:00,0.5383580080753763
2022-03-01T13:15-07:00,0.5498927038626548
2022-03-01T13:30-07:00,0.5891805034815151
2022-03-01T13:45-07:00,0.5629272215520708
2022-03-01T14:00-07:00,0.5875283749499205
2022-03-01T14:15-07:00,0.5745590593265695
2022-03-01T14:30-07:00,0.6
2022-03-01T14:45-07:00,0.5724936759419579
2022-03-01T15:00-07:00,0.5747894666488499
2022-03-01T15:15-07:00,0.5761758006163803
2022-03-01T15:30-07:00,0.5913183711866623
2022-03-01T15:45-07:00,0.5903662954514899
2022-03-01T16:00-07:00,0.5487886494445127
2022-03-01T16:15-07:00,0.6041079339508659
2022-03-01T16:30-07:00,0.6311266281724123
2022-03-01T16:45-07:00,0.6026516673362796
2022-03-01T17:00-07:00,0.606550748079256
2022-03-01T17:15-07:00,0.6321452589105521
2022-03-01T17:30-07:00,0.6298579469311115
2022-03-01T17:45-07:00,0.6038647342995169
2022-03-01T18:00-07:00,0.5766393992222134
2022-03-01T18:15-07:00,0.6166219839142153
2022-03-01T18:30-07:00,0.6687174000267426
2022-03-01T18:45-07:00,0.6695232994108133
2022-03-01T19:00-07:00,0.6451612903225806
2022-03-01T19:15-07:00,0.604351329572925
2022-03-01T19:30-07:00,0.6171183257311572
2022-03-01T19:45-07:00,0.6171183257311572
2022-03-01T20:00-07:00,0.6565724239581999
2022-03-01T20:15-07:00,0.6446414182111201
2022-03-01T20:30-07:00,0.6589564281872036
2022-03-01T20:45-07:00,0.6303648068669466
2022-03-01T21:00-07:00,0.6156316916488284
2022-03-01T21:15-07:00,0.6188618323691707
2022-03-01T21:30-07:00,0.6163741122872901
2022-03-01T21:45-07:00,0.6283422459892987
2022-03-01T22:00-07:00,0.6438631790744467
2022-03-01T22:15-07:00,0.6308724832214704
2022-03-01T22:30-07:00,0.6151377373629374
2022-03-01T22:45-07:00,0.6324004305704998
2022-03-01T23:00-07:00,0.6308724832214704
2022-03-01T23:15-07:00,0.630111274969829
2022-03-01T23:30-07:00,0.6288466684506228
2022-03-01T23:45-07:00,0.6158789663944364
2022-03-02T00:00-07:00,0.627838632113272
2022-03-02T00:15-07:00,0.6045949214026602
2022-03-02T00:30-07:00,0.6306185428686374
2022-03-02T00:45-07:00,0.6171183257311572
2022-03-02T01:00-07:00,0.6290991835095642
2022-03-02T01:15-07:00,0.6156316916488284
2022-03-02T01:30-07:00,0.6824568446407066
2022-03-02T01:45-07:00,0.6412825651302605
2022-03-02T02:00-07:00,0.616126439860708
2022-03-02T02:15-07:00,0.6024096385542169
2022-03-02T02:30-07:00,0.6019261637239165
2022-03-02T02:45-07:00,0.6151377373629374
2022-03-02T03:00-07:00,0.6283422459892987
2022-03-02T03:15-07:00,0.6014434643143545
2022-03-02T03:30-07:00,0.6552554158866069
2022-03-02T03:45-07:00,0.616126439860708
2022-03-02T04:00-07:00,0.6436041834271923
2022-03-02T04:15-07:00,0.6475111290975314
2022-03-02T04:30-07:00,0.6053268765133172
2022-03-02T04:45-07:00,0.6459426725878078
2022-03-02T05:00-07:00,0.617864338482209
2022-03-02T05:15-07:00,0.6191117092866818
2022-03-02T05:30-07:00,0.6191117092866818
2022-03-02T05:45-07:00,0.6196120689655235
2022-03-02T06:00-07:00,0.606550748079256
2022-03-02T06:15-07:00,0.631890293089534
2022-03-02T06:30-07:00,0.6070416835289356
2022-03-02T06:45-07:00,0.6321452589105521
2022-03-02T07:00-07:00,0.6316355328584806
2022-03-02T07:15-07:00,0.6571007107415913
2022-03-02T07:30-07:00,0.6156316916488284
2022-03-02T07:45-07:00,0.6303648068669466
2022-03-02T08:00-07:00,0.6415396952686447
2022-03-02T08:15-07:00,0.6451612903225806
2022-03-02T08:30-07:00,0.6451612903225806
2022-03-02T08:45-07:00,0.6053268765133172
2022-03-02T09:00-07:00,0.6173667964031735
2022-03-02T09:15-07:00,0.5887075194005826
2022-03-02T09:30-07:00,0.5752508361204075
2022-03-02T09:45-07:00,0.6163741122872901
2022-03-02T10:00-07:00,0.6536819637139869
2022-03-02T10:15-07:00,0.5579912315663611
2022-03-02T10:30-07:00,0.6874241811564901
2022-03-02T10:45-07:00,0.6743997841920629
2022-03-02T11:00-07:00,0.6482982171799028
2022-03-02T11:15-07:00,0.6902151847340642
2022-03-02T11:30-07:00,0.6760411032990744
2022-03-02T11:45-07:00,0.6496142915144133
2022-03-02T12:00-07:00,0.6365113759479895
2022-03-02T12:15-07:00,0.6238980062389863
2022-03-02T12:30-07:00,0.6640466187830392
2022-03-02T12:45-07:00,0.6643167028199628
2022-03-02T13:00-07:00,0.6645870066458762
2022-03-02T13:15-07:00,0.6506710044733631
2022-03-02T13:30-07:00,0.6385869565217329
2022-03-02T13:45-07:00,0.6467259498787389
2022-03-02T14:00-07:00,0.6404142253712978
2022-03-02T14:15-07:00,0.669490367536555
2022-03-02T14:30-07:00,0.6438356164383499
2022-03-02T14:45-07:00,0.6978653530377669
2022-03-02T15:00-07:00,0.6419887993443456
2022-03-02T15:15-07:00,0.6308283049917781
2022-03-02T15:30-07:00,0.630309673883262
2022-03-02T15:45-07:00,0.6152584085315833
2022-03-02T16:00-07:00,0.6188118811881188
2022-03-02T16:15-07:00,0.6200909466721786
2022-03-02T16:30-07:00,0.6686681222707486
2022-03-02T16:45-07:00,0.6840881105486324
2022-03-02T17:00-07:00,0.7134037590890445
2022-03-02T17:15-07:00,0.6203473945409429
2022-03-02T17:30-07:00,0.6022447303586032
2022-03-02T17:45-07:00,0.6683944891556467
2022-03-02T18:00-07:00,0.6554690700532568
2022-03-02T18:15-07:00,0.6430428239157141
2022-03-02T18:30-07:00,0.6826870562534072
2022-03-02T18:45-07:00,0.6955810147299509
2022-03-02T19:00-07:00,0.6972928630024611
2022-03-02T19:15-07:00,0.6725226461707446
2022-03-02T19:30-07:00,0.6446303662049039
2022-03-02T19:45-07:00,0.7131102578167918
2022-03-02T20:00-07:00,0.7242415960644922
2022-03-02T20:15-07:00,0.6972928630024611
2022-03-02T20:30-07:00,0.6689419795221906
2022-03-02T20:45-07:00,0.6818491749624921
2022-03-02T21:00-07:00,0.6824075337791666
2022-03-02T21:15-07:00,0.710479573712262
2022-03-02T21:30-07:00,0.6815703380588815
2022-03-02T21:45-07:00,0.707579262484698
2022-03-02T22:00-07:00,0.6664853101197016
2022-03-02T22:15-07:00,0.710479573712262
2022-03-02T22:30-07:00,0.6838074398249391
2022-03-02T22:45-07:00,0.6826870562534072
2022-03-02T23:00-07:00,0.6972928630024611
2022-03-02T23:15-07:00,0.7084468664850199
2022-03-02T23:30-07:00,0.7209903414501366
2022-03-02T23:45-07:00,0.6533278889342589
2022-03-03T00:00-07:00,0.6807351940095241
2022-03-03T00:15-07:00,0.707579262484698
2022-03-03T00:30-07:00,0.6530612244897959
2022-03-03T00:45-07:00,0.6799020940984436
2022-03-03T01:00-07:00,0.6662134602311415
2022-03-03T01:15-07:00,0.6393687933614411
2022-03-03T01:30-07:00,0.6512006512006512
2022-03-03T01:45-07:00,0.6804572672836083
2022-03-03T02:00-07:00,0.6947282386595831
2022-03-03T02:15-07:00,0.6812917291184023
2022-03-03T02:30-07:00,0.6527947776417788
2022-03-03T02:45-07:00,0.6944444444444444
2022-03-03T03:00-07:00,0.7212847033206252
2022-03-03T03:15-07:00,0.7072905331882543
2022-03-03T03:30-07:00,0.69416088199265
2022-03-03T03:45-07:00,0.707579262484698
2022-03-03T04:00-07:00,0.7352941176470589
2022-03-03T04:15-07:00,0.7087365408205051
2022-03-03T04:30-07:00,0.6835269993164668
2022-03-03T04:45-07:00,0.7098976109215079
2022-03-03T05:00-07:00,0.6703146374829064
2022-03-03T05:15-07:00,0.6846501437765239
2022-03-03T05:30-07:00,0.6955810147299509
2022-03-03T05:45-07:00,0.7215793056500959
2022-03-03T06:00-07:00,0.6285011613608479
2022-03-03T06:15-07:00,0.6849315068493088
2022-03-03T06:30-07:00,0.6821282401091343
2022-03-03T06:45-07:00,0.6818491749624921
2022-03-03T07:00-07:00,0.6776904310111079
2022-03-03T07:15-07:00,0.6902151847340642
2022-03-03T07:30-07:00,0.6659418320195768
2022-03-03T07:45-07:00,0.6933115823817292
2022-03-03T08:00-07:00,0.7084468664850199
2022-03-03T08:15-07:00,0.6815703380588815
2022-03-03T08:30-07:00,0.7081574288438031
2022-03-03T08:45-07:00,0.6832467887400867
2022-03-03T09:00-07:00,0.6675749318801152
2022-03-03T09:15-07:00,0.6552006552006552
2022-03-03T09:30-07:00,0.6269592476489091
2022-03-03T09:45-07:00,0.7098976109215079
2022-03-03T10:00-07:00,0.6835269993164668
2022-03-03T10:15-07:00,0.6689419795221906
2022-03-03T10:30-07:00,0.6132461161079313
2022-03-03T10:45-07:00,0.6279863481228731
2022-03-03T11:00-07:00,0.6675749318801152
2022-03-03T11:15-07:00,0.6132461161079313
2022-03-03T11:30-07:00,0.6412005457025859
2022-03-03T11:45-07:00,0.6132461161079313
2022-03-03T12:00-07:00,0.6776904310111079
2022-03-03T12:15-07:00,0.6261911244214601
2022-03-03T12:30-07:00,0.6790710308298186
2022-03-03T12:45-07:00,0.6393687933614411
2022-03-03T13:00-07:00,0.6653992395437325
2022-03-03T13:15-07:00,0.6251698831204193
2022-03-03T13:30-07:00,0.6261911244214601
2022-03-03T13:45-07:00,0.6261911244214601
2022-03-03T14:00-07:00,0.6409382244647421
2022-03-03T14:15-07:00,0.6700396554081834
2022-03-03T14:30-07:00,0.6139991813344249
2022-03-03T14:45-07:00,0.6277292576419277
2022-03-03T15:00-07:00,0.6414630817524163
2022-03-03T15:15-07:00,0.5992917461182177
2022-03-03T15:30-07:00,0.603235536057027
2022-03-03T15:45-07:00,0.6022447303586032
2022-03-03T16:00-07:00,0.6562756357670222
2022-03-03T16:15-07:00,0.6425153793574784
2022-03-03T16:30-07:00,0.6681210799018333
2022-03-03T16:45-07:00,0.6832467887400867
2022-03-03T17:00-07:00,0.6697648988518379
2022-03-03T17:15-07:00,0.630309673883262
2022-03-03T17:30-07:00,0.602739726027391
2022-03-03T17:45-07:00,0.5884768030655598
2022-03-03T18:00-07:00,0.6683944891556467
2022-03-03T18:15-07:00,0.6938775510204082
2022-03-03T18:30-07:00,0.69359445124439
2022-03-03T18:45-07:00,0.6703146374829064
2022-03-03T19:00-07:00,0.710479573712262
2022-03-03T19:15-07:00,0.6835269993164668
2022-03-03T19:30-07:00,0.6970069700697007
2022-03-03T19:45-07:00,0.669490367536555
2022-03-03T20:00-07:00,0.6818491749624921
2022-03-03T20:15-07:00,0.7493188010899245
2022-03-03T20:30-07:00,0.6801795674057889
2022-03-03T20:45-07:00,0.7064257573699287
2022-03-03T21:00-07:00,0.6810133478616118
2022-03-03T21:15-07:00,0.6552006552006552
2022-03-03T21:30-07:00,0.6683944891556467
2022-03-03T21:45-07:00,0.6950122649223222
2022-03-03T22:00-07:00,0.6527947776417788
2022-03-03T22:15-07:00,0.6821282401091343
2022-03-03T22:30-07:00,0.6546644844517185
2022-03-03T22:45-07:00,0.6810133478616118
2022-03-03T23:00-07:00,0.6824075337791666
2022-03-03T23:15-07:00,0.7098976109215079
2022-03-03T23:30-07:00,0.6981519507186859
2022-03-03T23:45-07:00,0.6815703380588815
2022-03-04T00:00-07:00,0.69416088199265
2022-03-04T00:15-07:00,0.7087365408205051
2022-03-04T00:30-07:00,0.6673021925643532
2022-03-04T00:45-07:00,0.6821282401091343
2022-03-04T01:00-07:00,0.6406761177753482
2022-03-04T01:15-07:00,0.69359445124439
2022-03-04T01:30-07:00,0.6930289441500204
2022-03-04T01:45-07:00,0.6664853101197016
2022-03-04T02:00-07:00,0.69359445124439
2022-03-04T02:15-07:00,0.6662134602311415
2022-03-04T02:30-07:00,0.6933115823817292
2022-03-04T02:45-07:00,0.6667573819567351
2022-03-04T03:00-07:00,0.6667573819567351
2022-03-04T03:15-07:00,0.6796248470844032
2022-03-04T03:30-07:00,0.6927465362673186
2022-03-04T03:45-07:00,0.7067137809187342
2022-03-04T04:00-07:00,0.6401525469899148
2022-03-04T04:15-07:00,0.7221692328655067
2022-03-04T04:30-07:00,0.6686681222707486
2022-03-04T04:45-07:00,0.6964358869315854
2022-03-04T05:00-07:00,0.6821282401091343
2022-03-04T05:15-07:00,0.6818491749624921
2022-03-04T05:30-07:00,0.6799020940984436
2022-03-04T05:45-07:00,0.6810133478616118
2022-03-04T06:00-07:00,0.6810133478616118
2022-03-04T06:15-07:00,0.6546644844517185
2022-03-04T06:30-07:00,0.6689419795221906
2022-03-04T06:45-07:00,0.6815703380588815
2022-03-04T07:00-07:00,0.6824075337791666
2022-03-04T07:15-07:00,0.6519967400162999
2022-03-04T07:30-07:00,0.6952965235173824
2022-03-04T07:45-07:00,0.6938775510204082
2022-03-04T08:00-07:00,0.6782419967444322
2022-03-04T08:15-07:00,0.6810133478616118
2022-03-04T08:30-07:00,0.6522625356706074
2022-03-04T08:45-07:00,0.650142218610321
2022-03-04T09:00-07:00,0.6512006512006512
2022-03-04T09:15-07:00,0.6274723775746891
2022-03-04T09:30-07:00,0.6785181164337025
2022-03-04T09:45-07:00,0.6799020940984436
2022-03-04T10:00-07:00,0.6264469562849034
2022-03-04T10:15-07:00,0.5988023952095746
2022-03-04T10:30-07:00,0.597339125712728
2022-03-04T10:45-07:00,0.6238980062389863
2022-03-04T11:00-07:00,0.6274723775746891
2022-03-04T11:15-07:00,0.6290168193627849
2022-03-04T11:30-07:00,0.6150061500615006
2022-03-04T11:45-07:00,0.6160164271047228
2022-03-04T12:00-07:00,0.6441003151980204
2022-03-04T12:15-07:00,0.60150375939849
2022-03-04T12:30-07:00,0.6401525469899148
2022-03-04T12:45-07:00,0.6285011613608479
2022-03-04T13:00-07:00,0.6005186297256659
2022-03-04T13:15-07:00,0.5870307167235558
2022-03-04T13:30-07:00,0.5853525728287565
2022-03-04T13:45-07:00,0.6249150930580146
2022-03-04T14:00-07:00,0.5983138428066296
2022-03-04T14:15-07:00,0.6401525469899148
2022-03-04T14:30-07:00,0.5733005733005733
2022-03-04T14:45-07:00,0.5609522506498774
2022-03-04T15:00-07:00,0.6010107908755572
2022-03-04T15:15-07:00,0.5742411812961444
2022-03-04T15:30-07:00,0.5588876772082817
2022-03-04T15:45-07:00,0.5611825896523343
2022-03-04T16:00-07:00,0.5749486652977412
2022-03-04T16:15-07:00,0.5751848808545604
2022-03-04T16:30-07:00,0.6147540983606558
2022-03-04T16:45-07:00,0.6007646095029976
2022-03-04T17:00-07:00,0.6401525469899148
2022-03-04T17:15-07:00,0.5889604163813239
2022-03-04T17:30-07:00,0.6443652316972792
2022-03-04T17:45-07:00,0.6172839506172839
2022-03-04T18:00-07:00,0.658165364047717
2022-03-04T18:15-07:00,0.6409382244647421
2022-03-04T18:30-07:00,0.6686681222707486
2022-03-04T18:45-07:00,0.6409382244647421
2022-03-04T19:00-07:00,0.6552006552006552
2022-03-04T19:15-07:00,0.6807351940095241
2022-03-04T19:30-07:00,0.6807351940095241
2022-03-04T19:45-07:00,0.6812917291184023
2022-03-04T20:00-07:00,0.6804572672836083
2022-03-04T20:15-07:00,0.6804572672836083
2022-03-04T20:30-07:00,0.7224645583424147
2022-03-04T20:45-07:00,0.6950122649223222
2022-03-04T21:00-07:00,0.69416088199265
2022-03-04T21:15-07:00,0.6664853101197016
2022-03-04T21:30-07:00,0.6796248470844032
2022-03-04T21:45-07:00,0.6667573819567351
2022-03-04T22:00-07:00,0.677966101694909
2022-03-04T22:15-07:00,0.6560065600656007
2022-03-04T22:30-07:00,0.6812917291184023
2022-03-04T22:45-07:00,0.6807351940095241
2022-03-04T23:00-07:00,0.6930289441500204
2022-03-04T23:15-07:00,0.7061379684953891
2022-03-04T23:30-07:00,0.6659418320195768
2022-03-04T23:45-07:00,0.6787944610371918
2022-03-05T00:00-07:00,0.6801795674057889
2022-03-05T00:15-07:00,0.6653992395437325
2022-03-05T00:30-07:00,0.6653992395437325
2022-03-05T00:45-07:00,0.6924643584521385
2022-03-05T01:00-07:00,0.6512006512006512
2022-03-05T01:15-07:00,0.7058504140084221
2022-03-05T01:30-07:00,0.6653992395437325
2022-03-05T01:45-07:00,0.6815703380588815
2022-03-05T02:00-07:00,0.6546644844517185
2022-03-05T02:15-07:00,0.669490367536555
2022-03-05T02:30-07:00,0.6826870562534072
2022-03-05T02:45-07:00,0.6681210799018333
2022-03-05T03:00-07:00,0.6812917291184023
2022-03-05T03:15-07:00,0.6821282401091343
2022-03-05T03:30-07:00,0.6675749318801152
2022-03-05T03:45-07:00,0.7355946056395587
2022-03-05T04:00-07:00,0.6533278889342589
2022-03-05T04:15-07:00,0.6801795674057889
2022-03-05T04:30-07:00,0.6961506961506961
2022-03-05T04:45-07:00,0.6285011613608479
2022-03-05T05:00-07:00,0.6422519814156811
2022-03-05T05:15-07:00,0.6838074398249391
2022-03-05T05:30-07:00,0.69359445124439
2022-03-05T05:45-07:00,0.7487067791995706
2022-03-05T06:00-07:00,0.6675749318801152
2022-03-05T06:15-07:00,0.7087365408205051
2022-03-05T06:30-07:00,0.7630467366126112
2022-03-05T06:45-07:00,0.7081574288438031
2022-03-05T07:00-07:00,0.6793478260869503
2022-03-05T07:15-07:00,0.6950122649223222
2022-03-05T07:30-07:00,0.6933115823817292
2022-03-05T07:45-07:00,0.6919006919006919
2022-03-05T08:00-07:00,0.6913379422529483
2022-03-05T08:15-07:00,0.6637767542671424
2022-03-05T08:30-07:00,0.689375506893755
2022-03-05T08:45-07:00,0.6916192026037429
2022-03-05T09:00-07:00,0.6231373611487464
2022-03-05T09:15-07:00,0.6648575305291785
2022-03-05T09:30-07:00,0.6362528766752341
2022-03-05T09:45-07:00,0.6801795674057889
2022-03-05T10:00-07:00,0.6406761177753482
2022-03-05T10:15-07:00,0.64882400648824
2022-03-05T10:30-07:00,0.6477732793522267
2022-03-05T10:45-07:00,0.6367700853542818
2022-03-05T11:00-07:00,0.6117455138662317
2022-03-05T11:15-07:00,0.6391079684525366
2022-03-05T11:30-07:00,0.5980698654342741
2022-03-05T11:45-07:00,0.5970959424616575
2022-03-05T12:00-07:00,0.6246605105920757
2022-03-05T12:15-07:00,0.6512006512006512
2022-03-05T12:30-07:00,0.6246605105920757
2022-03-05T12:45-07:00,0.6223785685292986
2022-03-05T13:00-07:00,0.6124948958758677
2022-03-05T13:15-07:00,0.6401525469899148
2022-03-05T13:30-07:00,0.5997818974918149
2022-03-05T13:45-07:00,0.6117455138662317
2022-03-05T14:00-07:00,0.6251698831204193
2022-03-05T14:15-07:00,0.6391079684525366
2022-03-05T14:30-07:00,0.6000272739669923
2022-03-05T14:45-07:00,0.6409382244647421
2022-03-05T15:00-07:00,0.6274723775746891
2022-03-05T15:15-07:00,0.6404142253712978
2022-03-05T15:30-07:00,0.613747954173486
2022-03-05T15:45-07:00,0.6404142253712978
2022-03-05T16:00-07:00,0.6134969325153374
2022-03-05T16:15-07:00,0.6530612244897959
2022-03-05T16:30-07:00,0.6398910823689522
2022-03-05T16:45-07:00,0.6538618716796076
2022-03-05T17:00-07:00,0.6681210799018333
2022-03-05T17:15-07:00,0.6815703380588815
2022-03-05T17:30-07:00,0.6546644844517185
2022-03-05T17:45-07:00,0.6967213114754098
2022-03-05T18:00-07:00,0.7122312012053206
2022-03-05T18:15-07:00,0.6961506961506961
2022-03-05T18:30-07:00,0.6952965235173824
2022-03-05T18:45-07:00,0.6955810147299509
2022-03-05T19:00-07:00,0.7487067791995706
2022-03-05T19:15-07:00,0.7614903453902576
2022-03-05T19:30-07:00,0.7198152926796081
2022-03-05T19:45-07:00,0.6807351940095241
2022-03-05T20:00-07:00,0.6812917291184023
2022-03-05T20:15-07:00,0.6950122649223222
2022-03-05T20:30-07:00,0.6656704252139717
2022-03-05T20:45-07:00,0.6930289441500204
2022-03-05T21:00-07:00,0.7090264521407207
2022-03-05T21:15-07:00,0.6673021925643532
2022-03-05T21:30-07:00,0.6804572672836083
2022-03-05T21:45-07:00,0.6938775510204082
2022-03-05T22:00-07:00,0.6958657388456816
2022-03-05T22:15-07:00,0.7067137809187342
2022-03-05T22:30-07:00,0.6921824104234527
2022-03-05T22:45-07:00,0.6921824104234527
2022-03-05T23:00-07:00,0.6675749318801152
2022-03-05T23:15-07:00,0.6947282386595831
2022-03-05T23:30-07:00,0.6804572672836083
2022-03-05T23:45-07:00,0.7070020394289661
2022-03-06T00:00-07:00,0.6790710308298186
2022-03-06T00:15-07:00,0.6793478260869503
2022-03-06T00:30-07:00,0.69359445124439
2022-03-06T00:45-07:00,0.6933115823817292
2022-03-06T01:00-07:00,0.6810133478616118
2022-03-06T01:15-07:00,0.6667573819567351
2022-03-06T01:30-07:00,0.7067137809187342
2022-03-06T01:45-07:00,0.6972928630024611
2022-03-06T02:00-07:00,0.7064257573699287
2022-03-06T02:15-07:00,0.7192292034197251
2022-03-06T02:30-07:00,0.7189365165490985
2022-03-06T02:45-07:00,0.6776904310111079
2022-03-06T03:00-07:00,0.6914785438275372
2022-03-06T03:15-07:00,0.7052760070527663
2022-03-06T03:30-07:00,0.6913379422529483
2022-03-06T03:45-07:00,0.7047025342187351
2022-03-06T04:00-07:00,0.677966101694909
2022-03-06T04:15-07:00,0.7328990228013029
2022-03-06T04:30-07:00,0.6785181164337025
2022-03-06T04:45-07:00,0.7195221286994236
2022-03-06T05:00-07:00,0.7195221286994236
2022-03-06T05:15-07:00,0.6396298312465915
2022-03-06T05:30-07:00,0.6793478260869503
2022-03-06T05:45-07:00,0.6793478260869503
2022-03-06T06:00-07:00,0.7072905331882543
2022-03-06T06:15-07:00,0.7064257573699287
2022-03-06T06:30-07:00,0.7320048800325335
2022-03-06T06:45-07:00,0.7049891540130214
2022-03-06T07:00-07:00,0.6910569105691057
2022-03-06T07:15-07:00,0.7189365165490985
2022-03-06T07:30-07:00,0.7314099959366112
2022-03-06T07:45-07:00,0.7041299932295255
2022-03-06T08:00-07:00,0.6768647624204622
2022-03-06T08:15-07:00,0.6790710308298186
2022-03-06T08:30-07:00,0.6506710044733631
2022-03-06T08:45-07:00,0.650142218610321
2022-03-06T09:00-07:00,0.6490872210953347
2022-03-06T09:15-07:00,0.650142218610321
2022-03-06T09:30-07:00,0.6362528766752341
2022-03-06T09:45-07:00,0.6765899864681941
2022-03-06T10:00-07:00,0.6352209758075353
2022-03-06T10:15-07:00,0.6624307151547987
2022-03-06T10:30-07:00,0.6482982171799028
2022-03-06T10:45-07:00,0.6768647624204622
2022-03-06T11:00-07:00,0.6635071090047455
2022-03-06T11:15-07:00,0.6768647624204622
2022-03-06T11:30-07:00,0.6490872210953347
2022-03-06T11:45-07:00,0.689935064935065
2022-03-06T12:00-07:00,0.6763154335181867
2022-03-06T12:15-07:00,0.6765899864681941
2022-03-06T12:30-07:00,0.6493506493506493
2022-03-06T12:45-07:00,0.6365113759479895
2022-03-06T13:00-07:00,0.6085192697768763
2022-03-06T13:15-07:00,0.6085192697768763
2022-03-06T13:30-07:00,0.6904955320877335
2022-03-06T13:45-07:00,0.6375474769397659
2022-03-06T14:00-07:00,0.6246605105920757
2022-03-06T14:15-07:00,0.6238980062389863
2022-03-06T14:30-07:00,0.6236442516269043
2022-03-06T14:45-07:00,0.6246605105920757
2022-03-06T15:00-07:00,0.6519967400162999
2022-03-06T15:15-07:00,0.6244061354689895
2022-03-06T15:30-07:00,0.6406761177753482
2022-03-06T15:45-07:00,0.6401525469899148
2022-03-06T16:00-07:00,0.6119951040391677
2022-03-06T16:15-07:00,0.6285011613608479
2022-03-06T16:30-07:00,0.5870307167235558
2022-03-06T16:45-07:00,0.6546644844517185
2022-03-06T17:00-07:00,0.6565449322938038
2022-03-06T17:15-07:00,0.657354149548069
2022-03-06T17:30-07:00,0.65439672801636
2022-03-06T17:45-07:00,0.7233519858059171
2022-03-06T18:00-07:00,0.7536311318169424
2022-03-06T18:15-07:00,0.6961506961506961
2022-03-06T18:30-07:00,0.6832467887400867
2022-03-06T18:45-07:00,0.7508532423208254
2022-03-06T19:00-07:00,0.6826870562534072
2022-03-06T19:15-07:00,0.7386130488305294
2022-03-06T19:30-07:00,0.69416088199265
2022-03-06T19:45-07:00,0.6533278889342589
2022-03-06T20:00-07:00,0.6921824104234527
2022-03-06T20:15-07:00,0.6670296760141636
2022-03-06T20:30-07:00,0.734094616639478
2022-03-06T20:45-07:00,0.7195221286994236
2022-03-06T21:00-07:00,0.6787944610371918
2022-03-06T21:15-07:00,0.7328990228013029
2022-03-06T21:30-07:00,0.7599402904057476
2022-03-06T21:45-07:00,0.7326007326007326
2022-03-06T22:00-07:00,0.6793478260869503
2022-03-06T22:15-07:00,0.7055630936228013
2022-03-06T22:30-07:00,0.7087365408205051
2022-03-06T22:45-07:00,0.6538618716796076
2022-03-06T23:00-07:00,0.6653992395437325
2022-03-06T23:15-07:00,0.7064257573699287
2022-03-06T23:30-07:00,0.7078682276068671
2022-03-06T23:45-07:00,0.7070020394289661
2022-03-07T00:00-07:00,0.6675749318801152
2022-03-07T00:15-07:00,0.6952965235173824
2022-03-07T00:30-07:00,0.7218741487333089
2022-03-07T00:45-07:00,0.6404142253712978
2022-03-07T01:00-07:00,0.6667573819567351
2022-03-07T01:15-07:00,0.6799020940984436
2022-03-07T01:30-07:00,0.6972928630024611
2022-03-07T01:45-07:00,0.682966807813134
2022-03-07T02:00-07:00,0.6664853101197016
2022-03-07T02:15-07:00,0.6810133478616118
2022-03-07T02:30-07:00,0.6810133478616118
2022-03-07T02:45-07:00,0.7087365408205051
2022-03-07T03:00-07:00,0.7087365408205051
2022-03-07T03:15-07:00,0.6824075337791666
2022-03-07T03:30-07:00,0.7107709130672561
2022-03-07T03:45-07:00,0.6425153793574784
2022-03-07T04:00-07:00,0.6686681222707486
2022-03-07T04:15-07:00,0.6824075337791666
2022-03-07T04:30-07:00,0.6972928630024611
2022-03-07T04:45-07:00,0.6568144499178982
2022-03-07T05:00-07:00,0.7067137809187342
2022-03-07T05:15-07:00,0.69416088199265
2022-03-07T05:30-07:00,0.6643167028199628
2022-03-07T05:45-07:00,0.7456616052060799
2022-03-07T06:00-07:00,0.6785181164337025
2022-03-07T06:15-07:00,0.6664853101197016
2022-03-07T06:30-07:00,0.7072905331882543
2022-03-07T06:45-07:00,0.7081574288438031
2022-03-07T07:00-07:00,0.7183518568717747
2022-03-07T07:15-07:00,0.7047025342187351
2022-03-07T07:30-07:00,0.6907761072734661
2022-03-07T07:45-07:00,0.6815703380588815
2022-03-07T08:00-07:00,0.7206962197443506
2022-03-07T08:15-07:00,0.6670296760141636
2022-03-07T08:30-07:00,0.6398910823689522
2022-03-07T08:45-07:00,0.6249150930580146
2022-03-07T09:00-07:00,0.718644067796604
2022-03-07T09:15-07:00,0.6512006512006512
2022-03-07T09:30-07:00,0.637029005150441
2022-03-07T09:45-07:00,0.6493506493506493
2022-03-07T10:00-07:00,0.650142218610321
2022-03-07T10:15-07:00,0.6517311608961304
2022-03-07T10:30-07:00,0.6380667933749599
2022-03-07T10:45-07:00,0.6375474769397659
2022-03-07T11:00-07:00,0.6375474769397659
2022-03-07T11:15-07:00,0.6637767542671424
2022-03-07T11:30-07:00,0.6244061354689895
2022-03-07T11:45-07:00,0.6107491856677525
2022-03-07T12:00-07:00,0.6512006512006512
2022-03-07T12:15-07:00,0.6653992395437325
2022-03-07T12:30-07:00,0.6517311608961304
2022-03-07T12:45-07:00,0.625424881033317
2022-03-07T13:00-07:00,0.6124948958758677
2022-03-07T13:15-07:00,0.6256800870511487
2022-03-07T13:30-07:00,0.6810133478616118
2022-03-07T13:45-07:00,0.6810133478616118
2022-03-07T14:00-07:00,0.5990469707283804
2022-03-07T14:15-07:00,0.6127450980392157
2022-03-07T14:30-07:00,0.6261911244214601
2022-03-07T14:45-07:00,0.6406761177753482
2022-03-07T15:00-07:00,0.6409382244647421
2022-03-07T15:15-07:00,0.6279863481228731
2022-03-07T15:30-07:00,0.6425153793574784
2022-03-07T15:45-07:00,0.6417258328782024
2022-03-07T16:00-07:00,0.669490367536555
2022-03-07T16:15-07:00,0.6955810147299509
2022-03-07T16:30-07:00,0.6958657388456816
2022-03-07T16:45-07:00,0.6804572672836083
2022-03-07T17:00-07:00,0.6568144499178982
2022-03-07T17:15-07:00,0.6984387838948234
2022-03-07T17:30-07:00,0.6711409395973217
2022-03-07T17:45-07:00,0.6987258528565556
2022-03-07T18:00-07:00,0.6990131578947368
2022-03-07T18:15-07:00,0.7004532344458179
2022-03-07T18:30-07:00,0.7084468664850199
2022-03-07T18:45-07:00,0.7487067791995706
2022-03-07T19:00-07:00,0.6725226461707446
2022-03-07T19:15-07:00,0.7505458515283905
2022-03-07T19:30-07:00,0.7230559345156827
2022-03-07T19:45-07:00,0.7502387123175618
2022-03-07T20:00-07:00,0.7230559345156827
2022-03-07T20:15-07:00,0.7084468664850199
2022-03-07T20:30-07:00,0.7355946056395587
2022-03-07T20:45-07:00,0.7090264521407207
2022-03-07T21:00-07:00,0.7377049180327869
2022-03-07T21:15-07:00,0.6961506961506961
2022-03-07T21:30-07:00,0.7096069868995696
2022-03-07T21:45-07:00,0.7093166007366043
2022-03-07T22:00-07:00,0.7649228247507108
2022-03-07T22:15-07:00,0.7783695206882425
2022-03-07T22:30-07:00,0.7230559345156827
2022-03-07T22:45-07:00,0.7090264521407207
2022-03-07T23:00-07:00,0.7067137809187342
2022-03-07T23:15-07:00,0.6659418320195768
2022-03-07T23:30-07:00,0.6807351940095241
2022-03-07T23:45-07:00,0.6810133478616118
2022-03-08T00:00-07:00,0.6793478260869503
2022-03-08T00:15-07:00,0.7242415960644922
2022-03-08T00:30-07:00,0.710188473094789
2022-03-08T00:45-07:00,0.7233519858059171
2022-03-08T01:00-07:00,0.6955810147299509
2022-03-08T01:15-07:00,0.6821282401091343
2022-03-08T01:30-07:00,0.7227601254602419
2022-03-08T01:45-07:00,0.6692160611854747
2022-03-08T02:00-07:00,0.6821282401091343
2022-03-08T02:15-07:00,0.6683944891556467
2022-03-08T02:30-07:00,0.6815703380588815
2022-03-08T02:45-07:00,0.6681210799018333
2022-03-08T03:00-07:00,0.65439672801636
2022-03-08T03:15-07:00,0.6549324600900532
2022-03-08T03:30-07:00,0.6689419795221906
2022-03-08T03:45-07:00,0.6285011613608479
2022-03-08T04:00-07:00,0.6565449322938038
2022-03-08T04:15-07:00,0.7209903414501366
2022-03-08T04:30-07:00,0.69416088199265
2022-03-08T04:45-07:00,0.707579262484698
2022-03-08T05:00-07:00,0.7093166007366043
2022-03-08T05:15-07:00,0.723648279628612
2022-03-08T05:30-07:00,0.7096069868995696
2022-03-08T05:45-07:00,0.6950122649223222
2022-03-08T06:00-07:00,0.7055630936228013
2022-03-08T06:15-07:00,0.6810133478616118
2022-03-08T06:30-07:00,0.6799020940984436
2022-03-08T06:45-07:00,0.7078682276068671
2022-03-08T07:00-07:00,0.6667573819567351
2022-03-08T07:15-07:00,0.667847894234707
2022-03-08T07:30-07:00,0.7090264521407207
2022-03-08T07:45-07:00,0.6681210799018333
2022-03-08T08:00-07:00,0.7206962197443506
2022-03-08T08:15-07:00,0.677966101694909
2022-03-08T08:30-07:00,0.6512006512006512
2022-03-08T08:45-07:00,0.6919006919006919
2022-03-08T09:00-07:00,0.7052760070527663
2022-03-08T09:15-07:00,0.7061379684953891
2022-03-08T09:30-07:00,0.6519967400162999
2022-03-08T09:45-07:00,0.677966101694909
2022-03-08T10:00-07:00,0.6782419967444322
2022-03-08T10:15-07:00,0.7052760070527663
2022-03-08T10:30-07:00,0.6785181164337025
2022-03-08T10:45-07:00,0.6512006512006512
2022-03-08T11:00-07:00,0.650142218610321
2022-03-08T11:15-07:00,0.6504065040650406
2022-03-08T11:30-07:00,0.677966101694909
2022-03-08T11:45-07:00,0.677966101694909
2022-03-08T12:00-07:00,0.6504065040650406
2022-03-08T12:15-07:00,0.6637767542671424
2022-03-08T12:30-07:00,0.6514657980456026
2022-03-08T12:45-07:00,0.6391079684525366
2022-03-08T13:00-07:00,0.5983138428066296
2022-03-08T13:15-07:00,0.6267029972752106
2022-03-08T13:30-07:00,0.6398910823689522
2022-03-08T13:45-07:00,0.6292749658002799
2022-03-08T14:00-07:00,0.5851136209008091
2022-03-08T14:15-07:00,0.7084468664850199
2022-03-08T14:30-07:00,0.6549324600900532
2022-03-08T14:45-07:00,0.6815703380588815
2022-03-08T15:00-07:00,0.6519967400162999
2022-03-08T15:15-07:00,0.6799020940984436
2022-03-08T15:30-07:00,0.6667573819567351
2022-03-08T15:45-07:00,0.6546644844517185
2022-03-08T16:00-07:00,0.6565449322938038
2022-03-08T16:15-07:00,0.6287588846364196
2022-03-08T16:30-07:00,0.6152584085315833
2022-03-08T16:45-07:00,0.5990469707283804
2022-03-08T17:00-07:00,0.6287588846364196
2022-03-08T17:15-07:00,0.6419887993443456
2022-03-08T17:30-07:00,0.710479573712262
2022-03-08T17:45-07:00,0.6570841889117043
2022-03-08T18:00-07:00,0.6970069700697007
2022-03-08T18:15-07:00,0.6967213114754098
2022-03-08T18:30-07:00,0.6285011613608479
2022-03-08T18:45-07:00,0.6826870562534072
2022-03-08T19:00-07:00,0.7377049180327869
2022-03-08T19:15-07:00,0.7093166007366043
2022-03-08T19:30-07:00,0.6958657388456816
2022-03-08T19:45-07:00,0.6952965235173824
2022-03-08T20:00-07:00,0.7084468664850199
2022-03-08T20:15-07:00,0.723648279628612
2022-03-08T20:30-07:00,0.6826870562534072
2022-03-08T20:45-07:00,0.6815703380588815
2022-03-08T21:00-07:00,0.6541291905151267
2022-03-08T21:15-07:00,0.6683944891556467
2022-03-08T21:30-07:00,0.6406761177753482
2022-03-08T21:45-07:00,0.6549324600900532
2022-03-08T22:00-07:00,0.6812917291184023
2022-03-08T22:15-07:00,0.6664853101197016
2022-03-08T22:30-07:00,0.6944444444444444
2022-03-08T22:45-07:00,0.6251698831204193
2022-03-08T23:00-07:00,0.6782419967444322
2022-03-08T23:15-07:00,0.6796248470844032
2022-03-08T23:30-07:00,0.6659418320195768
2022-03-08T23:45-07:00,0.6919006919006919
2022-03-09T00:00-07:00,0.6670296760141636
2022-03-09T00:15-07:00,0.6692160611854747
2022-03-09T00:30-07:00,0.6824075337791666
2022-03-09T00:45-07:00,0.6683944891556467
2022-03-09T01:00-07:00,0.6681210799018333
2022-03-09T01:15-07:00,0.6673021925643532
2022-03-09T01:30-07:00,0.6933115823817292
2022-03-09T01:45-07:00,0.6793478260869503
2022-03-09T02:00-07:00,0.6662134602311415
2022-03-09T02:15-07:00,0.6662134602311415
2022-03-09T02:30-07:00,0.69359445124439
2022-03-09T02:45-07:00,0.6659418320195768
2022-03-09T03:00-07:00,0.6656704252139717
2022-03-09T03:15-07:00,0.6251698831204193
2022-03-09T03:30-07:00,0.6388473562593386
2022-03-09T03:45-07:00,0.6525285481239804
2022-03-09T04:00-07:00,0.6812917291184023
2022-03-09T04:15-07:00,0.6409382244647421
2022-03-09T04:30-07:00,0.6417258328782024
2022-03-09T04:45-07:00,0.6433068710648719
2022-03-09T05:00-07:00,0.6790710308298186
2022-03-09T05:15-07:00,0.6689419795221906
2022-03-09T05:30-07:00,0.6815703380588815
2022-03-09T05:45-07:00,0.6824075337791666
2022-03-09T06:00-07:00,0.6538618716796076
2022-03-09T06:15-07:00,0.6673021925643532
2022-03-09T06:30-07:00,0.69359445124439
2022-03-09T06:45-07:00,0.667847894234707
2022-03-09T07:00-07:00,0.6662134602311415
2022-03-09T07:15-07:00,0.6391079684525366
2022-03-09T07:30-07:00,0.6393687933614411
2022-03-09T07:45-07:00,0.6656704252139717
2022-03-09T08:00-07:00,0.6525285481239804
2022-03-09T08:15-07:00,0.6927465362673186
2022-03-09T08:30-07:00,0.7029876977152961
2022-03-09T08:45-07:00,0.6643167028199628
2022-03-09T09:00-07:00,0.6378070294476801
2022-03-09T09:15-07:00,0.6519967400162999
2022-03-09T09:30-07:00,0.6249150930580146
2022-03-09T09:45-07:00,0.6653992395437325
2022-03-09T10:00-07:00,0.6249150930580146
2022-03-09T10:15-07:00,0.6114961271911945
2022-03-09T10:30-07:00,0.5841597609020576
2022-03-09T10:45-07:00,0.597339125712728
2022-03-09T11:00-07:00,0.5978260869565155
2022-03-09T11:15-07:00,0.6114961271911945
2022-03-09T11:30-07:00,0.6127450980392157
2022-03-09T11:45-07:00,0.6261911244214601
2022-03-09T12:00-07:00,0.5721291377196567
2022-03-09T12:15-07:00,0.5575197171607227
2022-03-09T12:30-07:00,0.6256800870511487
2022-03-09T12:45-07:00,0.5988023952095746
2022-03-09T13:00-07:00,0.5978260869565155
2022-03-09T13:15-07:00,0.6119951040391677
2022-03-09T13:30-07:00,0.6259355014287721
2022-03-09T13:45-07:00,0.6124948958758677
2022-03-09T14:00-07:00,0.5992917461182177
2022-03-09T14:15-07:00,0.6000272739669923
2022-03-09T14:30-07:00,0.6134969325153374
2022-03-09T14:45-07:00,0.5858310626703059
2022-03-09T15:00-07:00,0.6269592476489091
2022-03-09T15:15-07:00,0.6147540983606558
2022-03-09T15:30-07:00,0.6147540983606558
2022-03-09T15:45-07:00,0.5877528704210013
2022-03-09T16:00-07:00,0.6259355014287721
2022-03-09T16:15-07:00,0.6705898453537766
2022-03-09T16:30-07:00,0.6840881105486324
2022-03-09T16:45-07:00,0.669490367536555
2022-03-09T17:00-07:00,0.6849315068493088
2022-03-09T17:15-07:00,0.6854949273375315
2022-03-09T17:30-07:00,0.6716929403701228
2022-03-09T17:45-07:00,0.6430428239157141
2022-03-09T18:00-07:00,0.6961506961506961
2022-03-09T18:15-07:00,0.7266246229777836
2022-03-09T18:30-07:00,0.6854949273375315
2022-03-09T18:45-07:00,0.7260273972602677
2022-03-09T19:00-07:00,0.7358953393295176
2022-03-09T19:15-07:00,0.6947282386595831
2022-03-09T19:30-07:00,0.7070020394289661
2022-03-09T19:45-07:00,0.7195221286994236
2022-03-09T20:00-07:00,0.7468766974470459
2022-03-09T20:15-07:00,0.7621121393576421
2022-03-09T20:30-07:00,0.7090264521407207
2022-03-09T20:45-07:00,0.7215793056500959
2022-03-09T21:00-07:00,0.7084468664850199
2022-03-09T21:15-07:00,0.7072905331882543
2022-03-09T21:30-07:00,0.7198152926796081
2022-03-09T21:45-07:00,0.6930289441500204
2022-03-09T22:00-07:00,0.7349938750510412
2022-03-09T22:15-07:00,0.7067137809187342
2022-03-09T22:30-07:00,0.7209903414501366
2022-03-09T22:45-07:00,0.7198152926796081
2022-03-09T23:00-07:00,0.69416088199265
2022-03-09T23:15-07:00,0.7087365408205051
2022-03-09T23:30-07:00,0.6815703380588815
2022-03-09T23:45-07:00,0.6535947712418301
2022-03-10T00:00-07:00,0.69416088199265
2022-03-10T00:15-07:00,0.6933115823817292
2022-03-10T00:30-07:00,0.707579262484698
2022-03-10T00:45-07:00,0.7070020394289661
2022-03-10T01:00-07:00,0.7201086956521677
2022-03-10T01:15-07:00,0.7331975560081466
2022-03-10T01:30-07:00,0.6950122649223222
2022-03-10T01:45-07:00,0.6810133478616118
2022-03-10T02:00-07:00,0.69359445124439
2022-03-10T02:15-07:00,0.69359445124439
2022-03-10T02:30-07:00,0.6799020940984436
2022-03-10T02:45-07:00,0.6930289441500204
2022-03-10T03:00-07:00,0.7337953526294333
2022-03-10T03:15-07:00,0.6793478260869503
2022-03-10T03:30-07:00,0.7204023379094677
2022-03-10T03:45-07:00,0.7070020394289661
2022-03-10T04:00-07:00,0.7084468664850199
2022-03-10T04:15-07:00,0.6835269993164668
2022-03-10T04:30-07:00,0.6952965235173824
2022-03-10T04:45-07:00,0.6824075337791666
2022-03-10T05:00-07:00,0.6565449322938038
2022-03-10T05:15-07:00,0.6801795674057889
2022-03-10T05:30-07:00,0.6958657388456816
2022-03-10T05:45-07:00,0.6972928630024611
2022-03-10T06:00-07:00,0.6950122649223222
2022-03-10T06:15-07:00,0.707579262484698
2022-03-10T06:30-07:00,0.6787944610371918
2022-03-10T06:45-07:00,0.6799020940984436
2022-03-10T07:00-07:00,0.6549324600900532
2022-03-10T07:15-07:00,0.6514657980456026
2022-03-10T07:30-07:00,0.6656704252139717
2022-03-10T07:45-07:00,0.638326768980029
2022-03-10T08:00-07:00,0.638326768980029
2022-03-10T08:15-07:00,0.69359445124439
2022-03-10T08:30-07:00,0.6659418320195768
2022-03-10T08:45-07:00,0.6372881355932142
2022-03-10T09:00-07:00,0.6251698831204193
2022-03-10T09:15-07:00,0.6244061354689895
2022-03-10T09:30-07:00,0.583446404341933
2022-03-10T09:45-07:00,0.6236442516269043
2022-03-10T10:00-07:00,0.5698005698005698
2022-03-10T10:15-07:00,0.6372881355932142
2022-03-10T10:30-07:00,0.638326768980029
2022-03-10T10:45-07:00,0.6790710308298186
2022-03-10T11:00-07:00,0.6249150930580146
2022-03-10T11:15-07:00,0.6391079684525366
2022-03-10T11:30-07:00,0.6385869565217329
2022-03-10T11:45-07:00,0.6256800870511487
2022-03-10T12:00-07:00,0.6119951040391677
2022-03-10T12:15-07:00,0.6264469562849034
2022-03-10T12:30-07:00,0.6651282747387058
2022-03-10T12:45-07:00,0.657354149548069
2022-03-10T13:00-07:00,0.5990469707283804
2022-03-10T13:15-07:00,0.6686681222707486
2022-03-10T13:30-07:00,0.65439672801636
2022-03-10T13:45-07:00,0.5853525728287565
2022-03-10T14:00-07:00,0.6393687933614411
2022-03-10T14:15-07:00,0.5966101694915192
2022-03-10T14:30-07:00,0.6785181164337025
2022-03-10T14:45-07:00,0.6640466187830392
2022-03-10T15:00-07:00,0.6776904310111079
2022-03-10T15:15-07:00,0.6648575305291785
2022-03-10T15:30-07:00,0.6251698831204193
2022-03-10T15:45-07:00,0.6150061500615006
2022-03-10T16:00-07:00,0.6562756357670222
2022-03-10T16:15-07:00,0.629791894852142
2022-03-10T16:30-07:00,0.6815703380588815
2022-03-10T16:45-07:00,0.6422519814156811
2022-03-10T17:00-07:00,0.6414630817524163
2022-03-10T17:15-07:00,0.6995884773662552
2022-03-10T17:30-07:00,0.6406761177753482
2022-03-10T17:45-07:00,0.6576243321002877
2022-03-10T18:00-07:00,0.6292749658002799
2022-03-10T18:15-07:00,0.6975789905621665
2022-03-10T18:30-07:00,0.6975789905621665
2022-03-10T18:45-07:00,0.6846501437765239
2022-03-10T19:00-07:00,0.6832467887400867
2022-03-10T19:15-07:00,0.6964358869315854
2022-03-10T19:30-07:00,0.6689419795221906
2022-03-10T19:45-07:00,0.7499318243796081
2022-03-10T20:00-07:00,0.6952965235173824
2022-03-10T20:15-07:00,0.6961506961506961
2022-03-10T20:30-07:00,0.7096069868995696
2022-03-10T20:45-07:00,0.7084468664850199
2022-03-10T21:00-07:00,0.7110624914535821
2022-03-10T21:15-07:00,0.6821282401091343
2022-03-10T21:30-07:00,0.6955810147299509
2022-03-10T21:45-07:00,0.7096069868995696
2022-03-10T22:00-07:00,0.6947282386595831
2022-03-10T22:15-07:00,0.6812917291184023
2022-03-10T22:30-07:00,0.7090264521407207
2022-03-10T22:45-07:00,0.6947282386595831
2022-03-10T23:00-07:00,0.7233519858059171
2022-03-10T23:15-07:00,0.7215793056500959
2022-03-10T23:30-07:00,0.7346938775510204
2022-03-10T23:45-07:00,0.7064257573699287
2022-03-11T00:00-07:00,0.6944444444444444
2022-03-11T00:15-07:00,0.6944444444444444
2022-03-11T00:30-07:00,0.737402703809914
2022-03-11T00:45-07:00,0.6549324600900532
2022-03-11T01:00-07:00,0.6560065600656007
2022-03-11T01:15-07:00,0.6967213114754098
2022-03-11T01:30-07:00,0.6961506961506961
2022-03-11T01:45-07:00,0.7361963190184049
2022-03-11T02:00-07:00,0.6818491749624921
2022-03-11T02:15-07:00,0.6683944891556467
2022-03-11T02:30-07:00,0.6815703380588815
2022-03-11T02:45-07:00,0.7093166007366043
2022-03-11T03:00-07:00,0.6412005457025859
2022-03-11T03:15-07:00,0.6287588846364196
2022-03-11T03:30-07:00,0.6675749318801152
2022-03-11T03:45-07:00,0.7087365408205051
2022-03-11T04:00-07:00,0.7107709130672561
2022-03-11T04:15-07:00,0.6824075337791666
2022-03-11T04:30-07:00,0.6560065600656007
2022-03-11T04:45-07:00,0.6944444444444444
2022-03-11T05:00-07:00,0.6404142253712978
2022-03-11T05:15-07:00,0.6961506961506961
2022-03-11T05:30-07:00,0.6689419795221906
2022-03-11T05:45-07:00,0.6681210799018333
2022-03-11T06:00-07:00,0.6667573819567351
2022-03-11T06:15-07:00,0.6944444444444444
2022-03-11T06:30-07:00,0.6546644844517185
2022-03-11T06:45-07:00,0.6541291905151267
2022-03-11T07:00-07:00,0.6673021925643532
2022-03-11T07:15-07:00,0.6396298312465915
2022-03-11T07:30-07:00,0.6129955046996322
2022-03-11T07:45-07:00,0.6406761177753482
2022-03-11T08:00-07:00,0.6662134602311415
2022-03-11T08:15-07:00,0.682966807813134
2022-03-11T08:30-07:00,0.69359445124439
2022-03-11T08:45-07:00,0.6785181164337025
2022-03-11T09:00-07:00,0.6514657980456026
2022-03-11T09:15-07:00,0.7195221286994236
2022-03-11T09:30-07:00,0.6517311608961304
2022-03-11T09:45-07:00,0.6653992395437325
2022-03-11T10:00-07:00,0.6910569105691057
2022-03-11T10:15-07:00,0.6238980062389863
2022-03-11T10:30-07:00,0.6787944610371918
2022-03-11T10:45-07:00,0.5975825071302396
2022-03-11T11:00-07:00,0.6519967400162999
2022-03-11T11:15-07:00,0.5975825071302396
2022-03-11T11:30-07:00,0.6378070294476801
2022-03-11T11:45-07:00,0.6114961271911945
2022-03-11T12:00-07:00,0.6653992395437325
2022-03-11T12:15-07:00,0.6924643584521385
2022-03-11T12:30-07:00,0.6517311608961304
2022-03-11T12:45-07:00,0.6398910823689522
2022-03-11T13:00-07:00,0.6127450980392157
2022-03-11T13:15-07:00,0.6673021925643532
2022-03-11T13:30-07:00,0.6277292576419277
2022-03-11T13:45-07:00,0.6546644844517185
2022-03-11T14:00-07:00,0.5995367216241932
2022-03-11T14:15-07:00,0.6010107908755572
2022-03-11T14:30-07:00,0.6287588846364196
2022-03-11T14:45-07:00,0.5877528704210013
2022-03-11T15:00-07:00,0.5742411812961444
2022-03-11T15:15-07:00,0.6417258328782024
2022-03-11T15:30-07:00,0.6560065600656007
2022-03-11T15:45-07:00,0.6285011613608479
2022-03-11T16:00-07:00,0.6576243321002877
2022-03-11T16:15-07:00,0.6570841889117043
2022-03-11T16:30-07:00,0.6422519814156811
2022-03-11T16:45-07:00,0.6692160611854747
2022-03-11T17:00-07:00,0.6975789905621665
2022-03-11T17:15-07:00,0.6711409395973217
2022-03-11T17:30-07:00,0.682966807813134
2022-03-11T17:45-07:00,0.6305688827964422
2022-03-11T18:00-07:00,0.6733544042874874
2022-03-11T18:15-07:00,0.6832467887400867
2022-03-11T18:30-07:00,0.6681210799018333
2022-03-11T18:45-07:00,0.6952965235173824
2022-03-11T19:00-07:00,0.6799020940984436
2022-03-11T19:15-07:00,0.6683944891556467
2022-03-11T19:30-07:00,0.711646366497885
2022-03-11T19:45-07:00,0.6964358869315854
2022-03-11T20:00-07:00,0.6958657388456816
2022-03-11T20:15-07:00,0.667847894234707
2022-03-11T20:30-07:00,0.7098976109215079
2022-03-11T20:45-07:00,0.7239448162819224
2022-03-11T21:00-07:00,0.6546644844517185
2022-03-11T21:15-07:00,0.6686681222707486
2022-03-11T21:30-07:00,0.6821282401091343
2022-03-11T21:45-07:00,0.723648279628612
2022-03-11T22:00-07:00,0.682966807813134
2022-03-11T22:15-07:00,0.6958657388456816
2022-03-11T22:30-07:00,0.7098976109215079
2022-03-11T22:45-07:00,0.7221692328655067
2022-03-11T23:00-07:00,0.6804572672836083
2022-03-11T23:15-07:00,0.7061379684953891
2022-03-11T23:30-07:00,0.6947282386595831
2022-03-11T23:45-07:00,0.6804572672836083
2022-03-12T00:00-07:00,0.6517311608961304
2022-03-12T00:15-07:00,0.6670296760141636
2022-03-12T00:30-07:00,0.7367990176013098
2022-03-12T00:45-07:00,0.6955810147299509
2022-03-12T01:00-07:00,0.6938775510204082
2022-03-12T01:15-07:00,0.6810133478616118
2022-03-12T01:30-07:00,0.7081574288438031
2022-03-12T01:45-07:00,0.69416088199265
2022-03-12T02:00-07:00,0.6930289441500204
2022-03-12T02:15-07:00,0.6782419967444322
2022-03-12T02:30-07:00,0.7505458515283905
2022-03-12T02:45-07:00,0.6560065600656007
2022-03-12T03:00-07:00,0.6967213114754098
2022-03-12T03:15-07:00,0.6554690700532568
2022-03-12T03:30-07:00,0.6964358869315854
2022-03-12T03:45-07:00,0.6961506961506961
2022-03-12T04:00-07:00,0.6565449322938038
2022-03-12T04:15-07:00,0.6681210799018333
2022-03-12T04:30-07:00,0.710479573712262
2022-03-12T04:45-07:00,0.6838074398249391
2022-03-12T05:00-07:00,0.6554690700532568
2022-03-12T05:15-07:00,0.7233519858059171
2022-03-12T05:30-07:00,0.6950122649223222
2022-03-12T05:45-07:00,0.6549324600900532
2022-03-12T06:00-07:00,0.7087365408205051
2022-03-12T06:15-07:00,0.6656704252139717
2022-03-12T06:30-07:00,0.6921824104234527
2022-03-12T06:45-07:00,0.6790710308298186
2022-03-12T07:00-07:00,0.6790710308298186
2022-03-12T07:15-07:00,0.6662134602311415
2022-03-12T07:30-07:00,0.6527947776417788
2022-03-12T07:45-07:00,0.6796248470844032
2022-03-12T08:00-07:00,0.7171853856562861
2022-03-12T08:15-07:00,0.6538618716796076
2022-03-12T08:30-07:00,0.7189365165490985
2022-03-12T08:45-07:00,0.6916192026037429
2022-03-12T09:00-07:00,0.6645870066458762
2022-03-12T09:15-07:00,0.6244061354689895
2022-03-12T09:30-07:00,0.6656704252139717
2022-03-12T09:45-07:00,0.6509357200976403
2022-03-12T10:00-07:00,0.6653992395437325
2022-03-12T10:15-07:00,0.6527947776417788
2022-03-12T10:30-07:00,0.6670296760141636
2022-03-12T10:45-07:00,0.6264469562849034
2022-03-12T11:00-07:00,0.6504065040650406
2022-03-12T11:15-07:00,0.6776904310111079
2022-03-12T11:30-07:00,0.677966101694909
2022-03-12T11:45-07:00,0.6365113759479895
2022-03-12T12:00-07:00,0.6530612244897959
2022-03-12T12:15-07:00,0.6535947712418301
2022-03-12T12:30-07:00,0.6372881355932142
2022-03-12T12:45-07:00,0.6651282747387058
2022-03-12T13:00-07:00,0.638326768980029
2022-03-12T13:15-07:00,0.6378070294476801
2022-03-12T13:30-07:00,0.6112469437652812
2022-03-12T13:45-07:00,0.6244061354689895
2022-03-12T14:00-07:00,0.6112469437652812
2022-03-12T14:15-07:00,0.6388473562593386
2022-03-12T14:30-07:00,0.6522625356706074
2022-03-12T14:45-07:00,0.638326768980029
2022-03-12T15:00-07:00,0.6114961271911945
2022-03-12T15:15-07:00,0.6102522375915378
2022-03-12T15:30-07:00,0.597339125712728
2022-03-12T15:45-07:00,0.6401525469899148
2022-03-12T16:00-07:00,0.613747954173486
2022-03-12T16:15-07:00,0.586070601063111
2022-03-12T16:30-07:00,0.6697648988518379
2022-03-12T16:45-07:00,0.5879939833173863
2022-03-12T17:00-07:00,0.629791894852142
2022-03-12T17:15-07:00,0.6433068710648719
2022-03-12T17:30-07:00,0.6958657388456816
2022-03-12T17:45-07:00,0.6419887993443456
2022-03-12T18:00-07:00,0.6700396554081834
2022-03-12T18:15-07:00,0.6576243321002877
2022-03-12T18:30-07:00,0.7078682276068671
2022-03-12T18:45-07:00,0.7072905331882543
2022-03-12T19:00-07:00,0.6944444444444444
2022-03-12T19:15-07:00,0.7110624914535821
2022-03-12T19:30-07:00,0.6972928630024611
2022-03-12T19:45-07:00,0.6692160611854747
2022-03-12T20:00-07:00,0.6675749318801152
2022-03-12T20:15-07:00,0.669490367536555
2022-03-12T20:30-07:00,0.7201086956521677
2022-03-12T20:45-07:00,0.6673021925643532
2022-03-12T21:00-07:00,0.6838074398249391
2022-03-12T21:15-07:00,0.6560065600656007
2022-03-12T21:30-07:00,0.6961506961506961
2022-03-12T21:45-07:00,0.6824075337791666
2022-03-12T22:00-07:00,0.6955810147299509
2022-03-12T22:15-07:00,0.6799020940984436
2022-03-12T22:30-07:00,0.6790710308298186
2022-03-12T22:45-07:00,0.6812917291184023
2022-03-12T23:00-07:00,0.7081574288438031
2022-03-12T23:15-07:00,0.7352941176470589
2022-03-12T23:30-07:00,0.6933115823817292
2022-03-12T23:45-07:00,0.6659418320195768
2022-03-13T00:00-07:00,0.6509357200976403
2022-03-13T00:15-07:00,0.6552006552006552
2022-03-13T00:30-07:00,0.6538618716796076
2022-03-13T00:45-07:00,0.6396298312465915
2022-03-13T01:00-07:00,0.6533278889342589
2022-03-13T01:15-07:00,0.6122448979591837
2022-03-13T01:30-07:00,0.6538618716796076
2022-03-13T01:45-07:00,0.6261911244214601
2022-03-13T02:00-07:00,-0.0
2022-03-13T02:15-07:00,-0.0
2022-03-13T02:30-07:00,-0.0
2022-03-13T02:45-07:00,-0.0
2022-03-13T03:00-07:00,-0.0
2022-03-13T03:15-07:00,0.6549324600900532
2022-03-13T03:30-07:00,0.6404142253712978
2022-03-13T03:45-07:00,0.6127450980392157
2022-03-13T04:00-07:00,0.6675749318801152
2022-03-13T04:15-07:00,0.6404142253712978
2022-03-13T04:30-07:00,0.6406761177753482
2022-03-13T04:45-07:00,0.6541291905151267
2022-03-13T05:00-07:00,0.6535947712418301
2022-03-13T05:15-07:00,0.6404142253712978
2022-03-13T05:30-07:00,0.6801795674057889
2022-03-13T05:45-07:00,0.6522625356706074
2022-03-13T06:00-07:00,0.6793478260869503
2022-03-13T06:15-07:00,0.6793478260869503
2022-03-13T06:30-07:00,0.6514657980456026
2022-03-13T06:45-07:00,0.6651282747387058
2022-03-13T07:00-07:00,0.6787944610371918
2022-03-13T07:15-07:00,0.6525285481239804
2022-03-13T07:30-07:00,0.6944444444444444
2022-03-13T07:45-07:00,0.6670296760141636
2022-03-13T08:00-07:00,0.6393687933614411
2022-03-13T08:15-07:00,0.6538618716796076
2022-03-13T08:30-07:00,0.6656704252139717
2022-03-13T08:45-07:00,0.6799020940984436
2022-03-13T09:00-07:00,0.6406761177753482
2022-03-13T09:15-07:00,0.6391079684525366
2022-03-13T09:30-07:00,0.5707297187117815
2022-03-13T09:45-07:00,0.6246605105920757
2022-03-13T10:00-07:00,0.6365113759479895
2022-03-13T10:15-07:00,0.6509357200976403
2022-03-13T10:30-07:00,0.6522625356706074
2022-03-13T10:45-07:00,0.6380667933749599
2022-03-13T11:00-07:00,0.6112469437652812
2022-03-13T11:15-07:00,0.6107491856677525
2022-03-13T11:30-07:00,0.6645870066458762
2022-03-13T11:45-07:00,0.6375474769397659
2022-03-13T12:00-07:00,0.5829718004338457
2022-03-13T12:15-07:00,0.6498781478472786
2022-03-13T12:30-07:00,0.6626994860697925
2022-03-13T12:45-07:00,0.6504065040650406
2022-03-13T13:00-07:00,0.5958829902491812
2022-03-13T13:15-07:00,0.6640466187830392
2022-03-13T13:30-07:00,0.6100040666937779
2022-03-13T13:45-07:00,0.5958829902491812
2022-03-13T14:00-07:00,0.5961251862891145
2022-03-13T14:15-07:00,0.650142218610321
2022-03-13T14:30-07:00,0.5970959424616575
2022-03-13T14:45-07:00,0.6249150930580146
2022-03-13T15:00-07:00,0.5975825071302396
2022-03-13T15:15-07:00,0.5832090058320962
2022-03-13T15:30-07:00,0.638326768980029
2022-03-13T15:45-07:00,0.5846363018354923
2022-03-13T16:00-07:00,0.6277292576419277
2022-03-13T16:15-07:00,0.6927465362673186
2022-03-13T16:30-07:00,0.6393687933614411
2022-03-13T16:45-07:00,0.6117455138662317
2022-03-13T17:00-07:00,0.5975825071302396
2022-03-13T17:15-07:00,0.6774149844194491
2022-03-13T17:30-07:00,0.6277292576419277
2022-03-13T17:45-07:00,0.6409382244647421
2022-03-13T18:00-07:00,0.6269592476489091
2022-03-13T18:15-07:00,0.6807351940095241
2022-03-13T18:30-07:00,0.6683944891556467
2022-03-13T18:45-07:00,0.6689419795221906
2022-03-13T19:00-07:00,0.7096069868995696
2022-03-13T19:15-07:00,0.6807351940095241
2022-03-13T19:30-07:00,0.6686681222707486
2022-03-13T19:45-07:00,0.6414630817524163
2022-03-13T20:00-07:00,0.6955810147299509
2022-03-13T20:15-07:00,0.6961506961506961
2022-03-13T20:30-07:00,0.6683944891556467
2022-03-13T20:45-07:00,0.667847894234707
2022-03-13T21:00-07:00,0.6689419795221906
2022-03-13T21:15-07:00,0.6396298312465915
2022-03-13T21:30-07:00,0.6519967400162999
2022-03-13T21:45-07:00,0.6796248470844032
2022-03-13T22:00-07:00,0.638326768980029
2022-03-13T22:15-07:00,0.6398910823689522
2022-03-13T22:30-07:00,0.6525285481239804
2022-03-13T22:45-07:00,0.6782419967444322
2022-03-13T23:00-07:00,0.6380667933749599
2022-03-13T23:15-07:00,0.6122448979591837
2022-03-13T23:30-07:00,0.6653992395437325
2022-03-13T23:45-07:00,0.6259355014287721
2022-03-14T00:00-07:00,0.6391079684525366
2022-03-14T00:15-07:00,0.6955810147299509
2022-03-14T00:30-07:00,0.6549324600900532
2022-03-14T00:45-07:00,0.65439672801636
2022-03-14T01:00-07:00,0.6944444444444444
2022-03-14T01:15-07:00,0.6804572672836083
2022-03-14T01:30-07:00,0.6938775510204082
2022-03-14T01:45-07:00,0.6549324600900532
2022-03-14T02:00-07:00,0.6681210799018333
2022-03-14T02:15-07:00,0.613747954173486
2022-03-14T02:30-07:00,0.6549324600900532
2022-03-14T02:45-07:00,0.667847894234707
2022-03-14T03:00-07:00,0.6533278889342589
2022-03-14T03:15-07:00,0.6675749318801152
2022-03-14T03:30-07:00,0.6670296760141636
2022-03-14T03:45-07:00,0.6799020940984436
2022-03-14T04:00-07:00,0.6530612244897959
2022-03-14T04:15-07:00,0.6409382244647421
2022-03-14T04:30-07:00,0.6419887993443456
2022-03-14T04:45-07:00,0.6554690700532568
2022-03-14T05:00-07:00,0.6952965235173824
2022-03-14T05:15-07:00,0.6689419795221906
2022-03-14T05:30-07:00,0.6947282386595831
2022-03-14T05:45-07:00,0.6950122649223222
2022-03-14T06:00-07:00,0.7084468664850199
2022-03-14T06:15-07:00,0.6826870562534072
2022-03-14T06:30-07:00,0.7206962197443506
2022-03-14T06:45-07:00,0.7055630936228013
2022-03-14T07:00-07:00,0.7070020394289661
2022-03-14T07:15-07:00,0.6357982031789974
2022-03-14T07:30-07:00,0.6694560669456067
2022-03-14T07:45-07:00,0.6728343145500421
2022-03-14T08:00-07:00,0.6691760769552488
2022-03-14T08:15-07:00,0.6663890045814244
2022-03-14T08:30-07:00,0.6806500902903244
2022-03-14T08:45-07:00,0.6524153248195383
2022-03-14T09:00-07:00,0.7074490220557637
2022-03-14T09:15-07:00,0.6829268292682991
2022-03-14T09:30-07:00,0.6686167989970748
2022-03-14T09:45-07:00,0.6663890045814244
2022-03-14T10:00-07:00,0.6672226855713094
2022-03-14T10:15-07:00,0.6376490158026124
2022-03-14T10:30-07:00,0.6092495153696974
2022-03-14T10:45-07:00,0.6516012754748307
2022-03-14T11:00-07:00,0.6803665648431055
2022-03-14T11:15-07:00,0.6672226855713094
2022-03-14T11:30-07:00,0.6257822277847309
2022-03-14T11:45-07:00,0.6252605252188412
2022-03-14T12:00-07:00,0.6208609271523179
2022-03-14T12:15-07:00,0.6231823847112589
2022-03-14T12:30-07:00,0.5816368923971749
2022-03-14T12:45-07:00,0.5963111912356186
2022-03-14T13:00-07:00,0.6105175523796246
2022-03-14T13:15-07:00,0.5843071786310517
2022-03-14T13:30-07:00,0.6125574272587991
2022-03-14T13:45-07:00,0.5563282336578645
2022-03-14T14:00-07:00,0.5855290673358428
2022-03-14T14:15-07:00,0.6000558191459735
2022-03-14T14:30-07:00,0.586756077116513
2022-03-14T14:45-07:00,0.6110262463546666
2022-03-14T15:00-07:00,0.6218905472636815
2022-03-14T15:15-07:00,0.6413831567205864
2022-03-14T15:30-07:00,0.6849315068493215
2022-03-14T15:45-07:00,0.6125574272587991
2022-03-14T16:00-07:00,0.6551435740172783
2022-03-14T16:15-07:00,0.6284038542103059
2022-03-14T16:30-07:00,0.6581711244923616
2022-03-14T16:45-07:00,0.6419201786212735
2022-03-14T17:00-07:00,0.6265664160401002
2022-03-14T17:15-07:00,0.6576185812228843
2022-03-14T17:30-07:00,0.6307821698906644
2022-03-14T17:45-07:00,0.6164191650322155
2022-03-14T18:00-07:00,0.6166783461807924
2022-03-14T18:15-07:00,0.6592790012624428
2022-03-14T18:30-07:00,0.6413831567205864
2022-03-14T18:45-07:00,0.6584477444662307
2022-03-14T19:00-07:00,0.657342657342651
2022-03-14T19:15-07:00,0.6584477444662307
2022-03-14T19:30-07:00,0.6978367062107403
2022-03-14T19:45-07:00,0.6548697227253664
2022-03-14T20:00-07:00,0.6680584551148225
2022-03-14T20:15-07:00,0.6003071338824578
2022-03-14T20:30-07:00,0.6540495407737204
2022-03-14T20:45-07:00,0.6270903010033445
2022-03-14T21:00-07:00,0.6395106353399201
2022-03-14T21:15-07:00,0.6686167989970748
2022-03-14T21:30-07:00,0.6270903010033445
2022-03-14T21:45-07:00,0.6411149825784036
2022-03-14T22:00-07:00,0.6823562177969705
2022-03-14T22:15-07:00,0.5990526609083374
2022-03-14T22:30-07:00,0.6411149825784036
2022-03-14T22:45-07:00,0.6548697227253664
2022-03-14T23:00-07:00,0.6540495407737204
2022-03-14T23:15-07:00,0.65323141070187
2022-03-14T23:30-07:00,0.6395106353399201
2022-03-14T23:45-07:00,0.6260434056761269
2022-03-15T00:00-07:00,0.6518723994452086
2022-03-15T00:15-07:00,0.6257822277847309
2022-03-15T00:30-07:00,0.6395106353399201
2022-03-15T00:45-07:00,0.5835764902042517
2022-03-15T01:00-07:00,0.6529591553209161
2022-03-15T01:15-07:00,0.6110262463546666
2022-03-15T01:30-07:00,0.6521437491327812
2022-03-15T01:45-07:00,0.6247396917950854
2022-03-15T02:00-07:00,0.6376490158026124
2022-03-15T02:15-07:00,0.6800832755031292
2022-03-15T02:30-07:00,0.6658343736995422
2022-03-15T02:45-07:00,0.6652806652806653
2022-03-15T03:00-07:00,0.6270903010033445
2022-03-15T03:15-07:00,0.6270903010033445
2022-03-15T03:30-07:00,0.6400445248365167
2022-03-15T03:45-07:00,0.6263048016701461
2022-03-15T04:00-07:00,0.5985523385300732
2022-03-15T04:15-07:00,0.628140703517588
2022-03-15T04:30-07:00,0.6551435740172783
2022-03-15T04:45-07:00,0.6551435740172783
2022-03-15T05:00-07:00,0.6278777731268314
2022-03-15T05:15-07:00,0.667779632721202
2022-03-15T05:30-07:00,0.7214206437291961
2022-03-15T05:45-07:00,0.6800832755031292
2022-03-15T06:00-07:00,0.5983024906080486
2022-03-15T06:15-07:00,0.6373839545517591
2022-03-15T06:30-07:00,0.5950733462496604
2022-03-15T06:45-07:00,0.6792348211810432
2022-03-15T07:00-07:00,0.6806500902903244
2022-03-15T07:15-07:00,0.6781068364240307
2022-03-15T07:30-07:00,0.6955070246209423
2022-03-15T07:45-07:00,0.6829268292682991
2022-03-15T08:00-07:00,0.6691760769552488
2022-03-15T08:15-07:00,0.607483087118591
2022-03-15T08:30-07:00,0.6408470325996163
2022-03-15T08:45-07:00,0.6644518272425249
2022-03-15T09:00-07:00,0.5691282620766177
2022-03-15T09:15-07:00,0.6125574272587991
2022-03-15T09:30-07:00,0.6403118040089151
2022-03-15T09:45-07:00,0.6543227063900814
2022-03-15T10:00-07:00,0.6112809113642615
2022-03-15T10:15-07:00,0.5968077723802978
2022-03-15T10:30-07:00,0.5688913556264679
2022-03-15T10:45-07:00,0.5955678670360174
2022-03-15T11:00-07:00,0.6128133704735312
2022-03-15T11:15-07:00,0.6392440244580386
2022-03-15T11:30-07:00,0.5958154357766449
2022-03-15T11:45-07:00,0.5958154357766449
2022-03-15T12:00-07:00,0.5960632104241815
2022-03-15T12:15-07:00,0.5968077723802978
2022-03-15T12:30-07:00,0.6082388719933584
2022-03-15T12:45-07:00,0.60798673483487
2022-03-15T13:00-07:00,0.5261700360011013
2022-03-15T13:15-07:00,0.6112809113642615
2022-03-15T13:30-07:00,0.6095027012051467
2022-03-15T13:45-07:00,0.5948263936920799
2022-03-15T14:00-07:00,0.5540166204986213
2022-03-15T14:15-07:00,0.6105175523796246
2022-03-15T14:30-07:00,0.6102635228848757
2022-03-15T14:45-07:00,0.5953205039457352
2022-03-15T15:00-07:00,0.6239600665557404
2022-03-15T15:15-07:00,0.6115357887421757
2022-03-15T15:30-07:00,0.5995538204127225
2022-03-15T15:45-07:00,0.6112809113642615
2022-03-15T16:00-07:00,0.6247396917950854
2022-03-15T16:15-07:00,0.6268282490597576
2022-03-15T16:30-07:00,0.6268282490597576
2022-03-15T16:45-07:00,0.5847953216374269
2022-03-15T17:00-07:00,0.6117908787541649
2022-03-15T17:15-07:00,0.5884825556956704
2022-03-15T17:30-07:00,0.5710306406685173
2022-03-15T17:45-07:00,0.6020722486698468
2022-03-15T18:00-07:00,0.6003071338824578
2022-03-15T18:15-07:00,0.6711409395973155
2022-03-15T18:30-07:00,0.6714225765841376
2022-03-15T18:45-07:00,0.6843575418994478
2022-03-15T19:00-07:00,0.6156429271022743
2022-03-15T19:15-07:00,0.6427273997485043
2022-03-15T19:30-07:00,0.735702387562459
2022-03-15T19:45-07:00,0.6857942617214899
2022-03-15T20:00-07:00,0.6562412733873156
2022-03-15T20:15-07:00,0.6826414042908953
2022-03-15T20:30-07:00,0.625
2022-03-15T20:45-07:00,0.6529591553209161
2022-03-15T21:00-07:00,0.6278777731268314
2022-03-15T21:15-07:00,0.6270903010033445
2022-03-15T21:30-07:00,0.6255212677231026
2022-03-15T21:45-07:00,0.6268282490597576
2022-03-15T22:00-07:00,0.6105175523796246
2022-03-15T22:15-07:00,0.6812178506881754
2022-03-15T22:30-07:00,0.6419201786212735
2022-03-15T22:45-07:00,0.65323141070187
2022-03-15T23:00-07:00,0.5960632104241815
2022-03-15T23:15-07:00,0.6405793065032789
2022-03-15T23:30-07:00,0.6405793065032789
2022-03-15T23:45-07:00,0.6120461816664284
2022-03-16T00:00-07:00,0.6403118040089151
2022-03-16T00:15-07:00,0.6803665648431055
2022-03-16T00:30-07:00,0.6247396917950854
2022-03-16T00:45-07:00,0.6526871267879397
2022-03-16T01:00-07:00,0.5965593784683748
2022-03-16T01:15-07:00,0.6373839545517591
2022-03-16T01:30-07:00,0.5838198498748958
2022-03-16T01:45-07:00,0.65323141070187
2022-03-16T02:00-07:00,0.6105175523796246
2022-03-16T02:15-07:00,0.6110262463546666
2022-03-16T02:30-07:00,0.6239600665557404
2022-03-16T02:45-07:00,0.6376490158026124
2022-03-16T03:00-07:00,0.6237006237006237
2022-03-16T03:15-07:00,0.6105175523796246
2022-03-16T03:30-07:00,0.6107717934480781
2022-03-16T03:45-07:00,0.6387114690363851
2022-03-16T04:00-07:00,0.6247396917950854
2022-03-16T04:15-07:00,0.6540495407737204
2022-03-16T04:30-07:00,0.6128133704735312
2022-03-16T04:45-07:00,0.6265664160401002
2022-03-16T05:00-07:00,0.5850396991224405
2022-03-16T05:15-07:00,0.6510597035600435
2022-03-16T05:30-07:00,0.6397774687065432
2022-03-16T05:45-07:00,0.6138392857142794
2022-03-16T06:00-07:00,0.6424581005586656
2022-03-16T06:15-07:00,0.6268282490597576
2022-03-16T06:30-07:00,0.6413831567205864
2022-03-16T06:45-07:00,0.6978367062107403
2022-03-16T07:00-07:00,0.6551435740172783
2022-03-16T07:15-07:00,0.65323141070187
2022-03-16T07:30-07:00,0.6535038932146766
2022-03-16T07:45-07:00,0.6408470325996163
2022-03-16T08:00-07:00,0.6675010429703796
2022-03-16T08:15-07:00,0.5965593784683748
2022-03-16T08:30-07:00,0.6373839545517591
2022-03-16T08:45-07:00,0.6252605252188412
2022-03-16T09:00-07:00,0.6543227063900814
2022-03-16T09:15-07:00,0.625
2022-03-16T09:30-07:00,0.6535038932146766
2022-03-16T09:45-07:00,0.6397774687065432
2022-03-16T10:00-07:00,0.5960632104241815
2022-03-16T10:15-07:00,0.5840634125990822
2022-03-16T10:30-07:00,0.5554012774229444
2022-03-16T10:45-07:00,0.5412156536219817
2022-03-16T11:00-07:00,0.6105175523796246
2022-03-16T11:15-07:00,0.6392440244580386
2022-03-16T11:30-07:00,0.6117908787541649
2022-03-16T11:45-07:00,0.5425709515859767
2022-03-16T12:00-07:00,0.5847953216374269
2022-03-16T12:15-07:00,0.607483087118591
2022-03-16T12:30-07:00,0.5535566011624752
2022-03-16T12:45-07:00,0.6239600665557404
2022-03-16T13:00-07:00,0.5830903790087464
2022-03-16T13:15-07:00,0.6384455239417135
2022-03-16T13:30-07:00,0.5843071786310517
2022-03-16T13:45-07:00,0.6260434056761269
2022-03-16T14:00-07:00,0.5567928730512313
2022-03-16T14:15-07:00,0.5985523385300732
2022-03-16T14:30-07:00,0.5450733752620545
2022-03-16T14:45-07:00,0.5554012774229444
2022-03-16T15:00-07:00,0.5551700208188821
2022-03-16T15:15-07:00,0.5835764902042517
2022-03-16T15:30-07:00,0.5703157601891715
2022-03-16T15:45-07:00,0.5698401667824815
2022-03-16T16:00-07:00,0.5835764902042517
2022-03-16T16:15-07:00,0.5570254839158956
2022-03-16T16:30-07:00,0.5703157601891715
2022-03-16T16:45-07:00,0.5847953216374269
2022-03-16T17:00-07:00,0.5998047147440432
2022-03-16T17:15-07:00,0.6581711244923616
2022-03-16T17:30-07:00,0.6387114690363851
2022-03-16T17:45-07:00,0.5882352941176471
2022-03-16T18:00-07:00,0.573426573426567
2022-03-16T18:15-07:00,0.6128133704735312
2022-03-16T18:30-07:00,0.5603025633842339
2022-03-16T18:45-07:00,0.6435366536094076
2022-03-16T19:00-07:00,0.6025784753363292
2022-03-16T19:15-07:00,0.6297229219143576
2022-03-16T19:30-07:00,0.6540495407737204
2022-03-16T19:45-07:00,0.6278777731268314
2022-03-16T20:00-07:00,0.570792148127517
2022-03-16T20:15-07:00,0.5995538204127225
2022-03-16T20:30-07:00,0.6540495407737204
2022-03-16T20:45-07:00,0.6705783738474435
2022-03-16T21:00-07:00,0.6143535325328057
2022-03-16T21:15-07:00,0.6128133704735312
2022-03-16T21:30-07:00,0.6567915036333083
2022-03-16T21:45-07:00,0.6273525721455459
2022-03-16T22:00-07:00,0.6714225765841376
2022-03-16T22:15-07:00,0.6837845380965735
2022-03-16T22:30-07:00,0.6424581005586656
2022-03-16T22:45-07:00,0.6438068579426236
2022-03-16T23:00-07:00,0.6694560669456067
2022-03-16T23:15-07:00,0.5852842809364549
2022-03-16T23:30-07:00,0.6143535325328057
2022-03-16T23:45-07:00,0.6545961002785452
2022-03-17T00:00-07:00,0.6403118040089151
2022-03-17T00:15-07:00,0.6832124930284503
2022-03-17T00:30-07:00,0.6675010429703796
2022-03-17T00:45-07:00,0.6268282490597576
2022-03-17T01:00-07:00,0.6559665038380955
2022-03-17T01:15-07:00,0.6683375104427736
2022-03-17T01:30-07:00,0.6395106353399201
2022-03-17T01:45-07:00,0.6823562177969705
2022-03-17T02:00-07:00,0.6268282490597576
2022-03-17T02:15-07:00,0.6683375104427736
2022-03-17T02:30-07:00,0.6408470325996163
2022-03-17T02:45-07:00,0.6537766031436854
2022-03-17T03:00-07:00,0.6265664160401002
2022-03-17T03:15-07:00,0.6675010429703796
2022-03-17T03:30-07:00,0.667779632721202
2022-03-17T03:45-07:00,0.6403118040089151
2022-03-17T04:00-07:00,0.6548697227253664
2022-03-17T04:15-07:00,0.628140703517588
2022-03-17T04:30-07:00,0.6143535325328057
2022-03-17T04:45-07:00,0.6708595387840671
2022-03-17T05:00-07:00,0.6554176544414941
2022-03-17T05:15-07:00,0.6837845380965735
2022-03-17T05:30-07:00,0.6823562177969705
2022-03-17T05:45-07:00,0.696378830083559
2022-03-17T06:00-07:00,0.6432666759893785
2022-03-17T06:15-07:00,0.6815020862308826
2022-03-17T06:30-07:00,0.7512520868113522
2022-03-17T06:45-07:00,0.6826414042908953
2022-03-17T07:00-07:00,0.710405348934392
2022-03-17T07:15-07:00,0.6966699177929433
2022-03-17T07:30-07:00,0.7244357759821741
2022-03-17T07:45-07:00,0.7378532646526457
2022-03-17T08:00-07:00,0.6829268292682991
2022-03-17T08:15-07:00,0.6834983958711182
2022-03-17T08:30-07:00,0.6565162732225107
2022-03-17T08:45-07:00,0.6513303769401267
2022-03-17T09:00-07:00,0.6798002219755891
2022-03-17T09:15-07:00,0.6666666666666666
2022-03-17T09:30-07:00,0.6655574043261231
2022-03-17T09:45-07:00,0.65323141070187
2022-03-17T10:00-07:00,0.6242197253433208
2022-03-17T10:15-07:00,0.6384455239417135
2022-03-17T10:30-07:00,0.6389776357827539
2022-03-17T10:45-07:00,0.6242197253433208
2022-03-17T11:00-07:00,0.5965593784683748
2022-03-17T11:15-07:00,0.5988023952095872
2022-03-17T11:30-07:00,0.6117908787541649
2022-03-17T11:45-07:00,0.6117908787541649
2022-03-17T12:00-07:00,0.6117908787541649
2022-03-17T12:15-07:00,0.6529591553209161
2022-03-17T12:30-07:00,0.6809338521400842
2022-03-17T12:45-07:00,0.6252605252188412
2022-03-17T13:00-07:00,0.5980528511822039
2022-03-17T13:15-07:00,0.6110262463546666
2022-03-17T13:30-07:00,0.6379142976008939
2022-03-17T13:45-07:00,0.6263048016701461
2022-03-17T14:00-07:00,0.6403118040089151
2022-03-17T14:15-07:00,0.6123016977456102
2022-03-17T14:30-07:00,0.5990526609083374
2022-03-17T14:45-07:00,0.5963111912356186
2022-03-17T15:00-07:00,0.5968077723802978
2022-03-17T15:15-07:00,0.5549389567147677
2022-03-17T15:30-07:00,0.6110262463546666
2022-03-17T15:45-07:00,0.5965593784683748
2022-03-17T16:00-07:00,0.625
2022-03-17T16:15-07:00,0.6397774687065432
2022-03-17T16:30-07:00,0.6247396917950854
2022-03-17T16:45-07:00,0.6117908787541649
2022-03-17T17:00-07:00,0.6663890045814244
2022-03-17T17:15-07:00,0.6556919642857079
2022-03-17T17:30-07:00,0.6286672254819782
2022-03-17T17:45-07:00,0.6135824850090579
2022-03-17T18:00-07:00,0.6852188505104245
2022-03-17T18:15-07:00,0.6688963210702341
2022-03-17T18:30-07:00,0.6435366536094076
2022-03-17T18:45-07:00,0.6984215672579905
2022-03-17T19:00-07:00,0.6313131313131313
2022-03-17T19:15-07:00,0.6595565534661738
2022-03-17T19:30-07:00,0.6313131313131313
2022-03-17T19:45-07:00,0.6728343145500421
2022-03-17T20:00-07:00,0.6731173748422381
2022-03-17T20:15-07:00,0.6307821698906644
2022-03-17T20:30-07:00,0.6590016825574809
2022-03-17T20:45-07:00,0.644618834080724
2022-03-17T21:00-07:00,0.6146109791870309
2022-03-17T21:15-07:00,0.6702974444909929
2022-03-17T21:30-07:00,0.6691760769552488
2022-03-17T21:45-07:00,0.657342657342651
2022-03-17T22:00-07:00,0.6570669649098216
2022-03-17T22:15-07:00,0.6565162732225107
2022-03-17T22:30-07:00,0.5995538204127225
2022-03-17T22:45-07:00,0.6268282490597576
2022-03-17T23:00-07:00,0.6551435740172783
2022-03-17T23:15-07:00,0.6252605252188412
2022-03-17T23:30-07:00,0.638179800221982
2022-03-17T23:45-07:00,0.6278777731268314
2022-03-18T00:00-07:00,0.6260434056761269
2022-03-18T00:15-07:00,0.6128133704735312
2022-03-18T00:30-07:00,0.6562412733873156
2022-03-18T00:45-07:00,0.6419201786212735
2022-03-18T01:00-07:00,0.6273525721455459
2022-03-18T01:15-07:00,0.5988023952095872
2022-03-18T01:30-07:00,0.6537766031436854
2022-03-18T01:45-07:00,0.6413831567205864
2022-03-18T02:00-07:00,0.6691760769552488
2022-03-18T02:15-07:00,0.6270903010033445
2022-03-18T02:30-07:00,0.5993031358885081
2022-03-18T02:45-07:00,0.6128133704735312
2022-03-18T03:00-07:00,0.6123016977456102
2022-03-18T03:15-07:00,0.5990526609083374
2022-03-18T03:30-07:00,0.6130695276577893
2022-03-18T03:45-07:00,0.5988023952095872
2022-03-18T04:00-07:00,0.6403118040089151
2022-03-18T04:15-07:00,0.5995538204127225
2022-03-18T04:30-07:00,0.6273525721455459
2022-03-18T04:45-07:00,0.6000558191459735
2022-03-18T05:00-07:00,0.6263048016701461
2022-03-18T05:15-07:00,0.6669445602334306
2022-03-18T05:30-07:00,0.6663890045814244
2022-03-18T05:45-07:00,0.6005586592178835
2022-03-18T06:00-07:00,0.6429969247973226
2022-03-18T06:15-07:00,0.6403118040089151
2022-03-18T06:30-07:00,0.6123016977456102
2022-03-18T06:45-07:00,0.6115357887421757
2022-03-18T07:00-07:00,0.6387114690363851
2022-03-18T07:15-07:00,0.6120461816664284
2022-03-18T07:30-07:00,0.6543227063900814
2022-03-18T07:45-07:00,0.6823562177969705
2022-03-18T08:00-07:00,0.6669445602334306
2022-03-18T08:15-07:00,0.6403118040089151
2022-03-18T08:30-07:00,0.6416515553075807
2022-03-18T08:45-07:00,0.6389776357827539
2022-03-18T09:00-07:00,0.6416515553075807
2022-03-18T09:15-07:00,0.6397774687065432
2022-03-18T09:30-07:00,0.5855290673358428
2022-03-18T09:45-07:00,0.6247396917950854
2022-03-18T10:00-07:00,0.6107717934480781
2022-03-18T10:15-07:00,0.6105175523796246
2022-03-18T10:30-07:00,0.6097560975609693
2022-03-18T10:45-07:00,0.5963111912356186
2022-03-18T11:00-07:00,0.6112809113642615
2022-03-18T11:15-07:00,0.5965593784683748
2022-03-18T11:30-07:00,0.5696026674076069
2022-03-18T11:45-07:00,0.5835764902042517
2022-03-18T12:00-07:00,0.6392440244580386
2022-03-18T12:15-07:00,0.5965593784683748
2022-03-18T12:30-07:00,0.6252605252188412
2022-03-18T12:45-07:00,0.6115357887421757
2022-03-18T13:00-07:00,0.5985523385300732
2022-03-18T13:15-07:00,0.5968077723802978
2022-03-18T13:30-07:00,0.6669445602334306
2022-03-18T13:45-07:00,0.6255212677231026
2022-03-18T14:00-07:00,0.5840634125990822
2022-03-18T14:15-07:00,0.597554196775993
2022-03-18T14:30-07:00,0.6117908787541649
2022-03-18T14:45-07:00,0.5983024906080486
2022-03-18T15:00-07:00,0.5847953216374269
2022-03-18T15:15-07:00,0.6260434056761269
2022-03-18T15:30-07:00,0.5995538204127225
2022-03-18T15:45-07:00,0.5995538204127225
2022-03-18T16:00-07:00,0.6005586592178835
2022-03-18T16:15-07:00,0.6276150627615062
2022-03-18T16:30-07:00,0.5722260990928059
2022-03-18T16:45-07:00,0.6276150627615062
2022-03-18T17:00-07:00,0.5855290673358428
2022-03-18T17:15-07:00,0.6408470325996163
2022-03-18T17:30-07:00,0.6570669649098216
2022-03-18T17:45-07:00,0.6559665038380955
2022-03-18T18:00-07:00,0.6130695276577893
2022-03-18T18:15-07:00,0.6179775280898813
2022-03-18T18:30-07:00,0.57487380818844
2022-03-18T18:45-07:00,0.6164191650322155
2022-03-18T19:00-07:00,0.6691760769552488
2022-03-18T19:15-07:00,0.6297229219143576
2022-03-18T19:30-07:00,0.6010623427453237
2022-03-18T19:45-07:00,0.6278777731268314
2022-03-18T20:00-07:00,0.6130695276577893
2022-03-18T20:15-07:00,0.6683375104427736
2022-03-18T20:30-07:00,0.6400445248365167
2022-03-18T20:45-07:00,0.6540495407737204
2022-03-18T21:00-07:00,0.6559665038380955
2022-03-18T21:15-07:00,0.602325255638051
2022-03-18T21:30-07:00,0.5995538204127225
2022-03-18T21:45-07:00,0.6403118040089151
2022-03-18T22:00-07:00,0.6117908787541649
2022-03-18T22:15-07:00,0.6403118040089151
2022-03-18T22:30-07:00,0.6421890269440242
2022-03-18T22:45-07:00,0.6140963014654507
2022-03-18T23:00-07:00,0.6125574272587991
2022-03-18T23:15-07:00,0.6252605252188412
2022-03-18T23:30-07:00,0.5862646566164154
2022-03-18T23:45-07:00,0.5558643690939474
2022-03-19T00:00-07:00,0.6100097046998412
2022-03-19T00:15-07:00,0.6548697227253664
2022-03-19T00:30-07:00,0.6257822277847309
2022-03-19T00:45-07:00,0.6400445248365167
2022-03-19T01:00-07:00,0.5983024906080486
2022-03-19T01:15-07:00,0.5729457797652255
2022-03-19T01:30-07:00,0.6270903010033445
2022-03-19T01:45-07:00,0.6120461816664284
2022-03-19T02:00-07:00,0.597554196775993
2022-03-19T02:15-07:00,0.6247396917950854
2022-03-19T02:30-07:00,0.5835764902042517
2022-03-19T02:45-07:00,0.6384455239417135
2022-03-19T03:00-07:00,0.6100097046998412
2022-03-19T03:15-07:00,0.5688913556264679
2022-03-19T03:30-07:00,0.6107717934480781
2022-03-19T03:45-07:00,0.6110262463546666
2022-03-19T04:00-07:00,0.5960632104241815
2022-03-19T04:15-07:00,0.5985523385300732
2022-03-19T04:30-07:00,0.6123016977456102
2022-03-19T04:45-07:00,0.5985523385300732
2022-03-19T05:00-07:00,0.6273525721455459
2022-03-19T05:15-07:00,0.6400445248365167
2022-03-19T05:30-07:00,0.6548697227253664
2022-03-19T05:45-07:00,0.6554176544414941
2022-03-19T06:00-07:00,0.6130695276577893
2022-03-19T06:15-07:00,0.6680584551148225
2022-03-19T06:30-07:00,0.6524153248195383
2022-03-19T06:45-07:00,0.6529591553209161
2022-03-19T07:00-07:00,0.6242197253433208
2022-03-19T07:15-07:00,0.6373839545517591
2022-03-19T07:30-07:00,0.6943480072212129
2022-03-19T07:45-07:00,0.667779632721202
2022-03-19T08:00-07:00,0.6521437491327812
2022-03-19T08:15-07:00,0.5830903790087464
2022-03-19T08:30-07:00,0.6392440244580386
2022-03-19T08:45-07:00,0.6526871267879397
2022-03-19T09:00-07:00,0.6125574272587991
2022-03-19T09:15-07:00,0.6100097046998412
2022-03-19T09:30-07:00,0.6373839545517591
2022-03-19T09:45-07:00,0.6373839545517591
2022-03-19T10:00-07:00,0.6077348066298279
2022-03-19T10:15-07:00,0.6069802731411166
2022-03-19T10:30-07:00,0.6502490315439893
2022-03-19T10:45-07:00,0.579950289975145
2022-03-19T11:00-07:00,0.634220322625127
2022-03-19T11:15-07:00,0.6213753106876554
2022-03-19T11:30-07:00,0.608491218365365
2022-03-19T11:45-07:00,0.6628003314001657
2022-03-19T12:00-07:00,0.6200909466721786
2022-03-19T12:15-07:00,0.6244796003330558
2022-03-19T12:30-07:00,0.5549389567147677
2022-03-19T12:45-07:00,0.6491712707182257
2022-03-19T13:00-07:00,0.5933489719884153
2022-03-19T13:15-07:00,0.6069802731411166
2022-03-19T13:30-07:00,0.6211180124223602
2022-03-19T13:45-07:00,0.6218905472636815
2022-03-19T14:00-07:00,0.5945796460177054
2022-03-19T14:15-07:00,0.6216328222130129
2022-03-19T14:30-07:00,0.5945796460177054
2022-03-19T14:45-07:00,0.5818786367414797
2022-03-19T15:00-07:00,0.6216328222130129
2022-03-19T15:15-07:00,0.5818786367414797
2022-03-19T15:30-07:00,0.6102635228848757
2022-03-19T15:45-07:00,0.5416666666666666
2022-03-19T16:00-07:00,0.5983024906080486
2022-03-19T16:15-07:00,0.6229235880398671
2022-03-19T16:30-07:00,0.6255212677231026
2022-03-19T16:45-07:00,0.6100097046998412
2022-03-19T17:00-07:00,0.5535566011624752
2022-03-19T17:15-07:00,0.6087437742113938
2022-03-19T17:30-07:00,0.5970563732296648
2022-03-19T17:45-07:00,0.5816368923971749
2022-03-19T18:00-07:00,0.6257822277847309
2022-03-19T18:15-07:00,0.6411149825784036
2022-03-19T18:30-07:00,0.6276150627615062
2022-03-19T18:45-07:00,0.6837845380965735
2022-03-19T19:00-07:00,0.7101086048454469
2022-03-19T19:15-07:00,0.6559665038380955
2022-03-19T19:30-07:00,0.6978367062107403
2022-03-19T19:45-07:00,0.6559665038380955
2022-03-19T20:00-07:00,0.6556919642857079
2022-03-19T20:15-07:00,0.6975446428571365
2022-03-19T20:30-07:00,0.6694560669456067
2022-03-19T20:45-07:00,0.6957973838018305
2022-03-19T21:00-07:00,0.6815020862308826
2022-03-19T21:15-07:00,0.6943480072212129
2022-03-19T21:30-07:00,0.6661115736885929
2022-03-19T21:45-07:00,0.6792348211810432
2022-03-19T22:00-07:00,0.6379142976008939
2022-03-19T22:15-07:00,0.6389776357827539
2022-03-19T22:30-07:00,0.6135824850090579
2022-03-19T22:45-07:00,0.6826414042908953
2022-03-19T23:00-07:00,0.6278777731268314
2022-03-19T23:15-07:00,0.6535038932146766
2022-03-19T23:30-07:00,0.6666666666666666
2022-03-19T23:45-07:00,0.6524153248195383
2022-03-20T00:00-07:00,0.6392440244580386
2022-03-20T00:15-07:00,0.6817865590649848
2022-03-20T00:30-07:00,0.6823562177969705
2022-03-20T00:45-07:00,0.6413831567205864
2022-03-20T01:00-07:00,0.6556919642857079
2022-03-20T01:15-07:00,0.6263048016701461
2022-03-20T01:30-07:00,0.6672226855713094
2022-03-20T01:45-07:00,0.6389776357827539
2022-03-20T02:00-07:00,0.6389776357827539
2022-03-20T02:15-07:00,0.6379142976008939
2022-03-20T02:30-07:00,0.6518723994452086
2022-03-20T02:45-07:00,0.6384455239417135
2022-03-20T03:00-07:00,0.6462372316030852
2022-03-20T03:15-07:00,0.6540495407737204
2022-03-20T03:30-07:00,0.6540495407737204
2022-03-20T03:45-07:00,0.65323141070187
2022-03-20T04:00-07:00,0.6123016977456102
2022-03-20T04:15-07:00,0.6400445248365167
2022-03-20T04:30-07:00,0.6255212677231026
2022-03-20T04:45-07:00,0.6257822277847309
2022-03-20T05:00-07:00,0.6123016977456102
2022-03-20T05:15-07:00,0.6123016977456102
2022-03-20T05:30-07:00,0.5988023952095872
2022-03-20T05:45-07:00,0.5993031358885081
2022-03-20T06:00-07:00,0.6273525721455459
2022-03-20T06:15-07:00,0.5993031358885081
2022-03-20T06:30-07:00,0.6556919642857079
2022-03-20T06:45-07:00,0.6237006237006237
2022-03-20T07:00-07:00,0.608491218365365
2022-03-20T07:15-07:00,0.6102635228848757
2022-03-20T07:30-07:00,0.6247396917950854
2022-03-20T07:45-07:00,0.6110262463546666
2022-03-20T08:00-07:00,0.6365900913368455
2022-03-20T08:15-07:00,0.5960632104241815
2022-03-20T08:30-07:00,0.5968077723802978
2022-03-20T08:45-07:00,0.6112809113642615
2022-03-20T09:00-07:00,0.6384455239417135
2022-03-20T09:15-07:00,0.6672226855713094
2022-03-20T09:30-07:00,0.5963111912356186
2022-03-20T09:45-07:00,0.6373839545517591
2022-03-20T10:00-07:00,0.6357982031789974
2022-03-20T10:15-07:00,0.5950733462496604
2022-03-20T10:30-07:00,0.5813953488372093
2022-03-20T10:45-07:00,0.5950733462496604
2022-03-20T11:00-07:00,0.5380794701986755
2022-03-20T11:15-07:00,0.5655952545178582
2022-03-20T11:30-07:00,0.6072315760419479
2022-03-20T11:45-07:00,0.5378568473314026
2022-03-20T12:00-07:00,0.5797101449275363
2022-03-20T12:15-07:00,0.5391953546246371
2022-03-20T12:30-07:00,0.5394190871369294
2022-03-20T12:45-07:00,0.5806719203649938
2022-03-20T13:00-07:00,0.5809128630705395
2022-03-20T13:15-07:00,0.5537865152983588
2022-03-20T13:30-07:00,0.5935946990612985
2022-03-20T13:45-07:00,0.5662983425414302
2022-03-20T14:00-07:00,0.5801906340654787
2022-03-20T14:15-07:00,0.5674740484429003
2022-03-20T14:30-07:00,0.5405405405405406
2022-03-20T14:45-07:00,0.5826050769870995
2022-03-20T15:00-07:00,0.5973051812751835
2022-03-20T15:15-07:00,0.5693653659213934
2022-03-20T15:30-07:00,0.5560962046434097
2022-03-20T15:45-07:00,0.5963111912356186
2022-03-20T16:00-07:00,0.6247396917950854
2022-03-20T16:15-07:00,0.5958154357766449
2022-03-20T16:30-07:00,0.5965593784683748
2022-03-20T16:45-07:00,0.5688913556264679
2022-03-20T17:00-07:00,0.5693653659213934
2022-03-20T17:15-07:00,0.5700778642936533
2022-03-20T17:30-07:00,0.5712693325902124
2022-03-20T17:45-07:00,0.5427974947807933
2022-03-20T18:00-07:00,0.5712693325902124
2022-03-20T18:15-07:00,0.6156429271022743
2022-03-20T18:30-07:00,0.6395106353399201
2022-03-20T18:45-07:00,0.6397774687065432
2022-03-20T19:00-07:00,0.6812178506881754
2022-03-20T19:15-07:00,0.6688963210702341
2022-03-20T19:30-07:00,0.6817865590649848
2022-03-20T19:45-07:00,0.6265664160401002
2022-03-20T20:00-07:00,0.6535038932146766
2022-03-20T20:15-07:00,0.6669445602334306
2022-03-20T20:30-07:00,0.615384615384609
2022-03-20T20:45-07:00,0.6151265203411093
2022-03-20T21:00-07:00,0.6413831567205864
2022-03-20T21:15-07:00,0.6133258990800048
2022-03-20T21:30-07:00,0.6117908787541649
2022-03-20T21:45-07:00,0.638179800221982
2022-03-20T22:00-07:00,0.6231823847112589
2022-03-20T22:15-07:00,0.6234413965087282
2022-03-20T22:30-07:00,0.6255212677231026
2022-03-20T22:45-07:00,0.6123016977456102
2022-03-20T23:00-07:00,0.5840634125990822
2022-03-20T23:15-07:00,0.6252605252188412
2022-03-20T23:30-07:00,0.6005586592178835
2022-03-20T23:45-07:00,0.6548697227253664
2022-03-21T00:00-07:00,0.6260434056761269
2022-03-21T00:15-07:00,0.6135824850090579
2022-03-21T00:30-07:00,0.5990526609083374
2022-03-21T00:45-07:00,0.6125574272587991
2022-03-21T01:00-07:00,0.6400445248365167
2022-03-21T01:15-07:00,0.6247396917950854
2022-03-21T01:30-07:00,0.6102635228848757
2022-03-21T01:45-07:00,0.6379142976008939
2022-03-21T02:00-07:00,0.5960632104241815
2022-03-21T02:15-07:00,0.6102635228848757
2022-03-21T02:30-07:00,0.6655574043261231
2022-03-21T02:45-07:00,0.6373839545517591
2022-03-21T03:00-07:00,0.6112809113642615
2022-03-21T03:15-07:00,0.6535038932146766
2022-03-21T03:30-07:00,0.5983024906080486
2022-03-21T03:45-07:00,0.5985523385300732
2022-03-21T04:00-07:00,0.6408470325996163
2022-03-21T04:15-07:00,0.6143535325328057
2022-03-21T04:30-07:00,0.6548697227253664
2022-03-21T04:45-07:00,0.5998047147440432
2022-03-21T05:00-07:00,0.6270903010033445
2022-03-21T05:15-07:00,0.5995538204127225
2022-03-21T05:30-07:00,0.5983024906080486
2022-03-21T05:45-07:00,0.6273525721455459
2022-03-21T06:00-07:00,0.6688963210702341
2022-03-21T06:15-07:00,0.6117908787541649
2022-03-21T06:30-07:00,0.6535038932146766
2022-03-21T06:45-07:00,0.6268282490597576
2022-03-21T07:00-07:00,0.5990526609083374
2022-03-21T07:15-07:00,0.6273525721455459
2022-03-21T07:30-07:00,0.6408470325996163
2022-03-21T07:45-07:00,0.6405793065032789
2022-03-21T08:00-07:00,0.6650041562759768
2022-03-21T08:15-07:00,0.6244796003330558
2022-03-21T08:30-07:00,0.6247396917950854
2022-03-21T08:45-07:00,0.6110262463546666
2022-03-21T09:00-07:00,0.6368544925931117
2022-03-21T09:15-07:00,0.6095027012051467
2022-03-21T09:30-07:00,0.6655574043261231
2022-03-21T09:45-07:00,0.6521437491327812
2022-03-21T10:00-07:00,0.6513303769401267
2022-03-21T10:15-07:00,0.6644518272425249
2022-03-21T10:30-07:00,0.6373839545517591
2022-03-21T10:45-07:00,0.6368544925931117
2022-03-21T11:00-07:00,0.6376490158026124
2022-03-21T11:15-07:00,0.6371191135734136
2022-03-21T11:30-07:00,0.6650041562759768
2022-03-21T11:45-07:00,0.6792348211810432
2022-03-21T12:00-07:00,0.6247396917950854
2022-03-21T12:15-07:00,0.625
2022-03-21T12:30-07:00,0.597554196775993
2022-03-21T12:45-07:00,0.667779632721202
2022-03-21T13:00-07:00,0.6672226855713094
2022-03-21T13:15-07:00,0.6400445248365167
2022-03-21T13:30-07:00,0.6133258990800048
2022-03-21T13:45-07:00,0.5724657916782958
2022-03-21T14:00-07:00,0.6025784753363292
2022-03-21T14:15-07:00,0.5715082241427313
2022-03-21T14:30-07:00,0.6405793065032789
2022-03-21T14:45-07:00,0.6413831567205864
2022-03-21T15:00-07:00,0.6365900913368455
2022-03-21T15:15-07:00,0.6513303769401267
2022-03-21T15:30-07:00,0.6252605252188412
2022-03-21T15:45-07:00,0.625
2022-03-21T16:00-07:00,0.6395106353399201
2022-03-21T16:15-07:00,0.6666666666666666
2022-03-21T16:30-07:00,0.6392440244580386
2022-03-21T16:45-07:00,0.5973051812751835
2022-03-21T17:00-07:00,0.5988023952095872
2022-03-21T17:15-07:00,0.6416515553075807
2022-03-21T17:30-07:00,0.6559665038380955
2022-03-21T17:45-07:00,0.6133258990800048
2022-03-21T18:00-07:00,0.6408470325996163
2022-03-21T18:15-07:00,0.6297229219143576
2022-03-21T18:30-07:00,0.6438068579426236
2022-03-21T18:45-07:00,0.6984215672579905
2022-03-21T19:00-07:00,0.6289308176100629
2022-03-21T19:15-07:00,0.6448899481284236
2022-03-21T19:30-07:00,0.657342657342651
2022-03-21T19:45-07:00,0.6286672254819782
2022-03-21T20:00-07:00,0.597554196775993
2022-03-21T20:15-07:00,0.6524153248195383
2022-03-21T20:30-07:00,0.6661115736885929
2022-03-21T20:45-07:00,0.6672226855713094
2022-03-21T21:00-07:00,0.6413831567205864
2022-03-21T21:15-07:00,0.6655574043261231
2022-03-21T21:30-07:00,0.6697362913352868
2022-03-21T21:45-07:00,0.6408470325996163
2022-03-21T22:00-07:00,0.6817865590649848
2022-03-21T22:15-07:00,0.6120461816664284
2022-03-21T22:30-07:00,0.6666666666666666
2022-03-21T22:45-07:00,0.6376490158026124
2022-03-21T23:00-07:00,0.6395106353399201
2022-03-21T23:15-07:00,0.6551435740172783
2022-03-21T23:30-07:00,0.5988023952095872
2022-03-21T23:45-07:00,0.5978034199916649
2022-03-22T00:00-07:00,0.5840634125990822
2022-03-22T00:15-07:00,0.6419201786212735
2022-03-22T00:30-07:00,0.6252605252188412
2022-03-22T00:45-07:00,0.6242197253433208
2022-03-22T01:00-07:00,0.6112809113642615
2022-03-22T01:15-07:00,0.6005586592178835
2022-03-22T01:30-07:00,0.6140963014654507
2022-03-22T01:45-07:00,0.5722260990928059
2022-03-22T02:00-07:00,0.5835764902042517
2022-03-22T02:15-07:00,0.6110262463546666
2022-03-22T02:30-07:00,0.6392440244580386
2022-03-22T02:45-07:00,0.6247396917950854
2022-03-22T03:00-07:00,0.6387114690363851
2022-03-22T03:15-07:00,0.6384455239417135
2022-03-22T03:30-07:00,0.6387114690363851
2022-03-22T03:45-07:00,0.5970563732296648
2022-03-22T04:00-07:00,0.625
2022-03-22T04:15-07:00,0.5843071786310517
2022-03-22T04:30-07:00,0.6128133704735312
2022-03-22T04:45-07:00,0.6278777731268314
2022-03-22T05:00-07:00,0.6252605252188412
2022-03-22T05:15-07:00,0.5998047147440432
2022-03-22T05:30-07:00,0.6419201786212735
2022-03-22T05:45-07:00,0.6110262463546666
2022-03-22T06:00-07:00,0.6247396917950854
2022-03-22T06:15-07:00,0.6387114690363851
2022-03-22T06:30-07:00,0.6263048016701461
2022-03-22T06:45-07:00,0.6397774687065432
2022-03-22T07:00-07:00,0.6529591553209161
2022-03-22T07:15-07:00,0.6675010429703796
2022-03-22T07:30-07:00,0.6408470325996163
2022-03-22T07:45-07:00,0.6548697227253664
2022-03-22T08:00-07:00,0.6672226855713094
2022-03-22T08:15-07:00,0.6146109791870309
2022-03-22T08:30-07:00,0.6276150627615062
2022-03-22T08:45-07:00,0.6247396917950854
2022-03-22T09:00-07:00,0.5833333333333334
2022-03-22T09:15-07:00,0.6395106353399201
2022-03-22T09:30-07:00,0.5840634125990822
2022-03-22T09:45-07:00,0.5993031358885081
2022-03-22T10:00-07:00,0.6257822277847309
2022-03-22T10:15-07:00,0.6268282490597576
2022-03-22T10:30-07:00,0.5973051812751835
2022-03-22T10:45-07:00,0.6125574272587991
2022-03-22T11:00-07:00,0.6400445248365167
2022-03-22T11:15-07:00,0.5865102639296188
2022-03-22T11:30-07:00,0.5588933910856568
2022-03-22T11:45-07:00,0.5283648498331416
2022-03-22T12:00-07:00,0.5983024906080486
2022-03-22T12:15-07:00,0.5857740585774058
2022-03-22T12:30-07:00,0.5857740585774058
2022-03-22T12:45-07:00,0.5446166736489317
2022-03-22T13:00-07:00,0.6371191135734136
2022-03-22T13:15-07:00,0.6252605252188412
2022-03-22T13:30-07:00,0.6112809113642615
2022-03-22T13:45-07:00,0.5830903790087464
2022-03-22T14:00-07:00,0.5963111912356186
2022-03-22T14:15-07:00,0.5691282620766177
2022-03-22T14:30-07:00,0.5277044854881203
2022-03-22T14:45-07:00,0.5427974947807933
2022-03-22T15:00-07:00,0.5691282620766177
2022-03-22T15:15-07:00,0.6143535325328057
2022-03-22T15:30-07:00,0.5724657916782958
2022-03-22T15:45-07:00,0.5865102639296188
2022-03-22T16:00-07:00,0.6148686416992669
2022-03-22T16:15-07:00,0.5724657916782958
2022-03-22T16:30-07:00,0.6010623427453237
2022-03-22T16:45-07:00,0.5724657916782958
2022-03-22T17:00-07:00,0.6000558191459735
2022-03-22T17:15-07:00,0.6310475389145982
2022-03-22T17:30-07:00,0.6318449873631002
2022-03-22T17:45-07:00,0.574632095304829
2022-03-22T18:00-07:00,0.6326444538169549
2022-03-22T18:15-07:00,0.6459766886673284
2022-03-22T18:30-07:00,0.6581711244923616
2022-03-22T18:45-07:00,0.6289308176100629
2022-03-22T19:00-07:00,0.6427273997485043
2022-03-22T19:15-07:00,0.6998880179171268
2022-03-22T19:30-07:00,0.6581711244923616
2022-03-22T19:45-07:00,0.658724597056756
2022-03-22T20:00-07:00,0.6419201786212735
2022-03-22T20:15-07:00,0.6286672254819782
2022-03-22T20:30-07:00,0.6556919642857079
2022-03-22T20:45-07:00,0.6837845380965735
2022-03-22T21:00-07:00,0.7083333333333334
2022-03-22T21:15-07:00,0.6429969247973226
2022-03-22T21:30-07:00,0.6435366536094076
2022-03-22T21:45-07:00,0.6584477444662307
2022-03-22T22:00-07:00,0.6581711244923616
2022-03-22T22:15-07:00,0.657342657342651
2022-03-22T22:30-07:00,0.6565162732225107
2022-03-22T22:45-07:00,0.658724597056756
2022-03-22T23:00-07:00,0.6792348211810432
2022-03-22T23:15-07:00,0.6146109791870309
2022-03-22T23:30-07:00,0.6130695276577893
2022-03-22T23:45-07:00,0.6270903010033445
2022-03-23T00:00-07:00,0.6405793065032789
2022-03-23T00:15-07:00,0.6403118040089151
2022-03-23T00:30-07:00,0.6117908787541649
2022-03-23T00:45-07:00,0.6551435740172783
2022-03-23T01:00-07:00,0.6413831567205864
2022-03-23T01:15-07:00,0.6130695276577893
2022-03-23T01:30-07:00,0.6416515553075807
2022-03-23T01:45-07:00,0.6411149825784036
2022-03-23T02:00-07:00,0.6548697227253664
2022-03-23T02:15-07:00,0.6397774687065432
2022-03-23T02:30-07:00,0.6257822277847309
2022-03-23T02:45-07:00,0.65323141070187
2022-03-23T03:00-07:00,0.6405793065032789
2022-03-23T03:15-07:00,0.6252605252188412
2022-03-23T03:30-07:00,0.6392440244580386
2022-03-23T03:45-07:00,0.6672226855713094
2022-03-23T04:00-07:00,0.6403118040089151
2022-03-23T04:15-07:00,0.6562412733873156
2022-03-23T04:30-07:00,0.657342657342651
2022-03-23T04:45-07:00,0.6576185812228843
2022-03-23T05:00-07:00,0.6688963210702341
2022-03-23T05:15-07:00,0.6581711244923616
2022-03-23T05:30-07:00,0.6694560669456067
2022-03-23T05:45-07:00,0.6115357887421757
2022-03-23T06:00-07:00,0.6112809113642615
2022-03-23T06:15-07:00,0.6138392857142794
2022-03-23T06:30-07:00,0.6097560975609693
2022-03-23T06:45-07:00,0.6229235880398671
2022-03-23T07:00-07:00,0.6408470325996163
2022-03-23T07:15-07:00,0.6691760769552488
2022-03-23T07:30-07:00,0.7101086048454469
2022-03-23T07:45-07:00,0.6567915036333083
2022-03-23T08:00-07:00,0.6688963210702341
2022-03-23T08:15-07:00,0.6565162732225107
2022-03-23T08:30-07:00,0.6302521008403361
2022-03-23T08:45-07:00,0.6273525721455459
2022-03-23T09:00-07:00,0.6516012754748307
2022-03-23T09:15-07:00,0.6666666666666666
2022-03-23T09:30-07:00,0.5850396991224405
2022-03-23T09:45-07:00,0.6107717934480781
2022-03-23T10:00-07:00,0.597554196775993
2022-03-23T10:15-07:00,0.570792148127517
2022-03-23T10:30-07:00,0.6110262463546666
2022-03-23T10:45-07:00,0.5703157601891715
2022-03-23T11:00-07:00,0.5570254839158956
2022-03-23T11:15-07:00,0.5838198498748958
2022-03-23T11:30-07:00,0.6100097046998412
2022-03-23T11:45-07:00,0.6102635228848757
2022-03-23T12:00-07:00,0.5554012774229444
2022-03-23T12:15-07:00,0.6120461816664284
2022-03-23T12:30-07:00,0.5998047147440432
2022-03-23T12:45-07:00,0.5843071786310517
2022-03-23T13:00-07:00,0.5684181339248515
2022-03-23T13:15-07:00,0.5850396991224405
2022-03-23T13:30-07:00,0.5968077723802978
2022-03-23T13:45-07:00,0.5973051812751835
2022-03-23T14:00-07:00,0.6115357887421757
2022-03-23T14:15-07:00,0.6403118040089151
2022-03-23T14:30-07:00,0.5852842809364549
2022-03-23T14:45-07:00,0.5719866071428508
2022-03-23T15:00-07:00,0.5314685314685251
2022-03-23T15:15-07:00,0.5998047147440432
2022-03-23T15:30-07:00,0.5988023952095872
2022-03-23T15:45-07:00,0.5865102639296188
2022-03-23T16:00-07:00,0.5973051812751835
2022-03-23T16:15-07:00,0.5983024906080486
2022-03-23T16:30-07:00,0.6125574272587991
2022-03-23T16:45-07:00,0.5874947545111204
2022-03-23T17:00-07:00,0.5727056851515511
2022-03-23T17:15-07:00,0.573426573426567
2022-03-23T17:30-07:00,0.6161602016524232
2022-03-23T17:45-07:00,0.5758426966292071
2022-03-23T18:00-07:00,0.644347947891868
2022-03-23T18:15-07:00,0.6302521008403361
2022-03-23T18:30-07:00,0.6834983958711182
2022-03-23T18:45-07:00,0.67425200168563
2022-03-23T19:00-07:00,0.6448899481284236
2022-03-23T19:15-07:00,0.658724597056756
2022-03-23T19:30-07:00,0.6033394134979719
2022-03-23T19:45-07:00,0.644347947891868
2022-03-23T20:00-07:00,0.6429969247973226
2022-03-23T20:15-07:00,0.6714225765841376
2022-03-23T20:30-07:00,0.6438068579426236
2022-03-23T20:45-07:00,0.6581711244923616
2022-03-23T21:00-07:00,0.6432666759893785
2022-03-23T21:15-07:00,0.6146109791870309
2022-03-23T21:30-07:00,0.5453020134228188
2022-03-23T21:45-07:00,0.6146109791870309
2022-03-23T22:00-07:00,0.6151265203411093
2022-03-23T22:15-07:00,0.5865102639296188
2022-03-23T22:30-07:00,0.5729457797652255
2022-03-23T22:45-07:00,0.6151265203411093
2022-03-23T23:00-07:00,0.5835764902042517
2022-03-23T23:15-07:00,0.6526871267879397
2022-03-23T23:30-07:00,0.6242197253433208
2022-03-23T23:45-07:00,0.5980528511822039
2022-03-24T00:00-07:00,0.5965593784683748
2022-03-24T00:15-07:00,0.6123016977456102
2022-03-24T00:30-07:00,0.5998047147440432
2022-03-24T00:45-07:00,0.5724657916782958
2022-03-24T01:00-07:00,0.6405793065032789
2022-03-24T01:15-07:00,0.6263048016701461
2022-03-24T01:30-07:00,0.6120461816664284
2022-03-24T01:45-07:00,0.6273525721455459
2022-03-24T02:00-07:00,0.5855290673358428
2022-03-24T02:15-07:00,0.6268282490597576
2022-03-24T02:30-07:00,0.6270903010033445
2022-03-24T02:45-07:00,0.6128133704735312
2022-03-24T03:00-07:00,0.5985523385300732
2022-03-24T03:15-07:00,0.5985523385300732
2022-03-24T03:30-07:00,0.6125574272587991
2022-03-24T03:45-07:00,0.6265664160401002
2022-03-24T04:00-07:00,0.6128133704735312
2022-03-24T04:15-07:00,0.615384615384609
2022-03-24T04:30-07:00,0.6556919642857079
2022-03-24T04:45-07:00,0.6419201786212735
2022-03-24T05:00-07:00,0.6397774687065432
2022-03-24T05:15-07:00,0.6537766031436854
2022-03-24T05:30-07:00,0.6403118040089151
2022-03-24T05:45-07:00,0.6411149825784036
2022-03-24T06:00-07:00,0.6257822277847309
2022-03-24T06:15-07:00,0.6675010429703796
2022-03-24T06:30-07:00,0.6400445248365167
2022-03-24T06:45-07:00,0.6263048016701461
2022-03-24T07:00-07:00,0.6120461816664284
2022-03-24T07:15-07:00,0.6411149825784036
2022-03-24T07:30-07:00,0.6123016977456102
2022-03-24T07:45-07:00,0.6556919642857079
2022-03-24T08:00-07:00,0.6809338521400842
2022-03-24T08:15-07:00,0.6255212677231026
2022-03-24T08:30-07:00,0.6252605252188412
2022-03-24T08:45-07:00,0.6265664160401002
2022-03-24T09:00-07:00,0.6694560669456067
2022-03-24T09:15-07:00,0.628140703517588
2022-03-24T09:30-07:00,0.5865102639296188
2022-03-24T09:45-07:00,0.6148686416992669
2022-03-24T10:00-07:00,0.5828476269775187
2022-03-24T10:15-07:00,0.5980528511822039
2022-03-24T10:30-07:00,0.6278777731268314
2022-03-24T10:45-07:00,0.6008103954170806
2022-03-24T11:00-07:00,0.587248322147651
2022-03-24T11:15-07:00,0.6289308176100629
2022-03-24T11:30-07:00,0.570792148127517
2022-03-24T11:45-07:00,0.6661115736885929
2022-03-24T12:00-07:00,0.5978034199916649
2022-03-24T12:15-07:00,0.5558643690939474
2022-03-24T12:30-07:00,0.5985523385300732
2022-03-24T12:45-07:00,0.6095027012051467
2022-03-24T13:00-07:00,0.6242197253433208
2022-03-24T13:15-07:00,0.5958154357766449
2022-03-24T13:30-07:00,0.5879882402351952
2022-03-24T13:45-07:00,0.6294586655476291
2022-03-24T14:00-07:00,0.5574912891986127
2022-03-24T14:15-07:00,0.5993031358885081
2022-03-24T14:30-07:00,0.6112809113642615
2022-03-24T14:45-07:00,0.5693653659213934
2022-03-24T15:00-07:00,0.5826050769870995
2022-03-24T15:15-07:00,0.6105175523796246
2022-03-24T15:30-07:00,0.6252605252188412
2022-03-24T15:45-07:00,0.6260434056761269
2022-03-24T16:00-07:00,0.6263048016701461
2022-03-24T16:15-07:00,0.6286672254819782
2022-03-24T16:30-07:00,0.6130695276577893
2022-03-24T16:45-07:00,0.6128133704735312
2022-03-24T17:00-07:00,0.6581711244923616
2022-03-24T17:15-07:00,0.602325255638051
2022-03-24T17:30-07:00,0.6020722486698468
2022-03-24T17:45-07:00,0.6562412733873156
2022-03-24T18:00-07:00,0.6164191650322155
2022-03-24T18:15-07:00,0.6576185812228843
2022-03-24T18:30-07:00,0.6691760769552488
2022-03-24T18:45-07:00,0.6138392857142794
2022-03-24T19:00-07:00,0.6421890269440242
2022-03-24T19:15-07:00,0.6427273997485043
2022-03-24T19:30-07:00,0.6578947368420989
2022-03-24T19:45-07:00,0.6448899481284236
2022-03-24T20:00-07:00,0.6419201786212735
2022-03-24T20:15-07:00,0.6421890269440242
2022-03-24T20:30-07:00,0.6128133704735312
2022-03-24T20:45-07:00,0.6276150627615062
2022-03-24T21:00-07:00,0.6395106353399201
2022-03-24T21:15-07:00,0.625
2022-03-24T21:30-07:00,0.65323141070187
2022-03-24T21:45-07:00,0.682071269487757
2022-03-24T22:00-07:00,0.6817865590649848
2022-03-24T22:15-07:00,0.6260434056761269
2022-03-24T22:30-07:00,0.6526871267879397
2022-03-24T22:45-07:00,0.6688963210702341
2022-03-24T23:00-07:00,0.6252605252188412
2022-03-24T23:15-07:00,0.6291946308724832
2022-03-24T23:30-07:00,0.6100097046998412
2022-03-24T23:45-07:00,0.6252605252188412
2022-03-25T00:00-07:00,0.6255212677231026
2022-03-25T00:15-07:00,0.6244796003330558
2022-03-25T00:30-07:00,0.6551435740172783
2022-03-25T00:45-07:00,0.6135824850090579
2022-03-25T01:00-07:00,0.5983024906080486
2022-03-25T01:15-07:00,0.6117908787541649
2022-03-25T01:30-07:00,0.5983024906080486
2022-03-25T01:45-07:00,0.5980528511822039
2022-03-25T02:00-07:00,0.6395106353399201
2022-03-25T02:15-07:00,0.6392440244580386
2022-03-25T02:30-07:00,0.6529591553209161
2022-03-25T02:45-07:00,0.6247396917950854
2022-03-25T03:00-07:00,0.638179800221982
2022-03-25T03:15-07:00,0.6521437491327812
2022-03-25T03:30-07:00,0.6107717934480781
2022-03-25T03:45-07:00,0.638179800221982
2022-03-25T04:00-07:00,0.6387114690363851
2022-03-25T04:15-07:00,0.6263048016701461
2022-03-25T04:30-07:00,0.6400445248365167
2022-03-25T04:45-07:00,0.6400445248365167
2022-03-25T05:00-07:00,0.6403118040089151
2022-03-25T05:15-07:00,0.6389776357827539
2022-03-25T05:30-07:00,0.6397774687065432
2022-03-25T05:45-07:00,0.65323141070187
2022-03-25T06:00-07:00,0.6661115736885929
2022-03-25T06:15-07:00,0.6270903010033445
2022-03-25T06:30-07:00,0.628140703517588
2022-03-25T06:45-07:00,0.6408470325996163
2022-03-25T07:00-07:00,0.6289308176100629
2022-03-25T07:15-07:00,0.6294586655476291
2022-03-25T07:30-07:00,0.6556919642857079
2022-03-25T07:45-07:00,0.6708595387840671
2022-03-25T08:00-07:00,0.6705783738474435
2022-03-25T08:15-07:00,0.6537766031436854
2022-03-25T08:30-07:00,0.710405348934392
2022-03-25T08:45-07:00,0.6429969247973226
2022-03-25T09:00-07:00,0.6666666666666666
2022-03-25T09:15-07:00,0.6424581005586656
2022-03-25T09:30-07:00,0.6289308176100629
2022-03-25T09:45-07:00,0.6159014557670709
2022-03-25T10:00-07:00,0.6435366536094076
2022-03-25T10:15-07:00,0.6368544925931117
2022-03-25T10:30-07:00,0.6117908787541649
2022-03-25T10:45-07:00,0.6117908787541649
2022-03-25T11:00-07:00,0.5990526609083374
2022-03-25T11:15-07:00,0.6559665038380955
2022-03-25T11:30-07:00,0.615384615384609
2022-03-25T11:45-07:00,0.5563282336578645
2022-03-25T12:00-07:00,0.5847953216374269
2022-03-25T12:15-07:00,0.6244796003330558
2022-03-25T12:30-07:00,0.5978034199916649
2022-03-25T12:45-07:00,0.5843071786310517
2022-03-25T13:00-07:00,0.6092495153696974
2022-03-25T13:15-07:00,0.5990526609083374
2022-03-25T13:30-07:00,0.5855290673358428
2022-03-25T13:45-07:00,0.6143535325328057
2022-03-25T14:00-07:00,0.5743905855982003
2022-03-25T14:15-07:00,0.5892255892255892
2022-03-25T14:30-07:00,0.6403118040089151
2022-03-25T14:45-07:00,0.6128133704735312
2022-03-25T15:00-07:00,0.5865102639296188
2022-03-25T15:15-07:00,0.5719866071428508
2022-03-25T15:30-07:00,0.5443886097152428
2022-03-25T15:45-07:00,0.6000558191459735
2022-03-25T16:00-07:00,0.5862646566164154
2022-03-25T16:15-07:00,0.6278777731268314
2022-03-25T16:30-07:00,0.5993031358885081
2022-03-25T16:45-07:00,0.6297229219143576
2022-03-25T17:00-07:00,0.6294586655476291
2022-03-25T17:15-07:00,0.644618834080724
2022-03-25T17:30-07:00,0.5882352941176471
2022-03-25T17:45-07:00,0.6413831567205864
2022-03-25T18:00-07:00,0.6581711244923616
2022-03-25T18:15-07:00,0.6440772892747194
2022-03-25T18:30-07:00,0.6440772892747194
2022-03-25T18:45-07:00,0.6981290142418255
2022-03-25T19:00-07:00,0.6717044500419815
2022-03-25T19:15-07:00,0.6294586655476291
2022-03-25T19:30-07:00,0.644347947891868
2022-03-25T19:45-07:00,0.6294586655476291
2022-03-25T20:00-07:00,0.6427273997485043
2022-03-25T20:15-07:00,0.6694560669456067
2022-03-25T20:30-07:00,0.6008103954170806
2022-03-25T20:45-07:00,0.6416515553075807
2022-03-25T21:00-07:00,0.6711409395973155
2022-03-25T21:15-07:00,0.6416515553075807
2022-03-25T21:30-07:00,0.6969612489545517
2022-03-25T21:45-07:00,0.6960879855213635
2022-03-25T22:00-07:00,0.6955070246209423
2022-03-25T22:15-07:00,0.6714225765841376
2022-03-25T22:30-07:00,0.6834983958711182
2022-03-25T22:45-07:00,0.6937699458859379
2022-03-25T23:00-07:00,0.6940588561909986
2022-03-25T23:15-07:00,0.6815020862308826
2022-03-25T23:30-07:00,0.6658343736995422
2022-03-25T23:45-07:00,0.5990526609083374
2022-03-26T00:00-07:00,0.6529591553209161
2022-03-26T00:15-07:00,0.6823562177969705
2022-03-26T00:30-07:00,0.6809338521400842
2022-03-26T00:45-07:00,0.6663890045814244
2022-03-26T01:00-07:00,0.6931928462498204
2022-03-26T01:15-07:00,0.6273525721455459
2022-03-26T01:30-07:00,0.6683375104427736
2022-03-26T01:45-07:00,0.7109995817649519
2022-03-26T02:00-07:00,0.6548697227253664
2022-03-26T02:15-07:00,0.6403118040089151
2022-03-26T02:30-07:00,0.6683375104427736
2022-03-26T02:45-07:00,0.6675010429703796
2022-03-26T03:00-07:00,0.6675010429703796
2022-03-26T03:15-07:00,0.6408470325996163
2022-03-26T03:30-07:00,0.6543227063900814
2022-03-26T03:45-07:00,0.6540495407737204
2022-03-26T04:00-07:00,0.6263048016701461
2022-03-26T04:15-07:00,0.6823562177969705
2022-03-26T04:30-07:00,0.6688963210702341
2022-03-26T04:45-07:00,0.7250418293363142
2022-03-26T05:00-07:00,0.6972528238739303
2022-03-26T05:15-07:00,0.6702974444909929
2022-03-26T05:30-07:00,0.6705783738474435
2022-03-26T05:45-07:00,0.682071269487757
2022-03-26T06:00-07:00,0.6263048016701461
2022-03-26T06:15-07:00,0.6975446428571365
2022-03-26T06:30-07:00,0.6708595387840671
2022-03-26T06:45-07:00,0.6543227063900814
2022-03-26T07:00-07:00,0.6529591553209161
2022-03-26T07:15-07:00,0.6806500902903244
2022-03-26T07:30-07:00,0.7095158597662772
2022-03-26T07:45-07:00,0.6969612489545517
2022-03-26T08:00-07:00,0.7095158597662772
2022-03-26T08:15-07:00,0.6686167989970748
2022-03-26T08:30-07:00,0.6817865590649848
2022-03-26T08:45-07:00,0.6795174039661691
2022-03-26T09:00-07:00,0.6537766031436854
2022-03-26T09:15-07:00,0.6543227063900814
2022-03-26T09:30-07:00,0.6683375104427736
2022-03-26T09:45-07:00,0.65323141070187
2022-03-26T10:00-07:00,0.6663890045814244
2022-03-26T10:15-07:00,0.5960632104241815
2022-03-26T10:30-07:00,0.6524153248195383
2022-03-26T10:45-07:00,0.5963111912356186
2022-03-26T11:00-07:00,0.6247396917950854
2022-03-26T11:15-07:00,0.6112809113642615
2022-03-26T11:30-07:00,0.6371191135734136
2022-03-26T11:45-07:00,0.6231823847112589
2022-03-26T12:00-07:00,0.6244796003330558
2022-03-26T12:15-07:00,0.6373839545517591
2022-03-26T12:30-07:00,0.6100097046998412
2022-03-26T12:45-07:00,0.6376490158026124
2022-03-26T13:00-07:00,0.6237006237006237
2022-03-26T13:15-07:00,0.5963111912356186
2022-03-26T13:30-07:00,0.6247396917950854
2022-03-26T13:45-07:00,0.6242197253433208
2022-03-26T14:00-07:00,0.6537766031436854
2022-03-26T14:15-07:00,0.625
2022-03-26T14:30-07:00,0.6263048016701461
2022-03-26T14:45-07:00,0.6263048016701461
2022-03-26T15:00-07:00,0.5667680398119925
2022-03-26T15:15-07:00,0.6097560975609693
2022-03-26T15:30-07:00,0.6244796003330558
2022-03-26T15:45-07:00,0.6389776357827539
2022-03-26T16:00-07:00,0.6255212677231026
2022-03-26T16:15-07:00,0.6403118040089151
2022-03-26T16:30-07:00,0.6138392857142794
2022-03-26T16:45-07:00,0.5852842809364549
2022-03-26T17:00-07:00,0.6112809113642615
2022-03-26T17:15-07:00,0.6270903010033445
2022-03-26T17:30-07:00,0.6255212677231026
2022-03-26T17:45-07:00,0.6125574272587991
2022-03-26T18:00-07:00,0.6128133704735312
2022-03-26T18:15-07:00,0.6440772892747194
2022-03-26T18:30-07:00,0.667779632721202
2022-03-26T18:45-07:00,0.657342657342651
2022-03-26T19:00-07:00,0.6978367062107403
2022-03-26T19:15-07:00,0.6711409395973155
2022-03-26T19:30-07:00,0.6601123595505554
2022-03-26T19:45-07:00,0.6717044500419815
2022-03-26T20:00-07:00,0.6432666759893785
2022-03-26T20:15-07:00,0.6702974444909929
2022-03-26T20:30-07:00,0.7115948095437421
2022-03-26T20:45-07:00,0.6545961002785452
2022-03-26T21:00-07:00,0.6686167989970748
2022-03-26T21:15-07:00,0.6537766031436854
2022-03-26T21:30-07:00,0.70862859524802
2022-03-26T21:45-07:00,0.6943480072212129
2022-03-26T22:00-07:00,0.682071269487757
2022-03-26T22:15-07:00,0.6949270326615642
2022-03-26T22:30-07:00,0.6817865590649848
2022-03-26T22:45-07:00,0.6672226855713094
2022-03-26T23:00-07:00,0.6397774687065432
2022-03-26T23:15-07:00,0.6812178506881754
2022-03-26T23:30-07:00,0.6403118040089151
2022-03-26T23:45-07:00,0.6255212677231026
2022-03-27T00:00-07:00,0.6792348211810432
2022-03-27T00:15-07:00,0.6694560669456067
2022-03-27T00:30-07:00,0.7112970711297071
2022-03-27T00:45-07:00,0.6551435740172783
2022-03-27T01:00-07:00,0.6408470325996163
2022-03-27T01:15-07:00,0.6535038932146766
2022-03-27T01:30-07:00,0.6823562177969705
2022-03-27T01:45-07:00,0.6680584551148225
2022-03-27T02:00-07:00,0.6955070246209423
2022-03-27T02:15-07:00,0.6815020862308826
2022-03-27T02:30-07:00,0.6666666666666666
2022-03-27T02:45-07:00,0.6940588561909986
2022-03-27T03:00-07:00,0.6812178506881754
2022-03-27T03:15-07:00,0.6943480072212129
2022-03-27T03:30-07:00,0.6803665648431055
2022-03-27T03:45-07:00,0.7080383173677635
2022-03-27T04:00-07:00,0.6800832755031292
2022-03-27T04:15-07:00,0.6661115736885929
2022-03-27T04:30-07:00,0.6669445602334306
2022-03-27T04:45-07:00,0.70862859524802
2022-03-27T05:00-07:00,0.7080383173677635
2022-03-27T05:15-07:00,0.6946373992775707
2022-03-27T05:30-07:00,0.6669445602334306
2022-03-27T05:45-07:00,0.6809338521400842
2022-03-27T06:00-07:00,0.6535038932146766
2022-03-27T06:15-07:00,0.6815020862308826
2022-03-27T06:30-07:00,0.682071269487757
2022-03-27T06:45-07:00,0.6823562177969705
2022-03-27T07:00-07:00,0.70862859524802
2022-03-27T07:15-07:00,0.6946373992775707
2022-03-27T07:30-07:00,0.6669445602334306
2022-03-27T07:45-07:00,0.6683375104427736
2022-03-27T08:00-07:00,0.6817865590649848
2022-03-27T08:15-07:00,0.7098121085594989
2022-03-27T08:30-07:00,0.6697362913352868
2022-03-27T08:45-07:00,0.6644518272425249
2022-03-27T09:00-07:00,0.6647278770253428
2022-03-27T09:15-07:00,0.6672226855713094
2022-03-27T09:30-07:00,0.6675010429703796
2022-03-27T09:45-07:00,0.6800832755031292
2022-03-27T10:00-07:00,0.6652806652806653
2022-03-27T10:15-07:00,0.6786703601108096
2022-03-27T10:30-07:00,0.6373839545517591
2022-03-27T10:45-07:00,0.6363259095310618
2022-03-27T11:00-07:00,0.6229235880398671
2022-03-27T11:15-07:00,0.6636250518457072
2022-03-27T11:30-07:00,0.6226650062266501
2022-03-27T11:45-07:00,0.6218905472636815
2022-03-27T12:00-07:00,0.6211180124223602
2022-03-27T12:15-07:00,0.6781068364240307
2022-03-27T12:30-07:00,0.5811540058115401
2022-03-27T12:45-07:00,0.5958154357766449
2022-03-27T13:00-07:00,0.5968077723802978
2022-03-27T13:15-07:00,0.5965593784683748
2022-03-27T13:30-07:00,0.6239600665557404
2022-03-27T13:45-07:00,0.5965593784683748
2022-03-27T14:00-07:00,0.6247396917950854
2022-03-27T14:15-07:00,0.5835764902042517
2022-03-27T14:30-07:00,0.5845511482254697
2022-03-27T14:45-07:00,0.5843071786310517
2022-03-27T15:00-07:00,0.5931034482758684
2022-03-27T15:15-07:00,0.6206040546131568
2022-03-27T15:30-07:00,0.6478290833907587
2022-03-27T15:45-07:00,0.6069802731411166
2022-03-27T16:00-07:00,0.6211180124223602
2022-03-27T16:15-07:00,0.6100097046998412
2022-03-27T16:30-07:00,0.5960632104241815
2022-03-27T16:45-07:00,0.6244796003330558
2022-03-27T17:00-07:00,0.5826050769870995
2022-03-27T17:15-07:00,0.6392440244580386
2022-03-27T17:30-07:00,0.6097560975609693
2022-03-27T17:45-07:00,0.6242197253433208
2022-03-27T18:00-07:00,0.6395106353399201
2022-03-27T18:15-07:00,0.628140703517588
2022-03-27T18:30-07:00,0.6675010429703796
2022-03-27T18:45-07:00,0.6556919642857079
2022-03-27T19:00-07:00,0.6722689075630253
2022-03-27T19:15-07:00,0.6829268292682991
2022-03-27T19:30-07:00,0.6981290142418255
2022-03-27T19:45-07:00,0.6843575418994478
2022-03-27T20:00-07:00,0.6978367062107403
2022-03-27T20:15-07:00,0.6834983958711182
2022-03-27T20:30-07:00,0.6966699177929433
2022-03-27T20:45-07:00,0.6823562177969705
2022-03-27T21:00-07:00,0.7101086048454469
2022-03-27T21:15-07:00,0.7375452268299407
2022-03-27T21:30-07:00,0.7092198581560284
2022-03-27T21:45-07:00,0.6952169076751883
2022-03-27T22:00-07:00,0.7083333333333334
2022-03-27T22:15-07:00,0.7226236798221297
2022-03-27T22:30-07:00,0.7089241034195163
2022-03-27T22:45-07:00,0.7098121085594989
2022-03-27T23:00-07:00,0.70862859524802
2022-03-27T23:15-07:00,0.6559665038380955
2022-03-27T23:30-07:00,0.6521437491327812
2022-03-27T23:45-07:00,0.6371191135734136
2022-03-28T00:00-07:00,0.6817865590649848
2022-03-28T00:15-07:00,0.6680584551148225
2022-03-28T00:30-07:00,0.667779632721202
2022-03-28T00:45-07:00,0.6937699458859379
2022-03-28T01:00-07:00,0.6666666666666666
2022-03-28T01:15-07:00,0.6387114690363851
2022-03-28T01:30-07:00,0.6798002219755891
2022-03-28T01:45-07:00,0.638179800221982
2022-03-28T02:00-07:00,0.6518723994452086
2022-03-28T02:15-07:00,0.6502490315439893
2022-03-28T02:30-07:00,0.6647278770253428
2022-03-28T02:45-07:00,0.6513303769401267
2022-03-28T03:00-07:00,0.6231823847112589
2022-03-28T03:15-07:00,0.6518723994452086
2022-03-28T03:30-07:00,0.6384455239417135
2022-03-28T03:45-07:00,0.6387114690363851
2022-03-28T04:00-07:00,0.6389776357827539
2022-03-28T04:15-07:00,0.6395106353399201
2022-03-28T04:30-07:00,0.6257822277847309
2022-03-28T04:45-07:00,0.6683375104427736
2022-03-28T05:00-07:00,0.6526871267879397
2022-03-28T05:15-07:00,0.6268282490597576
2022-03-28T05:30-07:00,0.6270903010033445
2022-03-28T05:45-07:00,0.6270903010033445
2022-03-28T06:00-07:00,0.6389776357827539
2022-03-28T06:15-07:00,0.6554176544414941
2022-03-28T06:30-07:00,0.6291946308724832
2022-03-28T06:45-07:00,0.6700167504187605
2022-03-28T07:00-07:00,0.6562412733873156
2022-03-28T07:15-07:00,0.629987400251995
2022-03-28T07:30-07:00,0.6702974444909929
2022-03-28T07:45-07:00,0.6993006993006929
2022-03-28T08:00-07:00,0.6798002219755891
2022-03-28T08:15-07:00,0.6960879855213635
2022-03-28T08:30-07:00,0.6697362913352868
2022-03-28T08:45-07:00,0.6686167989970748
2022-03-28T09:00-07:00,0.6545961002785452
2022-03-28T09:15-07:00,0.6960879855213635
2022-03-28T09:30-07:00,0.6688963210702341
2022-03-28T09:45-07:00,0.6419201786212735
2022-03-28T10:00-07:00,0.6829268292682991
2022-03-28T10:15-07:00,0.6855064353665425
2022-03-28T10:30-07:00,0.6578947368420989
2022-03-28T10:45-07:00,0.658724597056756
2022-03-28T11:00-07:00,0.6719865602687947
2022-03-28T11:15-07:00,0.6857942617214899
2022-03-28T11:30-07:00,0.6834983958711182
2022-03-28T11:45-07:00,0.7403268612934704
2022-03-28T12:00-07:00,0.7253452364346555
2022-03-28T12:15-07:00,0.7290060283190868
2022-03-28T12:30-07:00,0.7160909856781803
2022-03-28T12:45-07:00,0.7148864592094197
2022-03-28T13:00-07:00,0.6584477444662307
2022-03-28T13:15-07:00,0.7403268612934704
2022-03-28T13:30-07:00,0.7366226546212584
2022-03-28T13:45-07:00,0.7217210270645449
2022-03-28T14:00-07:00,0.7092198581560284
2022-03-28T14:15-07:00,0.6931928462498204
2022-03-28T14:30-07:00,0.710405348934392
2022-03-28T14:45-07:00,0.711892797319933
2022-03-28T15:00-07:00,0.7077435470441299
2022-03-28T15:15-07:00,0.6795174039661691
2022-03-28T15:30-07:00,0.7256488975718736
2022-03-28T15:45-07:00,0.6708595387840671
2022-03-28T16:00-07:00,0.7262569832402299
2022-03-28T16:15-07:00,0.6855064353665425
2022-03-28T16:30-07:00,0.7262569832402299
2022-03-28T16:45-07:00,0.7400167550963354
2022-03-28T17:00-07:00,0.7253452364346555
2022-03-28T17:15-07:00,0.7256488975718736
2022-03-28T17:30-07:00,0.7112970711297071
2022-03-28T17:45-07:00,0.7678347061287234
2022-03-28T18:00-07:00,0.7403268612934704
2022-03-28T18:15-07:00,0.7822321553289502
2022-03-28T18:30-07:00,0.726561408411352
2022-03-28T18:45-07:00,0.7675132570471735
2022-03-28T19:00-07:00,0.7400167550963354
2022-03-28T19:15-07:00,0.7789678675754561
2022-03-28T19:30-07:00,0.7253452364346555
2022-03-28T19:45-07:00,0.7675132570471735
2022-03-28T20:00-07:00,0.7812499999999936
2022-03-28T20:15-07:00,0.7515657620041754
2022-03-28T20:30-07:00,0.7933194154488518
2022-03-28T20:45-07:00,0.7789678675754561
2022-03-28T21:00-07:00,0.7636767564565462
2022-03-28T21:15-07:00,0.70862859524802
2022-03-28T21:30-07:00,0.7675132570471735
2022-03-28T21:45-07:00,0.7531380753138075
2022-03-28T22:00-07:00,0.7809231627388027
2022-03-28T22:15-07:00,0.765270627521921
2022-03-28T22:30-07:00,0.7512520868113522
2022-03-28T22:45-07:00,0.738161559888573
2022-03-28T23:00-07:00,0.765910040384354
2022-03-28T23:15-07:00,0.7080383173677635
2022-03-28T23:30-07:00,0.7080383173677635
2022-03-28T23:45-07:00,0.6803665648431055
2022-03-29T00:00-07:00,0.6934812760055415
2022-03-29T00:15-07:00,0.7220216606498259
2022-03-29T00:30-07:00,0.6526871267879397
2022-03-29T00:45-07:00,0.7077435470441299
2022-03-29T01:00-07:00,0.7475083056478405
2022-03-29T01:15-07:00,0.7077435470441299
2022-03-29T01:30-07:00,0.7630410654828033
2022-03-29T01:45-07:00,0.682071269487757
2022-03-29T02:00-07:00,0.7375452268299407
2022-03-29T02:15-07:00,0.7095158597662772
2022-03-29T02:30-07:00,0.7089241034195163
2022-03-29T02:45-07:00,0.7229250660364307
2022-03-29T03:00-07:00,0.7089241034195163
2022-03-29T03:15-07:00,0.7229250660364307
2022-03-29T03:30-07:00,0.6949270326615642
2022-03-29T03:45-07:00,0.7372374460981992
2022-03-29T04:00-07:00,0.7400167550963354
2022-03-29T04:15-07:00,0.7121910347716799
2022-03-29T04:30-07:00,0.7247386759581945
2022-03-29T04:45-07:00,0.6972528238739303
2022-03-29T05:00-07:00,0.7235285932934529
2022-03-29T05:15-07:00,0.6966699177929433
2022-03-29T05:30-07:00,0.6655574043261231
2022-03-29T05:45-07:00,0.7353961426390945
2022-03-29T06:00-07:00,0.765910040384354
2022-03-29T06:15-07:00,0.7247386759581945
2022-03-29T06:30-07:00,0.7387789238918252
2022-03-29T06:45-07:00,0.7378532646526457
2022-03-29T07:00-07:00,0.7525083612040134
2022-03-29T07:15-07:00,0.7387789238918252
2022-03-29T07:30-07:00,0.6966699177929433
2022-03-29T07:45-07:00,0.6955070246209423
2022-03-29T08:00-07:00,0.7326513685374556
2022-03-29T08:15-07:00,0.6946373992775707
2022-03-29T08:30-07:00,0.7124895222129086
2022-03-29T08:45-07:00,0.6955070246209423
2022-03-29T09:00-07:00,0.7059800664451827
2022-03-29T09:15-07:00,0.6837845380965735
2022-03-29T09:30-07:00,0.6686167989970748
2022-03-29T09:45-07:00,0.6411149825784036
2022-03-29T10:00-07:00,0.6672226855713094
2022-03-29T10:15-07:00,0.6675010429703796
2022-03-29T10:30-07:00,0.6786703601108096
2022-03-29T10:45-07:00,0.6809338521400842
2022-03-29T11:00-07:00,0.6789524733268735
2022-03-29T11:15-07:00,0.6931928462498204
2022-03-29T11:30-07:00,0.6666666666666666
2022-03-29T11:45-07:00,0.6239600665557404
2022-03-29T12:00-07:00,0.6792348211810432
2022-03-29T12:15-07:00,0.6507892550539953
2022-03-29T12:30-07:00,0.6516012754748307
2022-03-29T12:45-07:00,0.6815020862308826
2022-03-29T13:00-07:00,0.6669445602334306
2022-03-29T13:15-07:00,0.6993006993006929
2022-03-29T13:30-07:00,0.6658343736995422
2022-03-29T13:45-07:00,0.6570669649098216
2022-03-29T14:00-07:00,0.6852188505104245
2022-03-29T14:15-07:00,0.6705783738474435
2022-03-29T14:30-07:00,0.6846444040799281
2022-03-29T14:45-07:00,0.6812178506881754
2022-03-29T15:00-07:00,0.6521437491327812
2022-03-29T15:15-07:00,0.6700167504187605
2022-03-29T15:30-07:00,0.6686167989970748
2022-03-29T15:45-07:00,0.696378830083559
2022-03-29T16:00-07:00,0.70862859524802
2022-03-29T16:15-07:00,0.6812178506881754
2022-03-29T16:30-07:00,0.638179800221982
2022-03-29T16:45-07:00,0.6524153248195383
2022-03-29T17:00-07:00,0.6946373992775707
2022-03-29T17:15-07:00,0.6809338521400842
2022-03-29T17:30-07:00,0.7384701128605203
2022-03-29T17:45-07:00,0.682071269487757
2022-03-29T18:00-07:00,0.6278777731268314
2022-03-29T18:15-07:00,0.6849315068493215
2022-03-29T18:30-07:00,0.7124895222129086
2022-03-29T18:45-07:00,0.6978367062107403
2022-03-29T19:00-07:00,0.6697362913352868
2022-03-29T19:15-07:00,0.6984215672579905
2022-03-29T19:30-07:00,0.7428170988086832
2022-03-29T19:45-07:00,0.7537688442211056
2022-03-29T20:00-07:00,0.7537688442211056
2022-03-29T20:15-07:00,0.7387789238918252
2022-03-29T20:30-07:00,0.7247386759581945
2022-03-29T20:45-07:00,0.7518796992481203
2022-03-29T21:00-07:00,0.765910040384354
2022-03-29T21:15-07:00,0.7378532646526457
2022-03-29T21:30-07:00,0.7363156432342254
2022-03-29T21:45-07:00,0.765910040384354
2022-03-29T22:00-07:00,0.7649513212795613
2022-03-29T22:15-07:00,0.7235285932934529
2022-03-29T22:30-07:00,0.70862859524802
2022-03-29T22:45-07:00,0.7211205103314444
2022-03-29T23:00-07:00,0.7506255212677231
2022-03-29T23:15-07:00,0.7496876301541024
2022-03-29T23:30-07:00,0.7639949993054654
2022-03-29T23:45-07:00,0.6937699458859379
2022-03-30T00:00-07:00,0.7347844170248099
2022-03-30T00:15-07:00,0.710405348934392
2022-03-30T00:30-07:00,0.7089241034195163
2022-03-30T00:45-07:00,0.7241331290906623
2022-03-30T01:00-07:00,0.7512520868113522
2022-03-30T01:15-07:00,0.7217210270645449
2022-03-30T01:30-07:00,0.7235285932934529
2022-03-30T01:45-07:00,0.7250418293363142
2022-03-30T02:00-07:00,0.7547169811320755
2022-03-30T02:15-07:00,0.7241331290906623
2022-03-30T02:30-07:00,0.6966699177929433
2022-03-30T02:45-07:00,0.6823562177969705
2022-03-30T03:00-07:00,0.7235285932934529
2022-03-30T03:15-07:00,0.7098121085594989
2022-03-30T03:30-07:00,0.7223225447978949
2022-03-30T03:45-07:00,0.7515657620041754
2022-03-30T04:00-07:00,0.7253452364346555
2022-03-30T04:15-07:00,0.7537688442211056
2022-03-30T04:30-07:00,0.7256488975718736
2022-03-30T04:45-07:00,0.7121910347716799
2022-03-30T05:00-07:00,0.7387789238918252
2022-03-30T05:15-07:00,0.7262569832402299
2022-03-30T05:30-07:00,0.7244357759821741
2022-03-30T05:45-07:00,0.6972528238739303
2022-03-30T06:00-07:00,0.6714225765841376
2022-03-30T06:15-07:00,0.7518796992481203
2022-03-30T06:30-07:00,0.7387789238918252
2022-03-30T06:45-07:00,0.7095158597662772
2022-03-30T07:00-07:00,0.7238307349665988
2022-03-30T07:15-07:00,0.6993006993006929
2022-03-30T07:30-07:00,0.6943480072212129
2022-03-30T07:45-07:00,0.7130872483221476
2022-03-30T08:00-07:00,0.7083333333333334
2022-03-30T08:15-07:00,0.7387789238918252
2022-03-30T08:30-07:00,0.6978367062107403
2022-03-30T08:45-07:00,0.6937699458859379
2022-03-30T09:00-07:00,0.7080383173677635
2022-03-30T09:15-07:00,0.7098121085594989
2022-03-30T09:30-07:00,0.6946373992775707
2022-03-30T09:45-07:00,0.7214206437291961
2022-03-30T10:00-07:00,0.6789524733268735
2022-03-30T10:15-07:00,0.7071547420965059
2022-03-30T10:30-07:00,0.6669445602334306
2022-03-30T10:45-07:00,0.6675010429703796
2022-03-30T11:00-07:00,0.6675010429703796
2022-03-30T11:15-07:00,0.65323141070187
2022-03-30T11:30-07:00,0.696378830083559
2022-03-30T11:45-07:00,0.6795174039661691
2022-03-30T12:00-07:00,0.6505190311418622
2022-03-30T12:15-07:00,0.6975446428571365
2022-03-30T12:30-07:00,0.6946373992775707
2022-03-30T12:45-07:00,0.682071269487757
2022-03-30T13:00-07:00,0.6817865590649848
2022-03-30T13:15-07:00,0.6817865590649848
2022-03-30T13:30-07:00,0.6943480072212129
2022-03-30T13:45-07:00,0.7092198581560284
2022-03-30T14:00-07:00,0.6403118040089151
2022-03-30T14:15-07:00,0.682071269487757
2022-03-30T14:30-07:00,0.6270903010033445
2022-03-30T14:45-07:00,0.6548697227253664
2022-03-30T15:00-07:00,0.6554176544414941
2022-03-30T15:15-07:00,0.6672226855713094
2022-03-30T15:30-07:00,0.6513303769401267
2022-03-30T15:45-07:00,0.6832124930284503
2022-03-30T16:00-07:00,0.6798002219755891
2022-03-30T16:15-07:00,0.6800832755031292
2022-03-30T16:30-07:00,0.7074490220557637
2022-03-30T16:45-07:00,0.6397774687065432
2022-03-30T17:00-07:00,0.6413831567205864
2022-03-30T17:15-07:00,0.6115357887421757
2022-03-30T17:30-07:00,0.6419201786212735
2022-03-30T17:45-07:00,0.6421890269440242
2022-03-30T18:00-07:00,0.6403118040089151
2022-03-30T18:15-07:00,0.6273525721455459
2022-03-30T18:30-07:00,0.7109995817649519
2022-03-30T18:45-07:00,0.6829268292682991
2022-03-30T19:00-07:00,0.6823562177969705
2022-03-30T19:15-07:00,0.6387114690363851
2022-03-30T19:30-07:00,0.6700167504187605
2022-03-30T19:45-07:00,0.6700167504187605
2022-03-30T20:00-07:00,0.6829268292682991
2022-03-30T20:15-07:00,0.6403118040089151
2022-03-30T20:30-07:00,0.6823562177969705
2022-03-30T20:45-07:00,0.6688963210702341
2022-03-30T21:00-07:00,0.6661115736885929
2022-03-30T21:15-07:00,0.696378830083559
2022-03-30T21:30-07:00,0.6565162732225107
2022-03-30T21:45-07:00,0.6694560669456067
2022-03-30T22:00-07:00,0.6551435740172783
2022-03-30T22:15-07:00,0.6419201786212735
2022-03-30T22:30-07:00,0.6278777731268314
2022-03-30T22:45-07:00,0.6683375104427736
2022-03-30T23:00-07:00,0.6952169076751883
2022-03-30T23:15-07:00,0.6809338521400842
2022-03-30T23:30-07:00,0.6800832755031292
2022-03-30T23:45-07:00,0.7223225447978949
2022-03-31T00:00-07:00,0.6376490158026124
2022-03-31T00:15-07:00,0.6940588561909986
2022-03-31T00:30-07:00,0.6803665648431055
2022-03-31T00:45-07:00,0.6658343736995422
2022-03-31T01:00-07:00,0.6960879855213635
2022-03-31T01:15-07:00,0.70862859524802
2022-03-31T01:30-07:00,0.6955070246209423
2022-03-31T01:45-07:00,0.7220216606498259
2022-03-31T02:00-07:00,0.7387789238918252
2022-03-31T02:15-07:00,0.6675010429703796
2022-03-31T02:30-07:00,0.6672226855713094
2022-03-31T02:45-07:00,0.6946373992775707
2022-03-31T03:00-07:00,0.7083333333333334
2022-03-31T03:15-07:00,0.6809338521400842
2022-03-31T03:30-07:00,0.6943480072212129
2022-03-31T03:45-07:00,0.6943480072212129
2022-03-31T04:00-07:00,0.7229250660364307
2022-03-31T04:15-07:00,0.6817865590649848
2022-03-31T04:30-07:00,0.6694560669456067
2022-03-31T04:45-07:00,0.70862859524802
2022-03-31T05:00-07:00,0.6957973838018305
2022-03-31T05:15-07:00,0.7098121085594989
2022-03-31T05:30-07:00,0.7101086048454469
2022-03-31T05:45-07:00,0.6829268292682991
2022-03-31T06:00-07:00,0.6570669649098216
2022-03-31T06:15-07:00,0.6834983958711182
2022-03-31T06:30-07:00,0.7109995817649519
2022-03-31T06:45-07:00,0.6840709200055907
2022-03-31T07:00-07:00,0.7098121085594989
2022-03-31T07:15-07:00,0.7518796992481203
2022-03-31T07:30-07:00,0.6843575418994478
2022-03-31T07:45-07:00,0.696378830083559
2022-03-31T08:00-07:00,0.7101086048454469
2022-03-31T08:15-07:00,0.6952169076751883
2022-03-31T08:30-07:00,0.6540495407737204
2022-03-31T08:45-07:00,0.6815020862308826
2022-03-31T09:00-07:00,0.6294586655476291
2022-03-31T09:15-07:00,0.6849315068493215
2022-03-31T09:30-07:00,0.6952169076751883
2022-03-31T09:45-07:00,0.6419201786212735
2022-03-31T10:00-07:00,0.6403118040089151
2022-03-31T10:15-07:00,0.65323141070187
2022-03-31T10:30-07:00,0.6392440244580386
2022-03-31T10:45-07:00,0.682071269487757
2022-03-31T11:00-07:00,0.6545961002785452
2022-03-31T11:15-07:00,0.6815020862308826
2022-03-31T11:30-07:00,0.6551435740172783
2022-03-31T11:45-07:00,0.6683375104427736
2022-03-31T12:00-07:00,0.6524153248195383
2022-03-31T12:15-07:00,0.6661115736885929
2022-03-31T12:30-07:00,0.6658343736995422
2022-03-31T12:45-07:00,0.6526871267879397
2022-03-31T13:00-07:00,0.6392440244580386
2022-03-31T13:15-07:00,0.6252605252188412
2022-03-31T13:30-07:00,0.6125574272587991
2022-03-31T13:45-07:00,0.6265664160401002
2022-03-31T14:00-07:00,0.6837845380965735
2022-03-31T14:15-07:00,0.5870020964360587
2022-03-31T14:30-07:00,0.6130695276577893
2022-03-31T14:45-07:00,0.6273525721455459
2022-03-31T15:00-07:00,0.6276150627615062
2022-03-31T15:15-07:00,0.6133258990800048
2022-03-31T15:30-07:00,0.6535038932146766
2022-03-31T15:45-07:00,0.6265664160401002
2022-03-31T16:00-07:00,0.6117908787541649
2022-03-31T16:15-07:00,0.6003071338824578
2022-03-31T16:30-07:00,0.6130695276577893
2022-03-31T16:45-07:00,0.6408470325996163
2022-03-31T17:00-07:00,0.5835764902042517
2022-03-31T17:15-07:00,0.6413831567205864
2022-03-31T17:30-07:00,0.6392440244580386
2022-03-31T17:45-07:00,0.6276150627615062
2022-03-31T18:00-07:00,0.5607738679377605
2022-03-31T18:15-07:00,0.6169377453729605
2022-03-31T18:30-07:00,0.6373839545517591
2022-03-31T18:45-07:00,0.6705783738474435
2022-03-31T19:00-07:00,0.6424581005586656
2022-03-31T19:15-07:00,0.6694560669456067
2022-03-31T19:30-07:00,0.6700167504187605
2022-03-31T19:45-07:00,0.6424581005586656
2022-03-31T20:00-07:00,0.6972528238739303
2022-03-31T20:15-07:00,0.667779632721202
2022-03-31T20:30-07:00,0.6400445248365167
2022-03-31T20:45-07:00,0.682071269487757
2022-03-31T21:00-07:00,0.65323141070187
2022-03-31T21:15-07:00,0.6837845380965735
2022-03-31T21:30-07:00,0.6975446428571365
2022-03-31T21:45-07:00,0.6694560669456067
2022-03-31T22:00-07:00,0.6683375104427736
2022-03-31T22:15-07:00,0.6663890045814244
2022-03-31T22:30-07:00,0.6529591553209161
2022-03-31T22:45-07:00,0.6834983958711182
2022-03-31T23:00-07:00,0.6686167989970748
2022-03-31T23:15-07:00,0.6540495407737204
2022-03-31T23:30-07:00,0.6408470325996163
2022-03-31T23:45-07:00,0.6535038932146766
2022-04-01T00:00-07:00,0.667779632721202
2022-04-01T00:15-07:00,0.6669445602334306
2022-04-01T00:30-07:00,0.6526871267879397
2022-04-01T00:45-07:00,0.6834983958711182
2022-04-01T01:00-07:00,0.6995942353434944
2022-04-01T01:15-07:00,0.6419201786212735
2022-04-01T01:30-07:00,0.6834983958711182
2022-04-01T01:45-07:00,0.696378830083559
2022-04-01T02:00-07:00,0.6966699177929433
2022-04-01T02:15-07:00,0.7107023411371237
2022-04-01T02:30-07:00,0.6960879855213635
2022-04-01T02:45-07:00,0.6957973838018305
2022-04-01T03:00-07:00,0.696378830083559
2022-04-01T03:15-07:00,0.6545961002785452
2022-04-01T03:30-07:00,0.6826414042908953
2022-04-01T03:45-07:00,0.6694560669456067
2022-04-01T04:00-07:00,0.6840709200055907
2022-04-01T04:15-07:00,0.6929046563192841
2022-04-01T04:30-07:00,0.7347844170248099
2022-04-01T04:45-07:00,0.6661115736885929
2022-04-01T05:00-07:00,0.7083333333333334
2022-04-01T05:15-07:00,0.6929046563192841
2022-04-01T05:30-07:00,0.7229250660364307
2022-04-01T05:45-07:00,0.6680584551148225
2022-04-01T06:00-07:00,0.6993006993006929
2022-04-01T06:15-07:00,0.6940588561909986
2022-04-01T06:30-07:00,0.7627236166967197
2022-04-01T06:45-07:00,0.7244357759821741
2022-04-01T07:00-07:00,0.7223225447978949
2022-04-01T07:15-07:00,0.6984215672579905
2022-04-01T07:30-07:00,0.7083333333333334
2022-04-01T07:45-07:00,0.6840709200055907
2022-04-01T08:00-07:00,0.7490636704119851
2022-04-01T08:15-07:00,0.6537766031436854
2022-04-01T08:30-07:00,0.6798002219755891
2022-04-01T08:45-07:00,0.7226236798221297
2022-04-01T09:00-07:00,0.6270903010033445
2022-04-01T09:15-07:00,0.7098121085594989
2022-04-01T09:30-07:00,0.7059800664451827
2022-04-01T09:45-07:00,0.7326513685374556
2022-04-01T10:00-07:00,0.6545961002785452
2022-04-01T10:15-07:00,0.6949270326615642
2022-04-01T10:30-07:00,0.6969612489545517
2022-04-01T10:45-07:00,0.6837845380965735
2022-04-01T11:00-07:00,0.6421890269440242
2022-04-01T11:15-07:00,0.710405348934392
2022-04-01T11:30-07:00,0.6652806652806653
2022-04-01T11:45-07:00,0.6521437491327812
2022-04-01T12:00-07:00,0.6524153248195383
2022-04-01T12:15-07:00,0.66417600664176
2022-04-01T12:30-07:00,0.6792348211810432
2022-04-01T12:45-07:00,0.6650041562759768
2022-04-01T13:00-07:00,0.6783884812404881
2022-04-01T13:15-07:00,0.6244796003330558
2022-04-01T13:30-07:00,0.6376490158026124
2022-04-01T13:45-07:00,0.6524153248195383
2022-04-01T14:00-07:00,0.6389776357827539
2022-04-01T14:15-07:00,0.6257822277847309
2022-04-01T14:30-07:00,0.6675010429703796
2022-04-01T14:45-07:00,0.6263048016701461
2022-04-01T15:00-07:00,0.6255212677231026
2022-04-01T15:15-07:00,0.6680584551148225
2022-04-01T15:30-07:00,0.6270903010033445
2022-04-01T15:45-07:00,0.5995538204127225
2022-04-01T16:00-07:00,0.6130695276577893
2022-04-01T16:15-07:00,0.6554176544414941
2022-04-01T16:30-07:00,0.6680584551148225
2022-04-01T16:45-07:00,0.6408470325996163
2022-04-01T17:00-07:00,0.6125574272587991
2022-04-01T17:15-07:00,0.6691760769552488
2022-04-01T17:30-07:00,0.6128133704735312
2022-04-01T17:45-07:00,0.6413831567205864
2022-04-01T18:00-07:00,0.6105175523796246
2022-04-01T18:15-07:00,0.6438068579426236
2022-04-01T18:30-07:00,0.6705783738474435
2022-04-01T18:45-07:00,0.6700167504187605
2022-04-01T19:00-07:00,0.6969612489545517
2022-04-01T19:15-07:00,0.6576185812228843
2022-04-01T19:30-07:00,0.6440772892747194
2022-04-01T19:45-07:00,0.6719865602687947
2022-04-01T20:00-07:00,0.6857942617214899
2022-04-01T20:15-07:00,0.6843575418994478
2022-04-01T20:30-07:00,0.6702974444909929
2022-04-01T20:45-07:00,0.6688963210702341
2022-04-01T21:00-07:00,0.6952169076751883
2022-04-01T21:15-07:00,0.6815020862308826
2022-04-01T21:30-07:00,0.6125574272587991
2022-04-01T21:45-07:00,0.6397774687065432
2022-04-01T22:00-07:00,0.6526871267879397
2022-04-01T22:15-07:00,0.6397774687065432
2022-04-01T22:30-07:00,0.6537766031436854
2022-04-01T22:45-07:00,0.6675010429703796
2022-04-01T23:00-07:00,0.7101086048454469
2022-04-01T23:15-07:00,0.6408470325996163
2022-04-01T23:30-07:00,0.6400445248365167
2022-04-01T23:45-07:00,0.6537766031436854
2022-04-02T00:00-07:00,0.6535038932146766
2022-04-02T00:15-07:00,0.6669445602334306
2022-04-02T00:30-07:00,0.6395106353399201
2022-04-02T00:45-07:00,0.65323141070187
2022-04-02T01:00-07:00,0.6661115736885929
2022-04-02T01:15-07:00,0.6940588561909986
2022-04-02T01:30-07:00,0.6521437491327812
2022-04-02T01:45-07:00,0.6545961002785452
2022-04-02T02:00-07:00,0.6540495407737204
2022-04-02T02:15-07:00,0.6669445602334306
2022-04-02T02:30-07:00,0.6666666666666666
2022-04-02T02:45-07:00,0.6389776357827539
2022-04-02T03:00-07:00,0.6400445248365167
2022-04-02T03:15-07:00,0.6535038932146766
2022-04-02T03:30-07:00,0.6255212677231026
2022-04-02T03:45-07:00,0.6535038932146766
2022-04-02T04:00-07:00,0.6672226855713094
2022-04-02T04:15-07:00,0.6535038932146766
2022-04-02T04:30-07:00,0.6524153248195383
2022-04-02T04:45-07:00,0.6666666666666666
2022-04-02T05:00-07:00,0.6263048016701461
2022-04-02T05:15-07:00,0.6413831567205864
2022-04-02T05:30-07:00,0.6975446428571365
2022-04-02T05:45-07:00,0.6834983958711182
2022-04-02T06:00-07:00,0.6978367062107403
2022-04-02T06:15-07:00,0.6846444040799281
2022-04-02T06:30-07:00,0.7403268612934704
2022-04-02T06:45-07:00,0.7534533277521975
2022-04-02T07:00-07:00,0.7268660889013203
2022-04-02T07:15-07:00,0.7369299221357
2022-04-02T07:30-07:00,0.7208206265594741
2022-04-02T07:45-07:00,0.7506255212677231
2022-04-02T08:00-07:00,0.7238307349665988
2022-04-02T08:15-07:00,0.70862859524802
2022-04-02T08:30-07:00,0.7250418293363142
2022-04-02T08:45-07:00,0.7235285932934529
2022-04-02T09:00-07:00,0.6931928462498204
2022-04-02T09:15-07:00,0.6792348211810432
2022-04-02T09:30-07:00,0.6769825918762152
2022-04-02T09:45-07:00,0.6518723994452086
2022-04-02T10:00-07:00,0.6516012754748307
2022-04-02T10:15-07:00,0.6661115736885929
2022-04-02T10:30-07:00,0.6908940168578077
2022-04-02T10:45-07:00,0.6622516556291391
2022-04-02T11:00-07:00,0.6908940168578077
2022-04-02T11:15-07:00,0.6795174039661691
2022-04-02T11:30-07:00,0.6510597035600435
2022-04-02T11:45-07:00,0.6499792559811858
2022-04-02T12:00-07:00,0.6502490315439893
2022-04-02T12:15-07:00,0.5985523385300732
2022-04-02T12:30-07:00,0.6384455239417135
2022-04-02T12:45-07:00,0.6237006237006237
2022-04-02T13:00-07:00,0.6365900913368455
2022-04-02T13:15-07:00,0.6379142976008939
2022-04-02T13:30-07:00,0.6389776357827539
2022-04-02T13:45-07:00,0.7077435470441299
2022-04-02T14:00-07:00,0.6244796003330558
2022-04-02T14:15-07:00,0.6510597035600435
2022-04-02T14:30-07:00,0.6102635228848757
2022-04-02T14:45-07:00,0.6226650062266501
2022-04-02T15:00-07:00,0.6368544925931117
2022-04-02T15:15-07:00,0.6510597035600435
2022-04-02T15:30-07:00,0.6097560975609693
2022-04-02T15:45-07:00,0.6102635228848757
2022-04-02T16:00-07:00,0.6107717934480781
2022-04-02T16:15-07:00,0.5833333333333334
2022-04-02T16:30-07:00,0.5688913556264679
2022-04-02T16:45-07:00,0.6373839545517591
2022-04-02T17:00-07:00,0.5958154357766449
2022-04-02T17:15-07:00,0.5830903790087464
2022-04-02T17:30-07:00,0.6524153248195383
2022-04-02T17:45-07:00,0.6242197253433208
2022-04-02T18:00-07:00,0.6537766031436854
2022-04-02T18:15-07:00,0.6834983958711182
2022-04-02T18:30-07:00,0.6535038932146766
2022-04-02T18:45-07:00,0.7095158597662772
2022-04-02T19:00-07:00,0.7235285932934529
2022-04-02T19:15-07:00,0.6545961002785452
2022-04-02T19:30-07:00,0.6846444040799281
2022-04-02T19:45-07:00,0.6672226855713094
2022-04-02T20:00-07:00,0.7353961426390945
2022-04-02T20:15-07:00,0.6435366536094076
2022-04-02T20:30-07:00,0.657342657342651
2022-04-02T20:45-07:00,0.6151265203411093
2022-04-02T21:00-07:00,0.6966699177929433
2022-04-02T21:15-07:00,0.6535038932146766
2022-04-02T21:30-07:00,0.6397774687065432
2022-04-02T21:45-07:00,0.667779632721202
2022-04-02T22:00-07:00,0.682071269487757
2022-04-02T22:15-07:00,0.6826414042908953
2022-04-02T22:30-07:00,0.696378830083559
2022-04-02T22:45-07:00,0.7101086048454469
2022-04-02T23:00-07:00,0.6800832755031292
2022-04-02T23:15-07:00,0.6717044500419815
2022-04-02T23:30-07:00,0.6714225765841376
2022-04-02T23:45-07:00,0.6565162732225107
2022-04-03T00:00-07:00,0.6559665038380955
2022-04-03T00:15-07:00,0.6815020862308826
2022-04-03T00:30-07:00,0.6708595387840671
2022-04-03T00:45-07:00,0.6998880179171268
2022-04-03T01:00-07:00,0.6984215672579905
2022-04-03T01:15-07:00,0.6702974444909929
2022-04-03T01:30-07:00,0.6840709200055907
2022-04-03T01:45-07:00,0.6554176544414941
2022-04-03T02:00-07:00,0.6537766031436854
2022-04-03T02:15-07:00,0.6115357887421757
2022-04-03T02:30-07:00,0.6669445602334306
2022-04-03T02:45-07:00,0.65323141070187
2022-04-03T03:00-07:00,0.6387114690363851
2022-04-03T03:15-07:00,0.6252605252188412
2022-04-03T03:30-07:00,0.6526871267879397
2022-04-03T03:45-07:00,0.6803665648431055
2022-04-03T04:00-07:00,0.6543227063900814
2022-04-03T04:15-07:00,0.6686167989970748
2022-04-03T04:30-07:00,0.6408470325996163
2022-04-03T04:45-07:00,0.6548697227253664
2022-04-03T05:00-07:00,0.6545961002785452
2022-04-03T05:15-07:00,0.65323141070187
2022-04-03T05:30-07:00,0.6255212677231026
2022-04-03T05:45-07:00,0.6397774687065432
2022-04-03T06:00-07:00,0.6675010429703796
2022-04-03T06:15-07:00,0.6123016977456102
2022-04-03T06:30-07:00,0.6952169076751883
2022-04-03T06:45-07:00,0.6949270326615642
2022-04-03T07:00-07:00,0.6537766031436854
2022-04-03T07:15-07:00,0.6526871267879397
2022-04-03T07:30-07:00,0.6669445602334306
2022-04-03T07:45-07:00,0.6257822277847309
2022-04-03T08:00-07:00,0.6680584551148225
2022-04-03T08:15-07:00,0.6683375104427736
2022-04-03T08:30-07:00,0.6688963210702341
2022-04-03T08:45-07:00,0.6636250518457072
2022-04-03T09:00-07:00,0.6792348211810432
2022-04-03T09:15-07:00,0.6507892550539953
2022-04-03T09:30-07:00,0.6658343736995422
2022-04-03T09:45-07:00,0.6379142976008939
2022-04-03T10:00-07:00,0.6524153248195383
2022-04-03T10:15-07:00,0.6244796003330558
2022-04-03T10:30-07:00,0.6387114690363851
2022-04-03T10:45-07:00,0.5973051812751835
2022-04-03T11:00-07:00,0.6387114690363851
2022-04-03T11:15-07:00,0.5963111912356186
2022-04-03T11:30-07:00,0.6244796003330558
2022-04-03T11:45-07:00,0.6100097046998412
2022-04-03T12:00-07:00,0.6237006237006237
2022-04-03T12:15-07:00,0.5818786367414797
2022-04-03T12:30-07:00,0.6376490158026124
2022-04-03T12:45-07:00,0.5970563732296648
2022-04-03T13:00-07:00,0.6102635228848757
2022-04-03T13:15-07:00,0.5970563732296648
2022-04-03T13:30-07:00,0.5823627287853578
2022-04-03T13:45-07:00,0.6115357887421757
2022-04-03T14:00-07:00,0.5970563732296648
2022-04-03T14:15-07:00,0.6100097046998412
2022-04-03T14:30-07:00,0.5963111912356186
2022-04-03T14:45-07:00,0.5554012774229444
2022-04-03T15:00-07:00,0.6105175523796246
2022-04-03T15:15-07:00,0.5948263936920799
2022-04-03T15:30-07:00,0.6112809113642615
2022-04-03T15:45-07:00,0.5700778642936533
2022-04-03T16:00-07:00,0.6105175523796246
2022-04-03T16:15-07:00,0.5983024906080486
2022-04-03T16:30-07:00,0.5290268689962347
2022-04-03T16:45-07:00,0.5830903790087464
2022-04-03T17:00-07:00,0.6095027012051467
2022-04-03T17:15-07:00,0.6112809113642615
2022-04-03T17:30-07:00,0.5840634125990822
2022-04-03T17:45-07:00,0.5835764902042517
2022-04-03T18:00-07:00,0.6105175523796246
2022-04-03T18:15-07:00,0.6125574272587991
2022-04-03T18:30-07:00,0.6123016977456102
2022-04-03T18:45-07:00,0.5978034199916649
2022-04-03T19:00-07:00,0.6700167504187605
2022-04-03T19:15-07:00,0.6297229219143576
2022-04-03T19:30-07:00,0.6559665038380955
2022-04-03T19:45-07:00,0.6421890269440242
2022-04-03T20:00-07:00,0.6255212677231026
2022-04-03T20:15-07:00,0.6812178506881754
2022-04-03T20:30-07:00,0.6529591553209161
2022-04-03T20:45-07:00,0.6392440244580386
2022-04-03T21:00-07:00,0.6237006237006237
2022-04-03T21:15-07:00,0.6384455239417135
2022-04-03T21:30-07:00,0.6239600665557404
2022-04-03T21:45-07:00,0.5960632104241815
2022-04-03T22:00-07:00,0.6535038932146766
2022-04-03T22:15-07:00,0.5973051812751835
2022-04-03T22:30-07:00,0.6268282490597576
2022-04-03T22:45-07:00,0.6405793065032789
2022-04-03T23:00-07:00,0.5993031358885081
2022-04-03T23:15-07:00,0.6247396917950854
2022-04-03T23:30-07:00,0.6110262463546666
2022-04-03T23:45-07:00,0.6105175523796246
2022-04-04T00:00-07:00,0.5980528511822039
2022-04-04T00:15-07:00,0.6112809113642615
2022-04-04T00:30-07:00,0.6276150627615062
2022-04-04T00:45-07:00,0.6554176544414941
2022-04-04T01:00-07:00,0.6548697227253664
2022-04-04T01:15-07:00,0.6130695276577893
2022-04-04T01:30-07:00,0.6413831567205864
2022-04-04T01:45-07:00,0.6826414042908953
2022-04-04T02:00-07:00,0.6130695276577893
2022-04-04T02:15-07:00,0.628140703517588
2022-04-04T02:30-07:00,0.6138392857142794
2022-04-04T02:45-07:00,0.6268282490597576
2022-04-04T03:00-07:00,0.6268282490597576
2022-04-04T03:15-07:00,0.6413831567205864
2022-04-04T03:30-07:00,0.6691760769552488
2022-04-04T03:45-07:00,0.6556919642857079
2022-04-04T04:00-07:00,0.6427273997485043
2022-04-04T04:15-07:00,0.6545961002785452
2022-04-04T04:30-07:00,0.6551435740172783
2022-04-04T04:45-07:00,0.6697362913352868
2022-04-04T05:00-07:00,0.6567915036333083
2022-04-04T05:15-07:00,0.6537766031436854
2022-04-04T05:30-07:00,0.6540495407737204
2022-04-04T05:45-07:00,0.6529591553209161
2022-04-04T06:00-07:00,0.6672226855713094
2022-04-04T06:15-07:00,0.6551435740172783
2022-04-04T06:30-07:00,0.6242197253433208
2022-04-04T06:45-07:00,0.6940588561909986
2022-04-04T07:00-07:00,0.6286672254819782
2022-04-04T07:15-07:00,0.6803665648431055
2022-04-04T07:30-07:00,0.6957973838018305
2022-04-04T07:45-07:00,0.7390879933063665
2022-04-04T08:00-07:00,0.6389776357827539
2022-04-04T08:15-07:00,0.6946373992775707
2022-04-04T08:30-07:00,0.6529591553209161
2022-04-04T08:45-07:00,0.6554176544414941
2022-04-04T09:00-07:00,0.6413831567205864
2022-04-04T09:15-07:00,0.6966699177929433
2022-04-04T09:30-07:00,0.6834983958711182
2022-04-04T09:45-07:00,0.6551435740172783
2022-04-04T10:00-07:00,0.6545961002785452
2022-04-04T10:15-07:00,0.6268282490597576
2022-04-04T10:30-07:00,0.6395106353399201
2022-04-04T10:45-07:00,0.5983024906080486
2022-04-04T11:00-07:00,0.6666666666666666
2022-04-04T11:15-07:00,0.6216328222130129
2022-04-04T11:30-07:00,0.6368544925931117
2022-04-04T11:45-07:00,0.6491712707182257
2022-04-04T12:00-07:00,0.6769825918762152
2022-04-04T12:15-07:00,0.6786703601108096
2022-04-04T12:30-07:00,0.6363259095310618
2022-04-04T12:45-07:00,0.6102635228848757
2022-04-04T13:00-07:00,0.5547080848703433
2022-04-04T13:15-07:00,0.625
2022-04-04T13:30-07:00,0.6344827586206959
2022-04-04T13:45-07:00,0.6005586592178835
2022-04-04T14:00-07:00,0.5700778642936533
2022-04-04T14:15-07:00,0.6089965397923812
2022-04-04T14:30-07:00,0.5544774050457507
2022-04-04T14:45-07:00,0.5826050769870995
2022-04-04T15:00-07:00,0.6110262463546666
2022-04-04T15:15-07:00,0.6234413965087282
2022-04-04T15:30-07:00,0.6247396917950854
2022-04-04T15:45-07:00,0.6138392857142794
2022-04-04T16:00-07:00,0.6405793065032789
2022-04-04T16:15-07:00,0.6826414042908953
2022-04-04T16:30-07:00,0.6008103954170806
2022-04-04T16:45-07:00,0.5835764902042517
2022-04-04T17:00-07:00,0.5965593784683748
2022-04-04T17:15-07:00,0.6686167989970748
2022-04-04T17:30-07:00,0.6140963014654507
2022-04-04T17:45-07:00,0.6578947368420989
2022-04-04T18:00-07:00,0.6135824850090579
2022-04-04T18:15-07:00,0.6435366536094076
2022-04-04T18:30-07:00,0.6307821698906644
2022-04-04T18:45-07:00,0.6297229219143576
2022-04-04T19:00-07:00,0.7121910347716799
2022-04-04T19:15-07:00,0.6291946308724832
2022-04-04T19:30-07:00,0.6857942617214899
2022-04-04T19:45-07:00,0.6728343145500421
2022-04-04T20:00-07:00,0.6581711244923616
2022-04-04T20:15-07:00,0.657342657342651
2022-04-04T20:30-07:00,0.6432666759893785
2022-04-04T20:45-07:00,0.6284038542103059
2022-04-04T21:00-07:00,0.6411149825784036
2022-04-04T21:15-07:00,0.6257822277847309
2022-04-04T21:30-07:00,0.6273525721455459
2022-04-04T21:45-07:00,0.6411149825784036
2022-04-04T22:00-07:00,0.6675010429703796
2022-04-04T22:15-07:00,0.6526871267879397
2022-04-04T22:30-07:00,0.6257822277847309
2022-04-04T22:45-07:00,0.6691760769552488
2022-04-04T23:00-07:00,0.6545961002785452
2022-04-04T23:15-07:00,0.6570669649098216
2022-04-04T23:30-07:00,0.6702974444909929
2022-04-04T23:45-07:00,0.6832124930284503
2022-04-05T00:00-07:00,0.6972528238739303
2022-04-05T00:15-07:00,0.682071269487757
2022-04-05T00:30-07:00,0.6421890269440242
2022-04-05T00:45-07:00,0.6675010429703796
2022-04-05T01:00-07:00,0.6843575418994478
2022-04-05T01:15-07:00,0.6937699458859379
2022-04-05T01:30-07:00,0.7077435470441299
2022-04-05T01:45-07:00,0.6535038932146766
2022-04-05T02:00-07:00,0.7109995817649519
2022-04-05T02:15-07:00,0.657342657342651
2022-04-05T02:30-07:00,0.6812178506881754
2022-04-05T02:45-07:00,0.6387114690363851
2022-04-05T03:00-07:00,0.6940588561909986
2022-04-05T03:15-07:00,0.6926167059149403
2022-04-05T03:30-07:00,0.6792348211810432
2022-04-05T03:45-07:00,0.6652806652806653
2022-04-05T04:00-07:00,0.7089241034195163
2022-04-05T04:15-07:00,0.7208206265594741
2022-04-05T04:30-07:00,0.6658343736995422
2022-04-05T04:45-07:00,0.6669445602334306
2022-04-05T05:00-07:00,0.7247386759581945
2022-04-05T05:15-07:00,0.6521437491327812
2022-04-05T05:30-07:00,0.6800832755031292
2022-04-05T05:45-07:00,0.7095158597662772
2022-04-05T06:00-07:00,0.7077435470441299
2022-04-05T06:15-07:00,0.6929046563192841
2022-04-05T06:30-07:00,0.7068607068607069
2022-04-05T06:45-07:00,0.7065669160432253
2022-04-05T07:00-07:00,0.6957973838018305
2022-04-05T07:15-07:00,0.6823562177969705
2022-04-05T07:30-07:00,0.7089241034195163
2022-04-05T07:45-07:00,0.7338687344225913
2022-04-05T08:00-07:00,0.6806500902903244
2022-04-05T08:15-07:00,0.6257822277847309
2022-04-05T08:30-07:00,0.6680584551148225
2022-04-05T08:45-07:00,0.6411149825784036
2022-04-05T09:00-07:00,0.6408470325996163
2022-04-05T09:15-07:00,0.6823562177969705
2022-04-05T09:30-07:00,0.6949270326615642
2022-04-05T09:45-07:00,0.6920415224913431
2022-04-05T10:00-07:00,0.6244796003330558
2022-04-05T10:15-07:00,0.6218905472636815
2022-04-05T10:30-07:00,0.5943331029716719
2022-04-05T10:45-07:00,0.6778254253700436
2022-04-05T11:00-07:00,0.6781068364240307
2022-04-05T11:15-07:00,0.6234413965087282
2022-04-05T11:30-07:00,0.6778254253700436
2022-04-05T11:45-07:00,0.6379142976008939
2022-04-05T12:00-07:00,0.6368544925931117
2022-04-05T12:15-07:00,0.6239600665557404
2022-04-05T12:30-07:00,0.6100156050503682
2022-04-05T12:45-07:00,0.5577005577005577
2022-04-05T13:00-07:00,0.5696382796924019
2022-04-05T13:15-07:00,0.5912162162162162
2022-04-05T13:30-07:00,0.6143535325328057
2022-04-05T13:45-07:00,0.5579399141630901
2022-04-05T14:00-07:00,0.6800832755031292
2022-04-05T14:15-07:00,0.5670031807495443
2022-04-05T14:30-07:00,0.5978034199916649
2022-04-05T14:45-07:00,0.6411149825784036
2022-04-05T15:00-07:00,0.6276150627615062
2022-04-05T15:15-07:00,0.5980528511822039
2022-04-05T15:30-07:00,0.6117908787541649
2022-04-05T15:45-07:00,0.6268282490597576
2022-04-05T16:00-07:00,0.6260434056761269
2022-04-05T16:15-07:00,0.6829268292682991
2022-04-05T16:30-07:00,0.6837845380965735
2022-04-05T16:45-07:00,0.6273525721455459
2022-04-05T17:00-07:00,0.6294586655476291
2022-04-05T17:15-07:00,0.6697362913352868
2022-04-05T17:30-07:00,0.6556919642857079
2022-04-05T17:45-07:00,0.629987400251995
2022-04-05T18:00-07:00,0.6270903010033445
2022-04-05T18:15-07:00,0.6736842105263158
2022-04-05T18:30-07:00,0.7109995817649519
2022-04-05T18:45-07:00,0.6717044500419815
2022-04-05T19:00-07:00,0.6556919642857079
2022-04-05T19:15-07:00,0.7004763239002457
2022-04-05T19:30-07:00,0.6601123595505554
2022-04-05T19:45-07:00,0.6972528238739303
2022-04-05T20:00-07:00,0.686082329879592
2022-04-05T20:15-07:00,0.6700167504187605
2022-04-05T20:30-07:00,0.6694560669456067
2022-04-05T20:45-07:00,0.7107023411371237
2022-04-05T21:00-07:00,0.6949270326615642
2022-04-05T21:15-07:00,0.6829268292682991
2022-04-05T21:30-07:00,0.6826414042908953
2022-04-05T21:45-07:00,0.6823562177969705
2022-04-05T22:00-07:00,0.7127882599580713
2022-04-05T22:15-07:00,0.6711409395973155
2022-04-05T22:30-07:00,0.6984215672579905
2022-04-05T22:45-07:00,0.6556919642857079
2022-04-05T23:00-07:00,0.682071269487757
2022-04-05T23:15-07:00,0.7071547420965059
2022-04-05T23:30-07:00,0.7101086048454469
2022-04-05T23:45-07:00,0.7229250660364307
2022-04-06T00:00-07:00,0.6823562177969705
2022-04-06T00:15-07:00,0.696378830083559
2022-04-06T00:30-07:00,0.6957973838018305
2022-04-06T00:45-07:00,0.6952169076751883
2022-04-06T01:00-07:00,0.7235285932934529
2022-04-06T01:15-07:00,0.6952169076751883
2022-04-06T01:30-07:00,0.6798002219755891
2022-04-06T01:45-07:00,0.6795174039661691
2022-04-06T02:00-07:00,0.70862859524802
2022-04-06T02:15-07:00,0.7089241034195163
2022-04-06T02:30-07:00,0.6946373992775707
2022-04-06T02:45-07:00,0.7077435470441299
2022-04-06T03:00-07:00,0.6661115736885929
2022-04-06T03:15-07:00,0.6931928462498204
2022-04-06T03:30-07:00,0.6803665648431055
2022-04-06T03:45-07:00,0.7083333333333334
2022-04-06T04:00-07:00,0.6946373992775707
2022-04-06T04:15-07:00,0.6537766031436854
2022-04-06T04:30-07:00,0.7095158597662772
2022-04-06T04:45-07:00,0.735702387562459
2022-04-06T05:00-07:00,0.6798002219755891
2022-04-06T05:15-07:00,0.7098121085594989
2022-04-06T05:30-07:00,0.6966699177929433
2022-04-06T05:45-07:00,0.6675010429703796
2022-04-06T06:00-07:00,0.638179800221982
2022-04-06T06:15-07:00,0.6834983958711182
2022-04-06T06:30-07:00,0.6537766031436854
2022-04-06T06:45-07:00,0.6815020862308826
2022-04-06T07:00-07:00,0.6946373992775707
2022-04-06T07:15-07:00,0.6837845380965735
2022-04-06T07:30-07:00,0.6691760769552488
2022-04-06T07:45-07:00,0.7071547420965059
2022-04-06T08:00-07:00,0.6966699177929433
2022-04-06T08:15-07:00,0.6548697227253664
2022-04-06T08:30-07:00,0.7092198581560284
2022-04-06T08:45-07:00,0.7369299221357
2022-04-06T09:00-07:00,0.6946373992775707
2022-04-06T09:15-07:00,0.6943480072212129
2022-04-06T09:30-07:00,0.6846444040799281
2022-04-06T09:45-07:00,0.6775442477876169
2022-04-06T10:00-07:00,0.6242197253433208
2022-04-06T10:15-07:00,0.5725737188663106
2022-04-06T10:30-07:00,0.599058622165169
2022-04-06T10:45-07:00,0.5879822171231829
2022-04-06T11:00-07:00,0.5972696245733788
2022-04-06T11:15-07:00,0.5854633728402048
2022-04-06T11:30-07:00,0.6415739948674081
2022-04-06T11:45-07:00,0.5993150684931506
2022-04-06T12:00-07:00,0.5546075085324232
2022-04-06T12:15-07:00,0.6144612746499065
2022-04-06T12:30-07:00,0.6293806322414468
2022-04-06T12:45-07:00,0.62722736992159
2022-04-06T13:00-07:00,0.6269592476488963
2022-04-06T13:15-07:00,0.6152525397052576
2022-04-06T13:30-07:00,0.6283021562187568
2022-04-06T13:45-07:00,0.6631861154225983
2022-04-06T14:00-07:00,0.6548697227253664
2022-04-06T14:15-07:00,0.6413831567205864
2022-04-06T14:30-07:00,0.5915452315683096
2022-04-06T14:45-07:00,0.6435366536094076
2022-04-06T15:00-07:00,0.6545961002785452
2022-04-06T15:15-07:00,0.6143535325328057
2022-04-06T15:30-07:00,0.7133864876206463
2022-04-06T15:45-07:00,0.6576185812228843
2022-04-06T16:00-07:00,0.7107023411371237
2022-04-06T16:15-07:00,0.7004763239002457
2022-04-06T16:30-07:00,0.6350550381033023
2022-04-06T16:45-07:00,0.7016559079427385
2022-04-06T17:00-07:00,0.7169970476592156
2022-04-06T17:15-07:00,0.6889763779527623
2022-04-06T17:30-07:00,0.6528526823729841
2022-04-06T17:45-07:00,0.6514657980456091
2022-04-06T18:00-07:00,0.658724597056756
2022-04-06T18:15-07:00,0.7283933323995021
2022-04-06T18:30-07:00,0.6700167504187605
2022-04-06T18:45-07:00,0.6432666759893785
2022-04-06T19:00-07:00,0.6435366536094076
2022-04-06T19:15-07:00,0.6500847936687458
2022-04-06T19:30-07:00,0.665722379603393
2022-04-06T19:45-07:00,0.6759611322348965
2022-04-06T20:00-07:00,0.6872370266479728
2022-04-06T20:15-07:00,0.6331846308821347
2022-04-06T20:30-07:00,0.662156326471865
2022-04-06T20:45-07:00,0.6487889273356401
2022-04-06T21:00-07:00,0.6740283952387716
2022-04-06T21:15-07:00,0.6351039260969911
2022-04-06T21:30-07:00,0.6426735218508998
2022-04-06T21:45-07:00,0.6556442417331878
2022-04-06T22:00-07:00,0.6440532417346501
2022-04-06T22:15-07:00,0.6157811828726973
2022-04-06T22:30-07:00,0.67460887038897
2022-04-06T22:45-07:00,0.6144612746499065
2022-04-06T23:00-07:00,0.6448839208942391
2022-04-06T23:15-07:00,0.6323656223052535
2022-04-06T23:30-07:00,0.6720045753502937
2022-04-06T23:45-07:00,0.6699928724162444
2022-04-07T00:00-07:00,0.6702795208214424
2022-04-07T00:15-07:00,0.648228176318064
2022-04-07T00:30-07:00,0.6426735218508998
2022-04-07T00:45-07:00,0.6714285714285649
2022-04-07T01:00-07:00,0.6855184233076264
2022-04-07T01:15-07:00,0.6296508299942694
2022-04-07T01:30-07:00,0.6861063464837049
2022-04-07T01:45-07:00,0.656205420827396
2022-04-07T02:00-07:00,0.6277643030389434
2022-04-07T02:15-07:00,0.6553640119675233
2022-04-07T02:30-07:00,0.6837606837606838
2022-04-07T02:45-07:00,0.6688487263412486
2022-04-07T03:00-07:00,0.6404782237403929
2022-04-07T03:15-07:00,0.6972111553784925
2022-04-07T03:30-07:00,0.6837606837606838
2022-04-07T03:45-07:00,0.6691343963553466
2022-04-07T04:00-07:00,0.6550840216462611
2022-04-07T04:15-07:00,0.6855184233076264
2022-04-07T04:30-07:00,0.7002000571591949
2022-04-07T04:45-07:00,0.6722929480760913
2022-04-07T05:00-07:00,0.7008009153318143
2022-04-07T05:15-07:00,0.6601607347876071
2022-04-07T05:30-07:00,0.7011017312920369
2022-04-07T05:45-07:00,0.7008009153318143
2022-04-07T06:00-07:00,0.67258156840297
2022-04-07T06:15-07:00,0.7011017312920369
2022-04-07T06:30-07:00,0.6711409395973089
2022-04-07T06:45-07:00,0.6407518154634771
2022-04-07T07:00-07:00,0.5985463873450192
2022-04-07T07:15-07:00,0.6852248394004282
2022-04-07T07:30-07:00,0.6861063464837049
2022-04-07T07:45-07:00,0.6296508299942694
2022-04-07T08:00-07:00,0.6820119352088662
2022-04-07T08:15-07:00,0.6304628170224895
2022-04-07T08:30-07:00,0.6612995974698168
2022-04-07T08:45-07:00,0.6754814601897031
2022-04-07T09:00-07:00,0.7249466950959488
2022-04-07T09:15-07:00,0.7155123068116707
2022-04-07T09:30-07:00,0.6717164499070964
2022-04-07T09:45-07:00,0.6734489181831143
2022-04-07T10:00-07:00,0.6584597766962562
2022-04-07T10:15-07:00,0.5593803786574871
2022-04-07T10:30-07:00,0.5877293577981586
2022-04-07T10:45-07:00,0.6160458452722128
2022-04-07T11:00-07:00,0.5862167572204682
2022-04-07T11:15-07:00,0.6440532417346501
2022-04-07T11:30-07:00,0.6301919220853558
2022-04-07T11:45-07:00,0.628033114473302
2022-04-07T12:00-07:00,0.5733123118819042
2022-04-07T12:15-07:00,0.5859654137487429
2022-04-07T12:30-07:00,0.5982905982905983
2022-04-07T12:45-07:00,0.6008583690987125
2022-04-07T13:00-07:00,0.6437768240343348
2022-04-07T13:15-07:00,0.5738057667479624
2022-04-07T13:30-07:00,0.5862167572204682
2022-04-07T13:45-07:00,0.5743000717875155
2022-04-07T14:00-07:00,0.5879822171231829
2022-04-07T14:15-07:00,0.6440532417346501
2022-04-07T14:30-07:00,0.6200432588320182
2022-04-07T14:45-07:00,0.6590257879656226
2022-04-07T15:00-07:00,0.6037084950409659
2022-04-07T15:15-07:00,0.6168411992540591
2022-04-07T15:30-07:00,0.6601607347876071
2022-04-07T15:45-07:00,0.6315487297258439
2022-04-07T16:00-07:00,0.5750431282346242
2022-04-07T16:15-07:00,0.6187050359712296
2022-04-07T16:30-07:00,0.6044905008635578
2022-04-07T16:45-07:00,0.6047516198704104
2022-04-07T17:00-07:00,0.6208489748772806
2022-04-07T17:15-07:00,0.6375887552528553
2022-04-07T17:30-07:00,0.6644518272425315
2022-04-07T17:45-07:00,0.6195072756087086
2022-04-07T18:00-07:00,0.6227371469949379
2022-04-07T18:15-07:00,0.676648430751505
2022-04-07T18:30-07:00,0.6468305304010349
2022-04-07T18:45-07:00,0.5941167946674328
2022-04-07T19:00-07:00,0.6653167486259829
2022-04-07T19:15-07:00,0.6521739130434783
2022-04-07T19:30-07:00,0.6230078238191895
2022-04-07T19:45-07:00,0.5964503927843984
2022-04-07T20:00-07:00,0.6084311169056932
2022-04-07T20:15-07:00,0.6638764612498262
2022-04-07T20:30-07:00,0.7062554050158613
2022-04-07T20:45-07:00,0.6318207926478969
2022-04-07T21:00-07:00,0.7035175879397051
2022-04-07T21:15-07:00,0.648228176318064
2022-04-07T21:30-07:00,0.6216567876246994
2022-04-07T21:45-07:00,0.5912892991058486
2022-04-07T22:00-07:00,0.6633020908435538
2022-04-07T22:15-07:00,0.6496318752706799
2022-04-07T22:30-07:00,0.5912892991058486
2022-04-07T22:45-07:00,0.6329113924050567
2022-04-07T23:00-07:00,0.6189722182237003
2022-04-07T23:15-07:00,0.6184380842801734
2022-04-07T23:30-07:00,0.6211180124223669
2022-04-07T23:45-07:00,0.6181713628522205
2022-04-08T00:00-07:00,0.6037084950409659
2022-04-08T00:15-07:00,0.6446067898581865
2022-04-08T00:30-07:00,0.6627287134418738
2022-04-08T00:45-07:00,0.6763563102604625
2022-04-08T01:00-07:00,0.6462731581214993
2022-04-08T01:15-07:00,0.6157811828726973
2022-04-08T01:30-07:00,0.6016330038676407
2022-04-08T01:45-07:00,0.6429489927132448
2022-04-08T02:00-07:00,0.6748994830557086
2022-04-08T02:15-07:00,0.6459948320413437
2022-04-08T02:30-07:00,0.6337318162177668
2022-04-08T02:45-07:00,0.6612995974698168
2022-04-08T03:00-07:00,0.646551724137931
2022-04-08T03:15-07:00,0.5897583429228933
2022-04-08T03:30-07:00,0.6468305304010349
2022-04-08T03:45-07:00,0.6601607347876071
2022-04-08T04:00-07:00,0.6462731581214993
2022-04-08T04:15-07:00,0.6179048713895741
2022-04-08T04:30-07:00,0.6200432588320182
2022-04-08T04:45-07:00,0.6443298969072165
2022-04-08T05:00-07:00,0.656205420827396
2022-04-08T05:15-07:00,0.6981051431827962
2022-04-08T05:30-07:00,0.6437768240343348
2022-04-08T05:45-07:00,0.6426735218508998
2022-04-08T06:00-07:00,0.6147248034310288
2022-04-08T06:15-07:00,0.662156326471865
2022-04-08T06:30-07:00,0.6304628170224895
2022-04-08T06:45-07:00,0.6307339449541218
2022-04-08T07:00-07:00,0.6301919220853558
2022-04-08T07:15-07:00,0.6595927731574485
2022-04-08T07:30-07:00,0.6301919220853558
2022-04-08T07:45-07:00,0.6601607347876071
2022-04-08T08:00-07:00,0.6612995974698168
2022-04-08T08:15-07:00,0.6144612746499065
2022-04-08T08:30-07:00,0.6160458452722128
2022-04-08T08:45-07:00,0.6147248034310288
2022-04-08T09:00-07:00,0.6564863707720916
2022-04-08T09:15-07:00,0.67460887038897
2022-04-08T09:30-07:00,0.6737385321100852
2022-04-08T09:45-07:00,0.6479481641468683
2022-04-08T10:00-07:00,0.6195072756087086
2022-04-08T10:15-07:00,0.6052745352356247
2022-04-08T10:30-07:00,0.5889958339318998
2022-04-08T10:45-07:00,0.5620406398616515
2022-04-08T11:00-07:00,0.6291106662853809
2022-04-08T11:15-07:00,0.6587426607475363
2022-04-08T11:30-07:00,0.628571428571422
2022-04-08T11:45-07:00,0.6587426607475363
2022-04-08T12:00-07:00,0.6152525397052576
2022-04-08T12:15-07:00,0.6443298969072165
2022-04-08T12:30-07:00,0.6301919220853558
2022-04-08T12:45-07:00,0.6021505376344086
2022-04-08T13:00-07:00,0.603448275862069
2022-04-08T13:15-07:00,0.5872242910340811
2022-04-08T13:30-07:00,0.603448275862069
2022-04-08T13:45-07:00,0.5447247706421953
2022-04-08T14:00-07:00,0.5750431282346242
2022-04-08T14:15-07:00,0.590522828748373
2022-04-08T14:30-07:00,0.6024096385542169
2022-04-08T14:45-07:00,0.6176386095949505
2022-04-08T15:00-07:00,0.6731595531366306
2022-04-08T15:15-07:00,0.6635891517599605
2022-04-08T15:30-07:00,0.6055363321799307
2022-04-08T15:45-07:00,0.6345543697721306
2022-04-08T16:00-07:00,0.6914433880726015
2022-04-08T16:15-07:00,0.6367583212735101
2022-04-08T16:30-07:00,0.5777841976022022
2022-04-08T16:45-07:00,0.6638764612498262
2022-04-08T17:00-07:00,0.6479481641468683
2022-04-08T17:15-07:00,0.5344503827820375
2022-04-08T17:30-07:00,0.6345543697721306
2022-04-08T17:45-07:00,0.6504770164787511
2022-04-08T18:00-07:00,0.6213872832370009
2022-04-08T18:15-07:00,0.6086956521739131
2022-04-08T18:30-07:00,0.6086956521739131
2022-04-08T18:45-07:00,0.5351460804165528
2022-04-08T19:00-07:00,0.5492123139181897
2022-04-08T19:15-07:00,0.6039689387402933
2022-04-08T19:30-07:00,0.5613126079447323
2022-04-08T19:45-07:00,0.6179048713895741
2022-04-08T20:00-07:00,0.5912892991058486
2022-04-08T20:15-07:00,0.6323656223052535
2022-04-08T20:30-07:00,0.6168411992540591
2022-04-08T20:45-07:00,0.6060606060606061
2022-04-08T21:00-07:00,0.5918013856812867
2022-04-08T21:15-07:00,0.5910335880063362
2022-04-08T21:30-07:00,0.6163107352730466
2022-04-08T21:45-07:00,0.5920577617328454
2022-04-08T22:00-07:00,0.577533930118401
2022-04-08T22:15-07:00,0.5902677800172695
2022-04-08T22:30-07:00,0.6181713628522205
2022-04-08T22:45-07:00,0.6326383896477289
2022-04-08T23:00-07:00,0.6037084950409659
2022-04-08T23:15-07:00,0.6293806322414468
2022-04-08T23:30-07:00,0.6443298969072165
2022-04-08T23:45-07:00,0.5897583429228933
2022-04-09T00:00-07:00,0.6471095772217429
2022-04-09T00:15-07:00,0.6459948320413437
2022-04-09T00:30-07:00,0.6595927731574485
2022-04-09T00:45-07:00,0.5869720830350686
2022-04-09T01:00-07:00,0.6435006435006435
2022-04-09T01:15-07:00,0.6299212598425131
2022-04-09T01:30-07:00,0.6173725771715787
2022-04-09T01:45-07:00,0.6293806322414468
2022-04-09T02:00-07:00,0.6288409318279197
2022-04-09T02:15-07:00,0.6026689625484287
2022-04-09T02:30-07:00,0.6160458452722128
2022-04-09T02:45-07:00,0.5733123118819042
2022-04-09T03:00-07:00,0.6728704366499576
2022-04-09T03:15-07:00,0.6176386095949505
2022-04-09T03:30-07:00,0.6310053061809773
2022-04-09T03:45-07:00,0.5586592178770949
2022-04-09T04:00-07:00,0.5879822171231829
2022-04-09T04:15-07:00,0.6448839208942391
2022-04-09T04:30-07:00,0.6165758531689197
2022-04-09T04:45-07:00,0.6026689625484287
2022-04-09T05:00-07:00,0.6454388984509466
2022-04-09T05:15-07:00,0.6310053061809773
2022-04-09T05:30-07:00,0.6457167455876023
2022-04-09T05:45-07:00,0.6173725771715787
2022-04-09T06:00-07:00,0.6307339449541218
2022-04-09T06:15-07:00,0.6598766317601558
2022-04-09T06:30-07:00,0.6160458452722128
2022-04-09T06:45-07:00,0.6011163589523401
2022-04-09T07:00-07:00,0.6006006006006006
2022-04-09T07:15-07:00,0.6266913545078984
2022-04-09T07:30-07:00,0.571837026447469
2022-04-09T07:45-07:00,0.6149885583524093
2022-04-09T08:00-07:00,0.6128848346636325
2022-04-09T08:15-07:00,0.6584597766962562
2022-04-09T08:30-07:00,0.5988023952095808
2022-04-09T08:45-07:00,0.6139348943460945
2022-04-09T09:00-07:00,0.628571428571422
2022-04-09T09:15-07:00,0.6559247112505413
2022-04-09T09:30-07:00,0.6126228807522505
2022-04-09T09:45-07:00,0.6556442417331878
2022-04-09T10:00-07:00,0.599058622165169
2022-04-09T10:15-07:00,0.5832147937411031
2022-04-09T10:30-07:00,0.598035027765912
2022-04-09T10:45-07:00,0.5957446808510638
2022-04-09T11:00-07:00,0.5703693141309063
2022-04-09T11:15-07:00,0.6248224936097635
2022-04-09T11:30-07:00,0.5693950177936008
2022-04-09T11:45-07:00,0.5565068493150684
2022-04-09T12:00-07:00,0.597524541186513
2022-04-09T12:15-07:00,0.4987175833570753
2022-04-09T12:30-07:00,0.5287224921406182
2022-04-09T12:45-07:00,0.5403099672970217
2022-04-09T13:00-07:00,0.511727078891258
2022-04-09T13:15-07:00,0.5543710021321961
2022-04-09T13:30-07:00,0.5419281232173352
2022-04-09T13:45-07:00,0.5426245894616527
2022-04-09T14:00-07:00,0.5419281232173352
2022-04-09T14:15-07:00,0.5720823798627068
2022-04-09T14:30-07:00,0.4684838160136286
2022-04-09T14:45-07:00,0.5154639175257731
2022-04-09T15:00-07:00,0.5307703342418657
2022-04-09T15:15-07:00,0.5139186295503212
2022-04-09T15:30-07:00,0.5572224603514788
2022-04-09T15:45-07:00,0.5859654137487429
2022-04-09T16:00-07:00,0.5725737188663106
2022-04-09T16:15-07:00,0.5603448275862069
2022-04-09T16:30-07:00,0.5574614065180102
2022-04-09T16:45-07:00,0.571102227298693
2022-04-09T17:00-07:00,0.6139348943460945
2022-04-09T17:15-07:00,0.6163107352730466
2022-04-09T17:30-07:00,0.6026689625484287
2022-04-09T17:45-07:00,0.5884885890627177
2022-04-09T18:00-07:00,0.6176386095949505
2022-04-09T18:15-07:00,0.5877293577981586
2022-04-09T18:30-07:00,0.6304628170224895
2022-04-09T18:45-07:00,0.6348290290001377
2022-04-09T19:00-07:00,0.6312769010042976
2022-04-09T19:15-07:00,0.6031882809133994
2022-04-09T19:30-07:00,0.6176386095949505
2022-04-09T19:45-07:00,0.6468305304010349
2022-04-09T20:00-07:00,0.6459948320413437
2022-04-09T20:15-07:00,0.6476683937823834
2022-04-09T20:30-07:00,0.6329113924050567
2022-04-09T20:45-07:00,0.6748994830557086
2022-04-09T21:00-07:00,0.6181713628522205
2022-04-09T21:15-07:00,0.6468305304010349
2022-04-09T21:30-07:00,0.603448275862069
2022-04-09T21:45-07:00,0.6459948320413437
2022-04-09T22:00-07:00,0.5728197049978585
2022-04-09T22:15-07:00,0.6165758531689197
2022-04-09T22:30-07:00,0.6590257879656226
2022-04-09T22:45-07:00,0.6288409318279197
2022-04-09T23:00-07:00,0.6152525397052576
2022-04-09T23:15-07:00,0.6691343963553466
2022-04-09T23:30-07:00,0.6714285714285649
2022-04-09T23:45-07:00,0.712149266486249
2022-04-10T00:00-07:00,0.6564863707720916
2022-04-10T00:15-07:00,0.602928509905254
2022-04-10T00:30-07:00,0.6021505376344086
2022-04-10T00:45-07:00,0.6593091586641888
2022-04-10T01:00-07:00,0.6293806322414468
2022-04-10T01:15-07:00,0.6171067738231983
2022-04-10T01:30-07:00,0.6163107352730466
2022-04-10T01:45-07:00,0.6584597766962562
2022-04-10T02:00-07:00,0.6144612746499065
2022-04-10T02:15-07:00,0.5993150684931506
2022-04-10T02:30-07:00,0.6152525397052576
2022-04-10T02:45-07:00,0.6147248034310288
2022-04-10T03:00-07:00,0.628571428571422
2022-04-10T03:15-07:00,0.6274957216200734
2022-04-10T03:30-07:00,0.6277643030389434
2022-04-10T03:45-07:00,0.5993150684931506
2022-04-10T04:00-07:00,0.62722736992159
2022-04-10T04:15-07:00,0.6128848346636325
2022-04-10T04:30-07:00,0.6564863707720916
2022-04-10T04:45-07:00,0.6846384253316218
2022-04-10T05:00-07:00,0.6139348943460945
2022-04-10T05:15-07:00,0.5854633728402048
2022-04-10T05:30-07:00,0.6003430531732419
2022-04-10T05:45-07:00,0.6144612746499065
2022-04-10T06:00-07:00,0.628571428571422
2022-04-10T06:15-07:00,0.5579399141630901
2022-04-10T06:30-07:00,0.5849621914681059
2022-04-10T06:45-07:00,0.5847119224187043
2022-04-10T07:00-07:00,0.5844618674269357
2022-04-10T07:15-07:00,0.6277643030389434
2022-04-10T07:30-07:00,0.5982905982905983
2022-04-10T07:45-07:00,0.62722736992159
2022-04-10T08:00-07:00,0.5995717344753747
2022-04-10T08:15-07:00,0.6013745704467354
2022-04-10T08:30-07:00,0.5593803786574871
2022-04-10T08:45-07:00,0.6269592476488963
2022-04-10T09:00-07:00,0.6559247112505413
2022-04-10T09:15-07:00,0.6152525397052576
2022-04-10T09:30-07:00,0.6018916595012898
2022-04-10T09:45-07:00,0.5691519635742809
2022-04-10T10:00-07:00,0.5703693141309063
2022-04-10T10:15-07:00,0.572327943911868
2022-04-10T10:30-07:00,0.5569837189374465
2022-04-10T10:45-07:00,0.5416963649322815
2022-04-10T11:00-07:00,0.5574614065180102
2022-04-10T11:15-07:00,0.5819730305180915
2022-04-10T11:30-07:00,0.5937234944868532
2022-04-10T11:45-07:00,0.5368748233964332
2022-04-10T12:00-07:00,0.5400795906765142
2022-04-10T12:15-07:00,0.5102040816326531
2022-04-10T12:30-07:00,0.5522514868309261
2022-04-10T12:45-07:00,0.5669737774627989
2022-04-10T13:00-07:00,0.552956188855806
2022-04-10T13:15-07:00,0.5546075085324232
2022-04-10T13:30-07:00,0.5679397983813781
2022-04-10T13:45-07:00,0.5701254275940772
2022-04-10T14:00-07:00,0.526240933010958
2022-04-10T14:15-07:00,0.5982905982905983
2022-04-10T14:30-07:00,0.5126014523707817
2022-04-10T14:45-07:00,0.5393896380411575
2022-04-10T15:00-07:00,0.5145797598627787
2022-04-10T15:15-07:00,0.5546075085324232
2022-04-10T15:30-07:00,0.5560307955517536
2022-04-10T15:45-07:00,0.5112910097997444
2022-04-10T16:00-07:00,0.5289492494639093
2022-04-10T16:15-07:00,0.5574614065180102
2022-04-10T16:30-07:00,0.5574614065180102
2022-04-10T16:45-07:00,0.5715918833952623
2022-04-10T17:00-07:00,0.5423922352269418
2022-04-10T17:15-07:00,0.5560307955517536
2022-04-10T17:30-07:00,0.5004289390906426
2022-04-10T17:45-07:00,0.5572224603514788
2022-04-10T18:00-07:00,0.5715918833952623
2022-04-10T18:15-07:00,0.5588993981083406
2022-04-10T18:30-07:00,0.6157811828726973
2022-04-10T18:45-07:00,0.6163107352730466
2022-04-10T19:00-07:00,0.6299212598425131
2022-04-10T19:15-07:00,0.6141979717183325
2022-04-10T19:30-07:00,0.6008583690987125
2022-04-10T19:45-07:00,0.5738057667479624
2022-04-10T20:00-07:00,0.6301919220853558
2022-04-10T20:15-07:00,0.6437768240343348
2022-04-10T20:30-07:00,0.6423982869379015
2022-04-10T20:45-07:00,0.6304628170224895
2022-04-10T21:00-07:00,0.6013745704467354
2022-04-10T21:15-07:00,0.5733123118819042
2022-04-10T21:30-07:00,0.6149885583524093
2022-04-10T21:45-07:00,0.6152525397052576
2022-04-10T22:00-07:00,0.6435006435006435
2022-04-10T22:15-07:00,0.6288409318279197
2022-04-10T22:30-07:00,0.6296508299942694
2022-04-10T22:45-07:00,0.6149885583524093
2022-04-10T23:00-07:00,0.6157811828726973
2022-04-10T23:15-07:00,0.602928509905254
2022-04-10T23:30-07:00,0.6021505376344086
2022-04-10T23:45-07:00,0.6307339449541218
2022-04-11T00:00-07:00,0.6160458452722128
2022-04-11T00:15-07:00,0.6008583690987125
2022-04-11T00:30-07:00,0.6144612746499065
2022-04-11T00:45-07:00,0.6141979717183325
2022-04-11T01:00-07:00,0.6714285714285649
2022-04-11T01:15-07:00,0.6277643030389434
2022-04-11T01:30-07:00,0.6277643030389434
2022-04-11T01:45-07:00,0.5985463873450192
2022-04-11T02:00-07:00,0.6144612746499065
2022-04-11T02:15-07:00,0.628571428571422
2022-04-11T02:30-07:00,0.5864683164068022
2022-04-11T02:45-07:00,0.6013745704467354
2022-04-11T03:00-07:00,0.5867200915855687
2022-04-11T03:15-07:00,0.6168411992540591
2022-04-11T03:30-07:00,0.6312769010042976
2022-04-11T03:45-07:00,0.5738057667479624
2022-04-11T04:00-07:00,0.6312769010042976
2022-04-11T04:15-07:00,0.6181713628522205
2022-04-11T04:30-07:00,0.6016330038676407
2022-04-11T04:45-07:00,0.5456634118322737
2022-04-11T05:00-07:00,0.5889958339318998
2022-04-11T05:15-07:00,0.6610145135795439
2022-04-11T05:30-07:00,0.5993150684931506
2022-04-11T05:45-07:00,0.6128848346636325
2022-04-11T06:00-07:00,0.6163107352730466
2022-04-11T06:15-07:00,0.6149885583524093
2022-04-11T06:30-07:00,0.5993150684931506
2022-04-11T06:45-07:00,0.5416963649322815
2022-04-11T07:00-07:00,0.5139186295503212
2022-04-11T07:15-07:00,0.6008583690987125
2022-04-11T07:30-07:00,0.5998286203941731
2022-04-11T07:45-07:00,0.6165758531689197
2022-04-11T08:00-07:00,0.6026689625484287
2022-04-11T08:15-07:00,0.6003430531732419
2022-04-11T08:30-07:00,0.5874767158618648
2022-04-11T08:45-07:00,0.5879822171231829
2022-04-11T09:00-07:00,0.5862167572204682
2022-04-11T09:15-07:00,0.556745182012848
2022-04-11T09:30-07:00,0.5985463873450192
2022-04-11T09:45-07:00,0.5689091167686027
2022-04-11T10:00-07:00,0.6410256410256411
2022-04-11T10:15-07:00,0.5696382796924019
2022-04-11T10:30-07:00,0.5550811272416738
2022-04-11T10:45-07:00,0.6139348943460945
2022-04-11T11:00-07:00,0.6000857265323618
2022-04-11T11:15-07:00,0.6016330038676407
2022-04-11T11:30-07:00,0.6016330038676407
2022-04-11T11:45-07:00,0.6000857265323618
2022-04-11T12:00-07:00,0.5995717344753747
2022-04-11T12:15-07:00,0.5872242910340811
2022-04-11T12:30-07:00,0.5872242910340811
2022-04-11T12:45-07:00,0.5864683164068022
2022-04-11T13:00-07:00,0.5447247706421953
2022-04-11T13:15-07:00,0.6164191650322155
2022-04-11T13:30-07:00,0.6286672254819782
2022-04-11T13:45-07:00,0.6680584551148225
2022-04-11T14:00-07:00,0.6427273997485043
2022-04-11T14:15-07:00,0.5603448275862069
2022-04-11T14:30-07:00,0.599058622165169
2022-04-11T14:45-07:00,0.5034522439585665
2022-04-11T15:00-07:00,0.5743000717875155
2022-04-11T15:15-07:00,0.6263048016701461
2022-04-11T15:30-07:00,0.6403118040089151
2022-04-11T15:45-07:00,0.6526871267879397
2022-04-11T16:00-07:00,0.6135824850090579
2022-04-11T16:15-07:00,0.6440772892747194
2022-04-11T16:30-07:00,0.6284038542103059
2022-04-11T16:45-07:00,0.6397774687065432
2022-04-11T17:00-07:00,0.6543227063900814
2022-04-11T17:15-07:00,0.6427273997485043
2022-04-11T17:30-07:00,0.628140703517588
2022-04-11T17:45-07:00,0.6143535325328057
2022-04-11T18:00-07:00,0.6000558191459735
2022-04-11T18:15-07:00,0.6429969247973226
2022-04-11T18:30-07:00,0.628140703517588
2022-04-11T18:45-07:00,0.6843575418994478
2022-04-11T19:00-07:00,0.615384615384609
2022-04-11T19:15-07:00,0.686370640145685
2022-04-11T19:30-07:00,0.644347947891868
2022-04-11T19:45-07:00,0.6866591928251186
2022-04-11T20:00-07:00,0.6714225765841376
2022-04-11T20:15-07:00,0.6852188505104245
2022-04-11T20:30-07:00,0.6567915036333083
2022-04-11T20:45-07:00,0.6554176544414941
2022-04-11T21:00-07:00,0.6284038542103059
2022-04-11T21:15-07:00,0.682071269487757
2022-04-11T21:30-07:00,0.6556919642857079
2022-04-11T21:45-07:00,0.6408470325996163
2022-04-11T22:00-07:00,0.6548697227253664
2022-04-11T22:15-07:00,0.6666666666666666
2022-04-11T22:30-07:00,0.6403118040089151
2022-04-11T22:45-07:00,0.696378830083559
2022-04-11T23:00-07:00,0.7241331290906623
2022-04-11T23:15-07:00,0.7241331290906623
2022-04-11T23:30-07:00,0.6957973838018305
2022-04-11T23:45-07:00,0.6809338521400842
2022-04-12T00:00-07:00,0.6812178506881754
2022-04-12T00:15-07:00,0.6400445248365167
2022-04-12T00:30-07:00,0.6817865590649848
2022-04-12T00:45-07:00,0.6806500902903244
2022-04-12T01:00-07:00,0.6661115736885929
2022-04-12T01:15-07:00,0.6815020862308826
2022-04-12T01:30-07:00,0.6955070246209423
2022-04-12T01:45-07:00,0.7229250660364307
2022-04-12T02:00-07:00,0.6812178506881754
2022-04-12T02:15-07:00,0.6397774687065432
2022-04-12T02:30-07:00,0.6812178506881754
2022-04-12T02:45-07:00,0.6809338521400842
2022-04-12T03:00-07:00,0.7226236798221297
2022-04-12T03:15-07:00,0.6809338521400842
2022-04-12T03:30-07:00,0.6812178506881754
2022-04-12T03:45-07:00,0.6815020862308826
2022-04-12T04:00-07:00,0.7092198581560284
2022-04-12T04:15-07:00,0.6829268292682991
2022-04-12T04:30-07:00,0.6949270326615642
2022-04-12T04:45-07:00,0.7238307349665988
2022-04-12T05:00-07:00,0.710405348934392
2022-04-12T05:15-07:00,0.6672226855713094
2022-04-12T05:30-07:00,0.7092198581560284
2022-04-12T05:45-07:00,0.6943480072212129
2022-04-12T06:00-07:00,0.6384455239417135
2022-04-12T06:15-07:00,0.6548697227253664
2022-04-12T06:30-07:00,0.667779632721202
2022-04-12T06:45-07:00,0.6686167989970748
2022-04-12T07:00-07:00,0.7232267037552219
2022-04-12T07:15-07:00,0.6537766031436854
2022-04-12T07:30-07:00,0.6803665648431055
2022-04-12T07:45-07:00,0.6832124930284503
2022-04-12T08:00-07:00,0.7089241034195163
2022-04-12T08:15-07:00,0.6781068364240307
2022-04-12T08:30-07:00,0.6518723994452086
2022-04-12T08:45-07:00,0.6373839545517591
2022-04-12T09:00-07:00,0.6792348211810432
2022-04-12T09:15-07:00,0.6666666666666666
2022-04-12T09:30-07:00,0.6384455239417135
2022-04-12T09:45-07:00,0.6242197253433208
2022-04-12T10:00-07:00,0.6521437491327812
2022-04-12T10:15-07:00,0.6663890045814244
2022-04-12T10:30-07:00,0.6110262463546666
2022-04-12T10:45-07:00,0.5968077723802978
2022-04-12T11:00-07:00,0.6242197253433208
2022-04-12T11:15-07:00,0.6368544925931117
2022-04-12T11:30-07:00,0.6087437742113938
2022-04-12T11:45-07:00,0.6368544925931117
2022-04-12T12:00-07:00,0.6360619469026612
2022-04-12T12:15-07:00,0.6224066390041494
2022-04-12T12:30-07:00,0.6911805363560899
2022-04-12T12:45-07:00,0.6371191135734136
2022-04-12T13:00-07:00,0.6510597035600435
2022-04-12T13:15-07:00,0.6387114690363851
2022-04-12T13:30-07:00,0.6384455239417135
2022-04-12T13:45-07:00,0.6516012754748307
2022-04-12T14:00-07:00,0.6100097046998412
2022-04-12T14:15-07:00,0.6105175523796246
2022-04-12T14:30-07:00,0.6257822277847309
2022-04-12T14:45-07:00,0.6105175523796246
2022-04-12T15:00-07:00,0.6242197253433208
2022-04-12T15:15-07:00,0.6133258990800048
2022-04-12T15:30-07:00,0.6276150627615062
2022-04-12T15:45-07:00,0.628140703517588
2022-04-12T16:00-07:00,0.6020722486698468
2022-04-12T16:15-07:00,0.6438068579426236
2022-04-12T16:30-07:00,0.5998047147440432
2022-04-12T16:45-07:00,0.6268282490597576
2022-04-12T17:00-07:00,0.6397774687065432
2022-04-12T17:15-07:00,0.6120461816664284
2022-04-12T17:30-07:00,0.6680584551148225
2022-04-12T17:45-07:00,0.6545961002785452
2022-04-12T18:00-07:00,0.5983024906080486
2022-04-12T18:15-07:00,0.628140703517588
2022-04-12T18:30-07:00,0.6146109791870309
2022-04-12T18:45-07:00,0.6548697227253664
2022-04-12T19:00-07:00,0.682071269487757
2022-04-12T19:15-07:00,0.6823562177969705
2022-04-12T19:30-07:00,0.6834983958711182
2022-04-12T19:45-07:00,0.6823562177969705
2022-04-12T20:00-07:00,0.696378830083559
2022-04-12T20:15-07:00,0.6397774687065432
2022-04-12T20:30-07:00,0.6413831567205864
2022-04-12T20:45-07:00,0.6957973838018305
2022-04-12T21:00-07:00,0.6815020862308826
2022-04-12T21:15-07:00,0.7369299221357
2022-04-12T21:30-07:00,0.6666666666666666
2022-04-12T21:45-07:00,0.682071269487757
2022-04-12T22:00-07:00,0.7124895222129086
2022-04-12T22:15-07:00,0.7080383173677635
2022-04-12T22:30-07:00,0.7109995817649519
2022-04-12T22:45-07:00,0.6554176544414941
2022-04-12T23:00-07:00,0.6806500902903244
2022-04-12T23:15-07:00,0.7101086048454469
2022-04-12T23:30-07:00,0.6955070246209423
2022-04-12T23:45-07:00,0.6661115736885929
2022-04-13T00:00-07:00,0.6663890045814244
2022-04-13T00:15-07:00,0.7101086048454469
2022-04-13T00:30-07:00,0.6686167989970748
2022-04-13T00:45-07:00,0.6952169076751883
2022-04-13T01:00-07:00,0.6952169076751883
2022-04-13T01:15-07:00,0.6803665648431055
2022-04-13T01:30-07:00,0.6521437491327812
2022-04-13T01:45-07:00,0.6655574043261231
2022-04-13T02:00-07:00,0.6697362913352868
2022-04-13T02:15-07:00,0.6702974444909929
2022-04-13T02:30-07:00,0.6843575418994478
2022-04-13T02:45-07:00,0.6978367062107403
2022-04-13T03:00-07:00,0.6419201786212735
2022-04-13T03:15-07:00,0.6694560669456067
2022-04-13T03:30-07:00,0.6554176544414941
2022-04-13T03:45-07:00,0.6702974444909929
2022-04-13T04:00-07:00,0.7372374460981992
2022-04-13T04:15-07:00,0.6405793065032789
2022-04-13T04:30-07:00,0.6966699177929433
2022-04-13T04:45-07:00,0.6969612489545517
2022-04-13T05:00-07:00,0.6957973838018305
2022-04-13T05:15-07:00,0.682071269487757
2022-04-13T05:30-07:00,0.6966699177929433
2022-04-13T05:45-07:00,0.6981290142418255
2022-04-13T06:00-07:00,0.7101086048454469
2022-04-13T06:15-07:00,0.7115948095437421
2022-04-13T06:30-07:00,0.7241331290906623
2022-04-13T06:45-07:00,0.6419201786212735
2022-04-13T07:00-07:00,0.7112970711297071
2022-04-13T07:15-07:00,0.6581711244923616
2022-04-13T07:30-07:00,0.686082329879592
2022-04-13T07:45-07:00,0.6680584551148225
2022-04-13T08:00-07:00,0.6652806652806653
2022-04-13T08:15-07:00,0.696378830083559
2022-04-13T08:30-07:00,0.6548697227253664
2022-04-13T08:45-07:00,0.667779632721202
2022-04-13T09:00-07:00,0.6419201786212735
2022-04-13T09:15-07:00,0.6413831567205864
2022-04-13T09:30-07:00,0.6817865590649848
2022-04-13T09:45-07:00,0.6535038932146766
2022-04-13T10:00-07:00,0.6392440244580386
2022-04-13T10:15-07:00,0.6521437491327812
2022-04-13T10:30-07:00,0.6373839545517591
2022-04-13T10:45-07:00,0.6516012754748307
2022-04-13T11:00-07:00,0.6658343736995422
2022-04-13T11:15-07:00,0.5980528511822039
2022-04-13T11:30-07:00,0.65323141070187
2022-04-13T11:45-07:00,0.6257822277847309
2022-04-13T12:00-07:00,0.6400445248365167
2022-04-13T12:15-07:00,0.6535038932146766
2022-04-13T12:30-07:00,0.6535038932146766
2022-04-13T12:45-07:00,0.5990526609083374
2022-04-13T13:00-07:00,0.6554176544414941
2022-04-13T13:15-07:00,0.6268282490597576
2022-04-13T13:30-07:00,0.6276150627615062
2022-04-13T13:45-07:00,0.628140703517588
2022-04-13T14:00-07:00,0.6252605252188412
2022-04-13T14:15-07:00,0.625
2022-04-13T14:30-07:00,0.6260434056761269
2022-04-13T14:45-07:00,0.6130695276577893
2022-04-13T15:00-07:00,0.6543227063900814
2022-04-13T15:15-07:00,0.6652806652806653
2022-04-13T15:30-07:00,0.6524153248195383
2022-04-13T15:45-07:00,0.6655574043261231
2022-04-13T16:00-07:00,0.6658343736995422
2022-04-13T16:15-07:00,0.6289308176100629
2022-04-13T16:30-07:00,0.6855064353665425
2022-04-13T16:45-07:00,0.6849315068493215
2022-04-13T17:00-07:00,0.6562412733873156
2022-04-13T17:15-07:00,0.6578947368420989
2022-04-13T17:30-07:00,0.6416515553075807
2022-04-13T17:45-07:00,0.6683375104427736
2022-04-13T18:00-07:00,0.6680584551148225
2022-04-13T18:15-07:00,0.6551435740172783
2022-04-13T18:30-07:00,0.6800832755031292
2022-04-13T18:45-07:00,0.7095158597662772
2022-04-13T19:00-07:00,0.667779632721202
2022-04-13T19:15-07:00,0.6705783738474435
2022-04-13T19:30-07:00,0.6993006993006929
2022-04-13T19:45-07:00,0.7253452364346555
2022-04-13T20:00-07:00,0.6981290142418255
2022-04-13T20:15-07:00,0.696378830083559
2022-04-13T20:30-07:00,0.6675010429703796
2022-04-13T20:45-07:00,0.6809338521400842
2022-04-13T21:00-07:00,0.6798002219755891
2022-04-13T21:15-07:00,0.6545961002785452
2022-04-13T21:30-07:00,0.6683375104427736
2022-04-13T21:45-07:00,0.6672226855713094
2022-04-13T22:00-07:00,0.6803665648431055
2022-04-13T22:15-07:00,0.686082329879592
2022-04-13T22:30-07:00,0.7112970711297071
2022-04-13T22:45-07:00,0.6669445602334306
2022-04-13T23:00-07:00,0.6817865590649848
2022-04-13T23:15-07:00,0.6518723994452086
2022-04-13T23:30-07:00,0.6397774687065432
2022-04-13T23:45-07:00,0.6955070246209423
2022-04-14T00:00-07:00,0.6708595387840671
2022-04-14T00:15-07:00,0.7515657620041754
2022-04-14T00:30-07:00,0.6694560669456067
2022-04-14T00:45-07:00,0.6694560669456067
2022-04-14T01:00-07:00,0.7244357759821741
2022-04-14T01:15-07:00,0.7098121085594989
2022-04-14T01:30-07:00,0.6946373992775707
2022-04-14T01:45-07:00,0.6809338521400842
2022-04-14T02:00-07:00,0.6529591553209161
2022-04-14T02:15-07:00,0.6966699177929433
2022-04-14T02:30-07:00,0.6817865590649848
2022-04-14T02:45-07:00,0.6817865590649848
2022-04-14T03:00-07:00,0.6817865590649848
2022-04-14T03:15-07:00,0.7101086048454469
2022-04-14T03:30-07:00,0.6683375104427736
2022-04-14T03:45-07:00,0.682071269487757
2022-04-14T04:00-07:00,0.710405348934392
2022-04-14T04:15-07:00,0.6832124930284503
2022-04-14T04:30-07:00,0.6969612489545517
2022-04-14T04:45-07:00,0.6803665648431055
2022-04-14T05:00-07:00,0.6949270326615642
2022-04-14T05:15-07:00,0.6837845380965735
2022-04-14T05:30-07:00,0.7208206265594741
2022-04-14T05:45-07:00,0.7083333333333334
2022-04-14T06:00-07:00,0.6803665648431055
2022-04-14T06:15-07:00,0.7098121085594989
2022-04-14T06:30-07:00,0.7089241034195163
2022-04-14T06:45-07:00,0.7232267037552219
2022-04-14T07:00-07:00,0.6966699177929433
2022-04-14T07:15-07:00,0.6424581005586656
2022-04-14T07:30-07:00,0.7214206437291961
2022-04-14T07:45-07:00,0.5946749560751391
2022-04-14T08:00-07:00,0.5543537047052399
2022-04-14T08:15-07:00,0.5559322033898243
2022-04-14T08:30-07:00,0.5806103159600385
2022-04-14T08:45-07:00,0.5670311867152693
2022-04-14T09:00-07:00,0.5799055967633238
2022-04-14T09:15-07:00,0.5670311867152693
2022-04-14T09:30-07:00,0.5541289363427429
2022-04-14T09:45-07:00,0.553904350175622
2022-04-14T10:00-07:00,0.5661140315406389
2022-04-14T10:15-07:00,0.5534557235421105
2022-04-14T10:30-07:00,0.526742301458671
2022-04-14T10:45-07:00,0.5674908796108634
2022-04-14T11:00-07:00,0.5273833671399595
2022-04-14T11:15-07:00,0.5403214912873221
2022-04-14T11:30-07:00,0.4993926305844305
2022-04-14T11:45-07:00,0.526742301458671
2022-04-14T12:00-07:00,0.5679513184584178
2022-04-14T12:15-07:00,0.513791238507295
2022-04-14T12:30-07:00,0.5411987552428691
2022-04-14T12:45-07:00,0.5686433793663688
2022-04-14T13:00-07:00,0.5405405405405467
2022-04-14T13:15-07:00,0.513791238507295
2022-04-14T13:30-07:00,0.5299633102323685
2022-04-14T13:45-07:00,0.4997973794407734
2022-04-14T14:00-07:00,0.5133747635774053
2022-04-14T14:15-07:00,0.5000000000000062
2022-04-14T14:30-07:00,0.487012987012987
2022-04-14T14:45-07:00,0.5278116118554608
2022-04-14T15:00-07:00,0.5434044287461005
2022-04-14T15:15-07:00,0.5160939834306606
2022-04-14T15:30-07:00,0.5160939834306606
2022-04-14T15:45-07:00,0.5299633102323685
2022-04-14T16:00-07:00,0.5303957568339454
2022-04-14T16:15-07:00,0.5026490965901435
2022-04-14T16:30-07:00,0.5295315682281059
2022-04-14T16:45-07:00,0.5010155721056256
2022-04-14T17:00-07:00,0.5301794453507341
2022-04-14T17:15-07:00,0.5280259951259139
2022-04-14T17:30-07:00,0.5595741776989156
2022-04-14T17:45-07:00,0.5577472452727458
2022-04-14T18:00-07:00,0.5568382452804501
2022-04-14T18:15-07:00,0.5704971475142624
2022-04-14T18:30-07:00,0.5740057400574006
2022-04-14T18:45-07:00,0.5588876772082817
2022-04-14T19:00-07:00,0.5579749591725578
2022-04-14T19:15-07:00,0.5853525728287565
2022-04-14T19:30-07:00,0.5839217816404191
2022-04-14T19:45-07:00,0.6256800870511487
2022-04-14T20:00-07:00,0.5570652173912981
2022-04-14T20:15-07:00,0.584397934221262
2022-04-14T20:30-07:00,0.5970959424616575
2022-04-14T20:45-07:00,0.637029005150441
2022-04-14T21:00-07:00,0.5711954304365565
2022-04-14T21:15-07:00,0.5853525728287565
2022-04-14T21:30-07:00,0.5698005698005698
2022-04-14T21:45-07:00,0.6117455138662317
2022-04-14T22:00-07:00,0.584397934221262
2022-04-14T22:15-07:00,0.6251698831204193
2022-04-14T22:30-07:00,0.6105006105006106
2022-04-14T22:45-07:00,0.6097560975609756
2022-04-14T23:00-07:00,0.5707297187117815
2022-04-14T23:15-07:00,0.6134969325153374
2022-04-14T23:30-07:00,0.6100040666937779
2022-04-14T23:45-07:00,0.6100040666937779
2022-04-15T00:00-07:00,0.5681818181818182
2022-04-15T00:15-07:00,0.5841597609020576
2022-04-15T00:30-07:00,0.6102522375915378
2022-04-15T00:45-07:00,0.5963675792897742
2022-04-15T01:00-07:00,0.541418516513271
2022-04-15T01:15-07:00,0.5836839961992732
2022-04-15T01:30-07:00,0.556384855475635
2022-04-15T01:45-07:00,0.5966101694915192
2022-04-15T02:00-07:00,0.5822613405551856
2022-04-15T02:15-07:00,0.5686433793663688
2022-04-15T02:30-07:00,0.5686433793663688
2022-04-15T02:45-07:00,0.6085192697768763
2022-04-15T03:00-07:00,0.5820249052517658
2022-04-15T03:15-07:00,0.5824979680303503
2022-04-15T03:30-07:00,0.6226312939902606
2022-04-15T03:45-07:00,0.5572923746092096
2022-04-15T04:00-07:00,0.6117455138662317
2022-04-15T04:15-07:00,0.5716619028174765
2022-04-15T04:30-07:00,0.586070601063111
2022-04-15T04:45-07:00,0.6261911244214601
2022-04-15T05:00-07:00,0.584397934221262
2022-04-15T05:15-07:00,0.6362528766752341
2022-04-15T05:30-07:00,0.5836839961992732
2022-04-15T05:45-07:00,0.6114961271911945
2022-04-15T06:00-07:00,0.5700325732899023
2022-04-15T06:15-07:00,0.5557061534291073
2022-04-15T06:30-07:00,0.5832090058320962
2022-04-15T06:45-07:00,0.5822613405551856
2022-04-15T07:00-07:00,0.5946749560751391
2022-04-15T07:15-07:00,0.5427408412483101
2022-04-15T07:30-07:00,0.5832090058320962
2022-04-15T07:45-07:00,0.5436259853221046
2022-04-15T08:00-07:00,0.5586592178770887
2022-04-15T08:15-07:00,0.5438477226376677
2022-04-15T08:30-07:00,0.5409791723018725
2022-04-15T08:45-07:00,0.5407597674733061
2022-04-15T09:00-07:00,0.5672609400324149
2022-04-15T09:15-07:00,0.5817886618860838
2022-04-15T09:30-07:00,0.5686433793663688
2022-04-15T09:45-07:00,0.5541289363427429
2022-04-15T10:00-07:00,0.5403214912873221
2022-04-15T10:15-07:00,0.5679513184584178
2022-04-15T10:30-07:00,0.5674908796108634
2022-04-15T10:45-07:00,0.527169505271695
2022-04-15T11:00-07:00,0.5396654074473888
2022-04-15T11:15-07:00,0.5541289363427429
2022-04-15T11:30-07:00,0.5543537047052399
2022-04-15T11:45-07:00,0.5541289363427429
2022-04-15T12:00-07:00,0.5273833671399595
2022-04-15T12:15-07:00,0.5681818181818182
2022-04-15T12:30-07:00,0.5681818181818182
2022-04-15T12:45-07:00,0.555254604550373
2022-04-15T13:00-07:00,0.5554802872239472
2022-04-15T13:15-07:00,0.5018310050183162
2022-04-15T13:30-07:00,0.556384855475635
2022-04-15T13:45-07:00,0.4897959183673469
2022-04-15T14:00-07:00,0.515463917525767
2022-04-15T14:15-07:00,0.5286701911346076
2022-04-15T14:30-07:00,0.5152542372881294
2022-04-15T14:45-07:00,0.5148353881587798
2022-04-15T15:00-07:00,0.5016268980477285
2022-04-15T15:15-07:00,0.5148353881587798
2022-04-15T15:30-07:00,0.5020352781546873
2022-04-15T15:45-07:00,0.5158837903882643
2022-04-15T16:00-07:00,0.5291005291005291
2022-04-15T16:15-07:00,0.5557061534291073
2022-04-15T16:30-07:00,0.5422993492407872
2022-04-15T16:45-07:00,0.5284552845528455
2022-04-15T17:00-07:00,0.5282405526208859
2022-04-15T17:15-07:00,0.5416384563304056
2022-04-15T17:30-07:00,0.5550291051847779
2022-04-15T17:45-07:00,0.5813167500338037
2022-04-15T18:00-07:00,0.5951575814960035
2022-04-15T18:15-07:00,0.5586592178770887
2022-04-15T18:30-07:00,0.5853525728287565
2022-04-15T18:45-07:00,0.5436259853221046
2022-04-15T19:00-07:00,0.556384855475635
2022-04-15T19:15-07:00,0.5836839961992732
2022-04-15T19:30-07:00,0.6107491856677525
2022-04-15T19:45-07:00,0.5841597609020576
2022-04-15T20:00-07:00,0.5839217816404191
2022-04-15T20:15-07:00,0.5704971475142624
2022-04-15T20:30-07:00,0.5968529571350996
2022-04-15T20:45-07:00,0.5978260869565155
2022-04-15T21:00-07:00,0.5839217816404191
2022-04-15T21:15-07:00,0.5584309452465206
2022-04-15T21:30-07:00,0.555254604550373
2022-04-15T21:45-07:00,0.6375474769397659
2022-04-15T22:00-07:00,0.5968529571350996
2022-04-15T22:15-07:00,0.5975825071302396
2022-04-15T22:30-07:00,0.5985580193170935
2022-04-15T22:45-07:00,0.5846363018354923
2022-04-15T23:00-07:00,0.6107491856677525
2022-04-15T23:15-07:00,0.6105006105006106
2022-04-15T23:30-07:00,0.625424881033317
2022-04-15T23:45-07:00,0.6354786371011295
2022-04-16T00:00-07:00,0.5867903930131066
2022-04-16T00:15-07:00,0.6132461161079313
2022-04-16T00:30-07:00,0.6134969325153374
2022-04-16T00:45-07:00,0.6367700853542818
2022-04-16T01:00-07:00,0.6498781478472786
2022-04-16T01:15-07:00,0.6354786371011295
2022-04-16T01:30-07:00,0.5681818181818182
2022-04-16T01:45-07:00,0.6249150930580146
2022-04-16T02:00-07:00,0.6244061354689895
2022-04-16T02:15-07:00,0.6112469437652812
2022-04-16T02:30-07:00,0.6251698831204193
2022-04-16T02:45-07:00,0.6519967400162999
2022-04-16T03:00-07:00,0.5975825071302396
2022-04-16T03:15-07:00,0.597339125712728
2022-04-16T03:30-07:00,0.6244061354689895
2022-04-16T03:45-07:00,0.583446404341933
2022-04-16T04:00-07:00,0.6105006105006106
2022-04-16T04:15-07:00,0.6378070294476801
2022-04-16T04:30-07:00,0.5970959424616575
2022-04-16T04:45-07:00,0.5975825071302396
2022-04-16T05:00-07:00,0.5822613405551856
2022-04-16T05:15-07:00,0.5824979680303503
2022-04-16T05:30-07:00,0.6367700853542818
2022-04-16T05:45-07:00,0.6238980062389863
2022-04-16T06:00-07:00,0.6238980062389863
2022-04-16T06:15-07:00,0.6139991813344249
2022-04-16T06:30-07:00,0.6002728512960375
2022-04-16T06:45-07:00,0.5992917461182177
2022-04-16T07:00-07:00,0.6285011613608479
2022-04-16T07:15-07:00,0.5815526102245125
2022-04-16T07:30-07:00,0.5695687550854354
2022-04-16T07:45-07:00,0.5817886618860838
2022-04-16T08:00-07:00,0.6107491856677525
2022-04-16T08:15-07:00,0.6251698831204193
2022-04-16T08:30-07:00,0.5709624796084829
2022-04-16T08:45-07:00,0.5561584373304334
2022-04-16T09:00-07:00,0.5822613405551856
2022-04-16T09:15-07:00,0.5808456031338708
2022-04-16T09:30-07:00,0.5728314238952537
2022-04-16T09:45-07:00,0.5963675792897742
2022-04-16T10:00-07:00,0.5422993492407872
2022-04-16T10:15-07:00,0.556384855475635
2022-04-16T10:30-07:00,0.5572923746092096
2022-04-16T10:45-07:00,0.5541289363427429
2022-04-16T11:00-07:00,0.5817886618860838
2022-04-16T11:15-07:00,0.526955816781516
2022-04-16T11:30-07:00,0.5407597674733061
2022-04-16T11:45-07:00,0.5263157894736842
2022-04-16T12:00-07:00,0.5668016194331984
2022-04-16T12:15-07:00,0.5258899676375405
2022-04-16T12:30-07:00,0.5286701911346076
2022-04-16T12:45-07:00,0.5534557235421105
2022-04-16T13:00-07:00,0.5263157894736842
2022-04-16T13:15-07:00,0.5663430420711975
2022-04-16T13:30-07:00,0.5681818181818182
2022-04-16T13:45-07:00,0.5152542372881294
2022-04-16T14:00-07:00,0.5158837903882643
2022-04-16T14:15-07:00,0.512751315611922
2022-04-16T14:30-07:00,0.5265289590927501
2022-04-16T14:45-07:00,0.5152542372881294
2022-04-16T15:00-07:00,0.5024443237371056
2022-04-16T15:15-07:00,0.5000000000000062
2022-04-16T15:30-07:00,0.526742301458671
2022-04-16T15:45-07:00,0.5002027849128087
2022-04-16T16:00-07:00,0.5121293800539022
2022-04-16T16:15-07:00,0.5152542372881294
2022-04-16T16:30-07:00,0.5148353881587798
2022-04-16T16:45-07:00,0.5409791723018725
2022-04-16T17:00-07:00,0.5146262188515648
2022-04-16T17:15-07:00,0.526742301458671
2022-04-16T17:30-07:00,0.5554802872239472
2022-04-16T17:45-07:00,0.5425200054252063
2022-04-16T18:00-07:00,0.5681818181818182
2022-04-16T18:15-07:00,0.5557061534291073
2022-04-16T18:30-07:00,0.541418516513271
2022-04-16T18:45-07:00,0.5429618569295569
2022-04-16T19:00-07:00,0.570264765784114
2022-04-16T19:15-07:00,0.5963675792897742
2022-04-16T19:30-07:00,0.584874863982596
2022-04-16T19:45-07:00,0.5839217816404191
2022-04-16T20:00-07:00,0.6107491856677525
2022-04-16T20:15-07:00,0.5968529571350996
2022-04-16T20:30-07:00,0.5698005698005698
2022-04-16T20:45-07:00,0.6100040666937779
2022-04-16T21:00-07:00,0.5431830526887623
2022-04-16T21:15-07:00,0.5686433793663688
2022-04-16T21:30-07:00,0.609508329947176
2022-04-16T21:45-07:00,0.5681818181818182
2022-04-16T22:00-07:00,0.5820249052517658
2022-04-16T22:15-07:00,0.5980698654342741
2022-04-16T22:30-07:00,0.5436259853221046
2022-04-16T22:45-07:00,0.584397934221262
2022-04-16T23:00-07:00,0.597339125712728
2022-04-16T23:15-07:00,0.5588876772082817
2022-04-16T23:30-07:00,0.5588876772082817
2022-04-16T23:45-07:00,0.5586592178770887
2022-04-17T00:00-07:00,0.5839217816404191
2022-04-17T00:15-07:00,0.5841597609020576
2022-04-17T00:30-07:00,0.583446404341933
2022-04-17T00:45-07:00,0.5458515283842857
2022-04-17T01:00-07:00,0.5863103354240586
2022-04-17T01:15-07:00,0.5723630417007359
2022-04-17T01:30-07:00,0.5721291377196567
2022-04-17T01:45-07:00,0.5851136209008091
2022-04-17T02:00-07:00,0.5714285714285714
2022-04-17T02:15-07:00,0.5709624796084829
2022-04-17T02:30-07:00,0.5846363018354923
2022-04-17T02:45-07:00,0.5568382452804501
2022-04-17T03:00-07:00,0.5575197171607227
2022-04-17T03:15-07:00,0.584397934221262
2022-04-17T03:30-07:00,0.5841597609020576
2022-04-17T03:45-07:00,0.5716619028174765
2022-04-17T04:00-07:00,0.5445140212360531
2022-04-17T04:15-07:00,0.5577472452727458
2022-04-17T04:30-07:00,0.5577472452727458
2022-04-17T04:45-07:00,0.5846363018354923
2022-04-17T05:00-07:00,0.5577472452727458
2022-04-17T05:15-07:00,0.5301794453507341
2022-04-17T05:30-07:00,0.5839217816404191
2022-04-17T05:45-07:00,0.5846363018354923
2022-04-17T06:00-07:00,0.5822613405551856
2022-04-17T06:15-07:00,0.5686433793663688
2022-04-17T06:30-07:00,0.554578655484912
2022-04-17T06:45-07:00,0.5543537047052399
2022-04-17T07:00-07:00,0.5939524838012897
2022-04-17T07:15-07:00,0.5686433793663688
2022-04-17T07:30-07:00,0.6097560975609756
2022-04-17T07:45-07:00,0.5820249052517658
2022-04-17T08:00-07:00,0.5561584373304334
2022-04-17T08:15-07:00,0.5561584373304334
2022-04-17T08:30-07:00,0.5536799459824381
2022-04-17T08:45-07:00,0.5939524838012897
2022-04-17T09:00-07:00,0.6085192697768763
2022-04-17T09:15-07:00,0.5810810810810872
2022-04-17T09:30-07:00,0.5801403130059425
2022-04-17T09:45-07:00,0.6097560975609756
2022-04-17T10:00-07:00,0.6367700853542818
2022-04-17T10:15-07:00,0.5815526102245125
2022-04-17T10:30-07:00,0.5534557235421105
2022-04-17T10:45-07:00,0.5409791723018725
2022-04-17T11:00-07:00,0.527169505271695
2022-04-17T11:15-07:00,0.5273833671399595
2022-04-17T11:30-07:00,0.513791238507295
2022-04-17T11:45-07:00,0.5273833671399595
2022-04-17T12:00-07:00,0.5550291051847779
2022-04-17T12:15-07:00,0.5282405526208859
2022-04-17T12:30-07:00,0.5280259951259139
2022-04-17T12:45-07:00,0.5425200054252063
2022-04-17T13:00-07:00,0.5293159609120521
2022-04-17T13:15-07:00,0.5004057343792326
2022-04-17T13:30-07:00,0.5144172194395498
2022-04-17T13:45-07:00,0.5282405526208859
2022-04-17T14:00-07:00,0.526955816781516
2022-04-17T14:15-07:00,0.526742301458671
2022-04-17T14:30-07:00,0.5135829166103466
2022-04-17T14:45-07:00,0.541418516513271
2022-04-17T15:00-07:00,0.5280259951259139
2022-04-17T15:15-07:00,0.5148353881587798
2022-04-17T15:30-07:00,0.5146262188515648
2022-04-17T15:45-07:00,0.5429618569295569
2022-04-17T16:00-07:00,0.5006088485996544
2022-04-17T16:15-07:00,0.5144172194395498
2022-04-17T16:30-07:00,0.5014229570402555
2022-04-17T16:45-07:00,0.5284552845528455
2022-04-17T17:00-07:00,0.5278116118554608
2022-04-17T17:15-07:00,0.5010155721056256
2022-04-17T17:30-07:00,0.5018310050183162
2022-04-17T17:45-07:00,0.5286701911346076
2022-04-17T18:00-07:00,0.5308289097590854
2022-04-17T18:15-07:00,0.5316973415132924
2022-04-17T18:30-07:00,0.5165148837841449
2022-04-17T18:45-07:00,0.5425200054252063
2022-04-17T19:00-07:00,0.5695687550854354
2022-04-17T19:15-07:00,0.5431830526887623
2022-04-17T19:30-07:00,0.5709624796084829
2022-04-17T19:45-07:00,0.5445140212360531
2022-04-17T20:00-07:00,0.5686433793663688
2022-04-17T20:15-07:00,0.5815526102245125
2022-04-17T20:30-07:00,0.5975825071302396
2022-04-17T20:45-07:00,0.5458515283842857
2022-04-17T21:00-07:00,0.586070601063111
2022-04-17T21:15-07:00,0.5716619028174765
2022-04-17T21:30-07:00,0.5851136209008091
2022-04-17T21:45-07:00,0.5572923746092096
2022-04-17T22:00-07:00,0.545181954477313
2022-04-17T22:15-07:00,0.5416384563304056
2022-04-17T22:30-07:00,0.5688744412840309
2022-04-17T22:45-07:00,0.5815526102245125
2022-04-17T23:00-07:00,0.554578655484912
2022-04-17T23:15-07:00,0.5686433793663688
2022-04-17T23:30-07:00,0.5679513184584178
2022-04-17T23:45-07:00,0.5561584373304334
2022-04-18T00:00-07:00,0.5858310626703059
2022-04-18T00:15-07:00,0.5584309452465206
2022-04-18T00:30-07:00,0.5853525728287565
2022-04-18T00:45-07:00,0.5575197171607227
2022-04-18T01:00-07:00,0.5434044287461005
2022-04-18T01:15-07:00,0.5730659025787965
2022-04-18T01:30-07:00,0.5723630417007359
2022-04-18T01:45-07:00,0.5863103354240586
2022-04-18T02:00-07:00,0.5591163234692423
2022-04-18T02:15-07:00,0.5434044287461005
2022-04-18T02:30-07:00,0.5541289363427429
2022-04-18T02:45-07:00,0.5670311867152693
2022-04-18T03:00-07:00,0.5570652173912981
2022-04-18T03:15-07:00,0.5462988254575315
2022-04-18T03:30-07:00,0.5595741776989156
2022-04-18T03:45-07:00,0.5598033861277928
2022-04-18T04:00-07:00,0.5735354362965998
2022-04-18T04:15-07:00,0.5707297187117815
2022-04-18T04:30-07:00,0.5301794453507341
2022-04-18T04:45-07:00,0.5577472452727458
2022-04-18T05:00-07:00,-0.0
2022-04-18T05:15-07:00,-0.0
2022-04-18T05:30-07:00,-0.0
2022-04-18T05:45-07:00,-0.0
2022-04-18T06:00-07:00,-0.0
2022-04-18T06:15-07:00,0.5935946990612985
2022-04-18T06:30-07:00,0.5938406297472788
2022-04-18T06:45-07:00,0.5955678670360174
2022-04-18T07:00-07:00,0.6107717934480781
2022-04-18T07:15-07:00,0.6082388719933584
2022-04-18T07:30-07:00,0.6077348066298279
2022-04-18T07:45-07:00,0.6092495153696974
2022-04-18T08:00-07:00,0.6344827586206959
2022-04-18T08:15-07:00,0.6373839545517591
2022-04-18T08:30-07:00,0.5823627287853578
2022-04-18T08:45-07:00,0.60798673483487
2022-04-18T09:00-07:00,0.6188118811881188
2022-04-18T09:15-07:00,0.6329113924050696
2022-04-18T09:30-07:00,0.591634562465609
2022-04-18T09:45-07:00,0.5648939101680841
2022-04-18T10:00-07:00,0.5913904552331242
2022-04-18T10:15-07:00,0.605226960110035
2022-04-18T10:30-07:00,0.5505849965588501
2022-04-18T10:45-07:00,0.552409888137004
2022-04-18T11:00-07:00,0.5378568473314026
2022-04-18T11:15-07:00,0.565127498277044
2022-04-18T11:30-07:00,0.5505849965588501
2022-04-18T11:45-07:00,0.5926130099228288
2022-04-18T12:00-07:00,0.5940867642995366
2022-04-18T12:15-07:00,0.6177924217462932
2022-04-18T12:30-07:00,0.57684384013185
2022-04-18T12:45-07:00,0.5367464905037159
2022-04-18T13:00-07:00,0.5634964266080201
2022-04-18T13:15-07:00,0.5777961205117623
2022-04-18T13:30-07:00,0.5780346820809249
2022-04-18T13:45-07:00,0.5775577557755776
2022-04-18T14:00-07:00,0.5782734407269723
2022-04-18T14:15-07:00,0.5782734407269723
2022-04-18T14:30-07:00,0.5787515502273667
2022-04-18T14:45-07:00,0.5777961205117623
2022-04-18T15:00-07:00,0.5889604163813239
2022-04-18T15:15-07:00,0.5904160373472533
2022-04-18T15:30-07:00,0.5761316872427984
2022-04-18T15:45-07:00,0.6170300287947347
2022-04-18T16:00-07:00,0.5766062602965404
2022-04-18T16:15-07:00,0.6037321624588302
2022-04-18T16:30-07:00,0.607483087118591
2022-04-18T16:45-07:00,0.579950289975145
2022-04-18T17:00-07:00,0.6190672719768882
2022-04-18T17:15-07:00,0.5943331029716719
2022-04-18T17:30-07:00,0.5958154357766449
2022-04-18T17:45-07:00,0.6077348066298279
2022-04-18T18:00-07:00,0.6200909466721786
2022-04-18T18:15-07:00,0.5953205039457352
2022-04-18T18:30-07:00,0.6226650062266501
2022-04-18T18:45-07:00,0.6510597035600435
2022-04-18T19:00-07:00,0.6792348211810432
2022-04-18T19:15-07:00,0.6516012754748307
2022-04-18T19:30-07:00,0.6647278770253428
2022-04-18T19:45-07:00,0.6229235880398671
2022-04-18T20:00-07:00,0.66417600664176
2022-04-18T20:15-07:00,0.6630750103605471
2022-04-18T20:30-07:00,0.6764218663721764
2022-04-18T20:45-07:00,0.6480970766684989
2022-04-18T21:00-07:00,0.6208609271523179
2022-04-18T21:15-07:00,0.6350082827167374
2022-04-18T21:30-07:00,0.6200909466721786
2022-04-18T21:45-07:00,0.6077348066298279
2022-04-18T22:00-07:00,0.5544774050457507
2022-04-18T22:15-07:00,0.5813953488372093
2022-04-18T22:30-07:00,0.6110262463546666
2022-04-18T22:45-07:00,0.5544774050457507
2022-04-18T23:00-07:00,0.5811540058115401
2022-04-18T23:15-07:00,0.60798673483487
2022-04-18T23:30-07:00,0.5970563732296648
2022-04-18T23:45-07:00,0.6373839545517591
2022-04-19T00:00-07:00,0.607483087118591
2022-04-19T00:15-07:00,0.608491218365365
2022-04-19T00:30-07:00,0.6077348066298279
2022-04-19T00:45-07:00,0.6636250518457072
2022-04-19T01:00-07:00,0.6355346780878759
2022-04-19T01:15-07:00,0.6092495153696974
2022-04-19T01:30-07:00,0.6502490315439893
2022-04-19T01:45-07:00,0.6077348066298279
2022-04-19T02:00-07:00,0.5662983425414302
2022-04-19T02:15-07:00,0.6350082827167374
2022-04-19T02:30-07:00,0.607483087118591
2022-04-19T02:45-07:00,0.5933489719884153
2022-04-19T03:00-07:00,0.6213753106876554
2022-04-19T03:15-07:00,0.6344827586206959
2022-04-19T03:30-07:00,0.6489023885130407
2022-04-19T03:45-07:00,0.6077348066298279
2022-04-19T04:00-07:00,0.5945796460177054
2022-04-19T04:15-07:00,0.6102635228848757
2022-04-19T04:30-07:00,0.5958154357766449
2022-04-19T04:45-07:00,0.6244796003330558
2022-04-19T05:00-07:00,0.6100097046998412
2022-04-19T05:15-07:00,0.5684181339248515
2022-04-19T05:30-07:00,0.5943331029716719
2022-04-19T05:45-07:00,0.6352713713575536
2022-04-19T06:00-07:00,0.5970563732296648
2022-04-19T06:15-07:00,0.6491712707182257
2022-04-19T06:30-07:00,0.6352713713575536
2022-04-19T06:45-07:00,0.6628003314001657
2022-04-19T07:00-07:00,0.6923289947382933
2022-04-19T07:15-07:00,0.6120461816664284
2022-04-19T07:30-07:00,0.6069802731411166
2022-04-19T07:45-07:00,0.5356407086938607
2022-04-19T08:00-07:00,0.5133185349611606
2022-04-19T08:15-07:00,0.5274847307051574
2022-04-19T08:30-07:00,0.5830903790087464
2022-04-19T08:45-07:00,0.538971807628524
2022-04-19T09:00-07:00,0.5665330938234012
2022-04-19T09:15-07:00,0.5948263936920799
2022-04-19T09:30-07:00,0.5818786367414797
2022-04-19T09:45-07:00,0.5501306560308136
2022-04-19T10:00-07:00,0.5758946935417524
2022-04-19T10:15-07:00,0.5763688760806917
2022-04-19T10:30-07:00,0.5487721223761896
2022-04-19T10:45-07:00,0.4948453608247423
2022-04-19T11:00-07:00,0.5503577325261483
2022-04-19T11:15-07:00,0.5648939101680841
2022-04-19T11:30-07:00,0.591634562465609
2022-04-19T11:45-07:00,0.591634562465609
2022-04-19T12:00-07:00,0.5644273127753241
2022-04-19T12:15-07:00,0.5637288601677374
2022-04-19T12:30-07:00,0.564194303013617
2022-04-19T12:45-07:00,0.5658294231299964
2022-04-19T13:00-07:00,0.5519525320822473
2022-04-19T13:15-07:00,0.5517241379310408
2022-04-19T13:30-07:00,0.5787515502273667
2022-04-19T13:45-07:00,0.5648939101680841
2022-04-19T14:00-07:00,0.5653612796469877
2022-04-19T14:15-07:00,0.565127498277044
2022-04-19T14:30-07:00,0.5378568473314026
2022-04-19T14:45-07:00,0.5510400881664204
2022-04-19T15:00-07:00,0.5248618784530323
2022-04-19T15:15-07:00,0.5367464905037159
2022-04-19T15:30-07:00,0.5766062602965404
2022-04-19T15:45-07:00,0.5489980785067315
2022-04-19T16:00-07:00,0.5376344086021505
2022-04-19T16:15-07:00,0.6183017312448474
2022-04-19T16:30-07:00,0.5505849965588501
2022-04-19T16:45-07:00,0.5780346820809249
2022-04-19T17:00-07:00,0.6177924217462932
2022-04-19T17:15-07:00,0.5526388505111972
2022-04-19T17:30-07:00,0.5948263936920799
2022-04-19T17:45-07:00,0.5533268778530981
2022-04-19T18:00-07:00,0.524427270218045
2022-04-19T18:15-07:00,0.5503577325261483
2022-04-19T18:30-07:00,0.5958154357766449
2022-04-19T18:45-07:00,0.5818786367414797
2022-04-19T19:00-07:00,0.6092495153696974
2022-04-19T19:15-07:00,0.6095027012051467
2022-04-19T19:30-07:00,0.6107717934480781
2022-04-19T19:45-07:00,0.6529591553209161
2022-04-19T20:00-07:00,0.6120461816664284
2022-04-19T20:15-07:00,0.638179800221982
2022-04-19T20:30-07:00,0.6252605252188412
2022-04-19T20:45-07:00,0.6102635228848757
2022-04-19T21:00-07:00,0.6513303769401267
2022-04-19T21:15-07:00,0.5945796460177054
2022-04-19T21:30-07:00,0.60798673483487
2022-04-19T21:45-07:00,0.6622516556291391
2022-04-19T22:00-07:00,0.6786703601108096
2022-04-19T22:15-07:00,0.6082388719933584
2022-04-19T22:30-07:00,0.6087437742113938
2022-04-19T22:45-07:00,0.5806719203649938
2022-04-19T23:00-07:00,0.6198347107438017
2022-04-19T23:15-07:00,0.6064782908339014
2022-04-19T23:30-07:00,0.6513303769401267
2022-04-19T23:45-07:00,0.6089965397923812
2022-04-20T00:00-07:00,0.6360619469026612
2022-04-20T00:15-07:00,0.6633499170812603
2022-04-20T00:30-07:00,0.6778254253700436
2022-04-20T00:45-07:00,0.6494403758463388
2022-04-20T01:00-07:00,0.6630750103605471
2022-04-20T01:15-07:00,0.6661115736885929
2022-04-20T01:30-07:00,0.6518723994452086
2022-04-20T01:45-07:00,0.6379142976008939
2022-04-20T02:00-07:00,0.6661115736885929
2022-04-20T02:15-07:00,0.6208609271523179
2022-04-20T02:30-07:00,0.634220322625127
2022-04-20T02:45-07:00,0.6336961013913825
2022-04-20T03:00-07:00,0.6339581036383746
2022-04-20T03:15-07:00,0.6617038875103392
2022-04-20T03:30-07:00,0.6200909466721786
2022-04-20T03:45-07:00,0.6470264317180554
2022-04-20T04:00-07:00,0.6365900913368455
2022-04-20T04:15-07:00,0.6507892550539953
2022-04-20T04:30-07:00,0.6203473945409429
2022-04-20T04:45-07:00,0.6755825175789392
2022-04-20T05:00-07:00,0.6344827586206959
2022-04-20T05:15-07:00,0.6092495153696974
2022-04-20T05:30-07:00,0.6350082827167374
2022-04-20T05:45-07:00,0.6753031973539203
2022-04-20T06:00-07:00,0.6494403758463388
2022-04-20T06:15-07:00,0.6559665038380955
2022-04-20T06:30-07:00,0.6717044500419815
2022-04-20T06:45-07:00,0.6435366536094076
2022-04-20T07:00-07:00,0.6559665038380955
2022-04-20T07:15-07:00,0.6159014557670709
2022-04-20T07:30-07:00,0.6411149825784036
2022-04-20T07:45-07:00,0.5719866071428508
2022-04-20T08:00-07:00,0.6268282490597576
2022-04-20T08:15-07:00,0.5965593784683748
2022-04-20T08:30-07:00,0.5835764902042517
2022-04-20T08:45-07:00,0.5418924551896623
2022-04-20T09:00-07:00,0.5567928730512313
2022-04-20T09:15-07:00,0.5719866071428508
2022-04-20T09:30-07:00,0.5998047147440432
2022-04-20T09:45-07:00,0.6000558191459735
2022-04-20T10:00-07:00,0.5727056851515511
2022-04-20T10:15-07:00,0.5717473155766217
2022-04-20T10:30-07:00,0.5700778642936533
2022-04-20T10:45-07:00,0.5990526609083374
2022-04-20T11:00-07:00,0.5570254839158956
2022-04-20T11:15-07:00,0.5570254839158956
2022-04-20T11:30-07:00,0.5409904286308781
2022-04-20T11:45-07:00,0.5563282336578645
2022-04-20T12:00-07:00,0.5705538547174999
2022-04-20T12:15-07:00,0.5703157601891715
2022-04-20T12:30-07:00,0.5835764902042517
2022-04-20T12:45-07:00,0.6128133704735312
2022-04-20T13:00-07:00,0.5838198498748958
2022-04-20T13:15-07:00,0.6130695276577893
2022-04-20T13:30-07:00,0.5715082241427313
2022-04-20T13:45-07:00,0.5551700208188821
2022-04-20T14:00-07:00,0.5283648498331416
2022-04-20T14:15-07:00,0.5285853387119146
2022-04-20T14:30-07:00,0.5285853387119146
2022-04-20T14:45-07:00,0.5423445974134334
2022-04-20T15:00-07:00,0.5285853387119146
2022-04-20T15:15-07:00,0.5577244841048585
2022-04-20T15:30-07:00,0.5414410662224073
2022-04-20T15:45-07:00,0.5828476269775187
2022-04-20T16:00-07:00,0.555632726767613
2022-04-20T16:15-07:00,0.5537865152983588
2022-04-20T16:30-07:00,0.5398671096345515
2022-04-20T16:45-07:00,0.5665330938234012
2022-04-20T17:00-07:00,0.5261700360011013
2022-04-20T17:15-07:00,0.5396430053964301
2022-04-20T17:30-07:00,0.5558643690939474
2022-04-20T17:45-07:00,0.5835764902042517
2022-04-20T18:00-07:00,0.6107717934480781
2022-04-20T18:15-07:00,0.5425709515859767
2022-04-20T18:30-07:00,0.5412156536219817
2022-04-20T18:45-07:00,0.6384455239417135
2022-04-20T19:00-07:00,0.6392440244580386
2022-04-20T19:15-07:00,0.6392440244580386
2022-04-20T19:30-07:00,0.6535038932146766
2022-04-20T19:45-07:00,0.6535038932146766
2022-04-20T20:00-07:00,0.6419201786212735
2022-04-20T20:15-07:00,0.6120461816664284
2022-04-20T20:30-07:00,0.6688963210702341
2022-04-20T20:45-07:00,0.6975446428571365
2022-04-20T21:00-07:00,0.6966699177929433
2022-04-20T21:15-07:00,0.6411149825784036
2022-04-20T21:30-07:00,0.6263048016701461
2022-04-20T21:45-07:00,0.6540495407737204
2022-04-20T22:00-07:00,0.6397774687065432
2022-04-20T22:15-07:00,0.6384455239417135
2022-04-20T22:30-07:00,0.6663890045814244
2022-04-20T22:45-07:00,0.6115357887421757
2022-04-20T23:00-07:00,0.6537766031436854
2022-04-20T23:15-07:00,0.6107717934480781
2022-04-20T23:30-07:00,0.6943480072212129
2022-04-20T23:45-07:00,0.6518723994452086
2022-04-21T00:00-07:00,0.6105175523796246
2022-04-21T00:15-07:00,0.667779632721202
2022-04-21T00:30-07:00,0.6117908787541649
2022-04-21T00:45-07:00,0.6537766031436854
2022-04-21T01:00-07:00,0.6526871267879397
2022-04-21T01:15-07:00,0.6419201786212735
2022-04-21T01:30-07:00,0.6416515553075807
2022-04-21T01:45-07:00,0.6424581005586656
2022-04-21T02:00-07:00,0.6140963014654507
2022-04-21T02:15-07:00,0.6408470325996163
2022-04-21T02:30-07:00,0.6408470325996163
2022-04-21T02:45-07:00,0.5990526609083374
2022-04-21T03:00-07:00,0.6829268292682991
2022-04-21T03:15-07:00,0.6543227063900814
2022-04-21T03:30-07:00,0.6548697227253664
2022-04-21T03:45-07:00,0.6276150627615062
2022-04-21T04:00-07:00,0.6135824850090579
2022-04-21T04:15-07:00,0.6140963014654507
2022-04-21T04:30-07:00,0.6276150627615062
2022-04-21T04:45-07:00,0.6291946308724832
2022-04-21T05:00-07:00,0.6010623427453237
2022-04-21T05:15-07:00,0.6278777731268314
2022-04-21T05:30-07:00,0.6389776357827539
2022-04-21T05:45-07:00,0.6669445602334306
2022-04-21T06:00-07:00,0.6276150627615062
2022-04-21T06:15-07:00,0.6395106353399201
2022-04-21T06:30-07:00,0.6817865590649848
2022-04-21T06:45-07:00,0.6809338521400842
2022-04-21T07:00-07:00,0.6812178506881754
2022-04-21T07:15-07:00,0.7241331290906623
2022-04-21T07:30-07:00,0.7202216066482058
2022-04-21T07:45-07:00,0.6526871267879397
2022-04-21T08:00-07:00,0.6115357887421757
2022-04-21T08:15-07:00,0.6268282490597576
2022-04-21T08:30-07:00,0.6535038932146766
2022-04-21T08:45-07:00,0.6387114690363851
2022-04-21T09:00-07:00,0.6397774687065432
2022-04-21T09:15-07:00,0.6688963210702341
2022-04-21T09:30-07:00,0.6265664160401002
2022-04-21T09:45-07:00,0.6270903010033445
2022-04-21T10:00-07:00,0.6125574272587991
2022-04-21T10:15-07:00,0.6265664160401002
2022-04-21T10:30-07:00,0.6260434056761269
2022-04-21T10:45-07:00,0.6268282490597576
2022-04-21T11:00-07:00,0.6270903010033445
2022-04-21T11:15-07:00,0.5993031358885081
2022-04-21T11:30-07:00,0.6408470325996163
2022-04-21T11:45-07:00,0.6265664160401002
2022-04-21T12:00-07:00,0.5990526609083374
2022-04-21T12:15-07:00,0.6545961002785452
2022-04-21T12:30-07:00,0.6826414042908953
2022-04-21T12:45-07:00,0.682071269487757
2022-04-21T13:00-07:00,0.6562412733873156
2022-04-21T13:15-07:00,0.6529591553209161
2022-04-21T13:30-07:00,0.6943480072212129
2022-04-21T13:45-07:00,0.6663890045814244
2022-04-21T14:00-07:00,0.6524153248195383
2022-04-21T14:15-07:00,0.6806500902903244
2022-04-21T14:30-07:00,0.6800832755031292
2022-04-21T14:45-07:00,0.6255212677231026
2022-04-21T15:00-07:00,0.6683375104427736
2022-04-21T15:15-07:00,0.6543227063900814
2022-04-21T15:30-07:00,0.6683375104427736
2022-04-21T15:45-07:00,0.6548697227253664
2022-04-21T16:00-07:00,0.6148686416992669
2022-04-21T16:15-07:00,0.6286672254819782
2022-04-21T16:30-07:00,0.6146109791870309
2022-04-21T16:45-07:00,0.6832124930284503
2022-04-21T17:00-07:00,0.6143535325328057
2022-04-21T17:15-07:00,0.6559665038380955
2022-04-21T17:30-07:00,0.7121910347716799
2022-04-21T17:45-07:00,0.6694560669456067
2022-04-21T18:00-07:00,0.7271710250314706
2022-04-21T18:15-07:00,0.6711409395973155
2022-04-21T18:30-07:00,0.7133864876206463
2022-04-21T18:45-07:00,0.6286672254819782
2022-04-21T19:00-07:00,0.6719865602687947
2022-04-21T19:15-07:00,0.7115948095437421
2022-04-21T19:30-07:00,0.6840709200055907
2022-04-21T19:45-07:00,0.6578947368420989
2022-04-21T20:00-07:00,0.715187210769878
2022-04-21T20:15-07:00,0.6872370266479728
2022-04-21T20:30-07:00,0.7154882154882155
2022-04-21T20:45-07:00,0.7148864592094197
2022-04-21T21:00-07:00,0.7277816655003563
2022-04-21T21:15-07:00,0.7001820473322999
2022-04-21T21:30-07:00,0.6705783738474435
2022-04-21T21:45-07:00,0.6559665038380955
2022-04-21T22:00-07:00,0.6705783738474435
2022-04-21T22:15-07:00,0.7115948095437421
2022-04-21T22:30-07:00,0.6576185812228843
2022-04-21T22:45-07:00,0.658724597056756
2022-04-21T23:00-07:00,0.6138392857142794
2022-04-21T23:15-07:00,0.6276150627615062
2022-04-21T23:30-07:00,0.6829268292682991
2022-04-21T23:45-07:00,0.6545961002785452
2022-04-22T00:00-07:00,0.6725514922236234
2022-04-22T00:15-07:00,0.6717044500419815
2022-04-22T00:30-07:00,0.7547169811320755
2022-04-22T00:45-07:00,0.6987143655673497
2022-04-22T01:00-07:00,0.725952813067157
2022-04-22T01:15-07:00,0.7142857142857143
2022-04-22T01:30-07:00,0.6857942617214899
2022-04-22T01:45-07:00,0.6567915036333083
2022-04-22T02:00-07:00,0.6556919642857079
2022-04-22T02:15-07:00,0.711892797319933
2022-04-22T02:30-07:00,0.7268660889013203
2022-04-22T02:45-07:00,0.6981290142418255
2022-04-22T03:00-07:00,0.7390879933063665
2022-04-22T03:15-07:00,0.6697362913352868
2022-04-22T03:30-07:00,0.6829268292682991
2022-04-22T03:45-07:00,0.6834983958711182
2022-04-22T04:00-07:00,0.6984215672579905
2022-04-22T04:15-07:00,0.6984215672579905
2022-04-22T04:30-07:00,0.7133864876206463
2022-04-22T04:45-07:00,0.7010656197420014
2022-04-22T05:00-07:00,0.6869479882237552
2022-04-22T05:15-07:00,0.7007708479327196
2022-04-22T05:30-07:00,0.7717132033113576
2022-04-22T05:45-07:00,0.7019514249613863
2022-04-22T06:00-07:00,0.7019514249613863
2022-04-22T06:15-07:00,0.7412587412587348
2022-04-22T06:30-07:00,0.7007708479327196
2022-04-22T06:45-07:00,0.7142857142857143
2022-04-22T07:00-07:00,0.715187210769878
2022-04-22T07:15-07:00,0.7283933323995021
2022-04-22T07:30-07:00,0.6846444040799281
2022-04-22T07:45-07:00,0.6694560669456067
2022-04-22T08:00-07:00,0.6691760769552488
2022-04-22T08:15-07:00,0.6669445602334306
2022-04-22T08:30-07:00,0.6663890045814244
2022-04-22T08:45-07:00,0.682071269487757
2022-04-22T09:00-07:00,0.6812178506881754
2022-04-22T09:15-07:00,0.6273525721455459
2022-04-22T09:30-07:00,0.6815020862308826
2022-04-22T09:45-07:00,0.5990526609083374
2022-04-22T10:00-07:00,0.696378830083559
2022-04-22T10:15-07:00,0.6286672254819782
2022-04-22T10:30-07:00,0.6123016977456102
2022-04-22T10:45-07:00,0.6397774687065432
2022-04-22T11:00-07:00,0.5838198498748958
2022-04-22T11:15-07:00,0.6379142976008939
2022-04-22T11:30-07:00,0.6239600665557404
2022-04-22T11:45-07:00,0.5813953488372093
2022-04-22T12:00-07:00,0.6120461816664284
2022-04-22T12:15-07:00,0.5560962046434097
2022-04-22T12:30-07:00,0.6260434056761269
2022-04-22T12:45-07:00,0.6419201786212735
2022-04-22T13:00-07:00,0.6234413965087282
2022-04-22T13:15-07:00,0.5963111912356186
2022-04-22T13:30-07:00,0.5847953216374269
2022-04-22T13:45-07:00,0.6239600665557404
2022-04-22T14:00-07:00,0.6224066390041494
2022-04-22T14:15-07:00,0.6371191135734136
2022-04-22T14:30-07:00,0.6089965397923812
2022-04-22T14:45-07:00,0.6360619469026612
2022-04-22T15:00-07:00,0.6239600665557404
2022-04-22T15:15-07:00,0.5948263936920799
2022-04-22T15:30-07:00,0.6208609271523179
2022-04-22T15:45-07:00,0.5693653659213934
2022-04-22T16:00-07:00,0.5679456988502499
2022-04-22T16:15-07:00,0.5700778642936533
2022-04-22T16:30-07:00,0.6384455239417135
2022-04-22T16:45-07:00,0.5826050769870995
2022-04-22T17:00-07:00,0.5978034199916649
2022-04-22T17:15-07:00,0.6123016977456102
2022-04-22T17:30-07:00,0.6392440244580386
2022-04-22T17:45-07:00,0.6260434056761269
2022-04-22T18:00-07:00,0.6247396917950854
2022-04-22T18:15-07:00,0.6384455239417135
2022-04-22T18:30-07:00,0.6669445602334306
2022-04-22T18:45-07:00,0.644347947891868
2022-04-22T19:00-07:00,0.6020722486698468
2022-04-22T19:15-07:00,0.6291946308724832
2022-04-22T19:30-07:00,0.6435366536094076
2022-04-22T19:45-07:00,0.644618834080724
2022-04-22T20:00-07:00,0.6570669649098216
2022-04-22T20:15-07:00,0.6140963014654507
2022-04-22T20:30-07:00,0.6408470325996163
2022-04-22T20:45-07:00,0.5983024906080486
2022-04-22T21:00-07:00,0.6815020862308826
2022-04-22T21:15-07:00,0.6809338521400842
2022-04-22T21:30-07:00,0.6389776357827539
2022-04-22T21:45-07:00,0.6440772892747194
2022-04-22T22:00-07:00,0.6427273997485043
2022-04-22T22:15-07:00,0.6438068579426236
2022-04-22T22:30-07:00,0.657342657342651
2022-04-22T22:45-07:00,0.644618834080724
2022-04-22T23:00-07:00,0.6570669649098216
2022-04-22T23:15-07:00,0.6832124930284503
2022-04-22T23:30-07:00,0.6411149825784036
2022-04-22T23:45-07:00,0.6438068579426236
2022-04-23T00:00-07:00,0.6711409395973155
2022-04-23T00:15-07:00,0.6432666759893785
2022-04-23T00:30-07:00,0.657342657342651
2022-04-23T00:45-07:00,0.7001820473322999
2022-04-23T01:00-07:00,0.6310475389145982
2022-04-23T01:15-07:00,0.6717044500419815
2022-04-23T01:30-07:00,0.644347947891868
2022-04-23T01:45-07:00,0.6975446428571365
2022-04-23T02:00-07:00,0.6697362913352868
2022-04-23T02:15-07:00,0.6286672254819782
2022-04-23T02:30-07:00,0.644347947891868
2022-04-23T02:45-07:00,0.6570669649098216
2022-04-23T03:00-07:00,0.6711409395973155
2022-04-23T03:15-07:00,0.6289308176100629
2022-04-23T03:30-07:00,0.6705783738474435
2022-04-23T03:45-07:00,0.6981290142418255
2022-04-23T04:00-07:00,0.6565162732225107
2022-04-23T04:15-07:00,0.6843575418994478
2022-04-23T04:30-07:00,0.686370640145685
2022-04-23T04:45-07:00,0.6725514922236234
2022-04-23T05:00-07:00,0.6584477444662307
2022-04-23T05:15-07:00,0.6559665038380955
2022-04-23T05:30-07:00,0.7133864876206463
2022-04-23T05:45-07:00,0.6837845380965735
2022-04-23T06:00-07:00,0.6559665038380955
2022-04-23T06:15-07:00,0.7107023411371237
2022-04-23T06:30-07:00,0.6722689075630253
2022-04-23T06:45-07:00,0.6731173748422381
2022-04-23T07:00-07:00,0.6719865602687947
2022-04-23T07:15-07:00,0.7007708479327196
2022-04-23T07:30-07:00,0.6728343145500421
2022-04-23T07:45-07:00,0.6981290142418255
2022-04-23T08:00-07:00,0.7534533277521975
2022-04-23T08:15-07:00,0.6975446428571365
2022-04-23T08:30-07:00,0.696378830083559
2022-04-23T08:45-07:00,0.7074490220557637
2022-04-23T09:00-07:00,0.6655574043261231
2022-04-23T09:15-07:00,0.6943480072212129
2022-04-23T09:30-07:00,0.6803665648431055
2022-04-23T09:45-07:00,0.6669445602334306
2022-04-23T10:00-07:00,0.6652806652806653
2022-04-23T10:15-07:00,0.6943480072212129
2022-04-23T10:30-07:00,0.6937699458859379
2022-04-23T10:45-07:00,0.7083333333333334
2022-04-23T11:00-07:00,0.6639004149377593
2022-04-23T11:15-07:00,0.6767021129678285
2022-04-23T11:30-07:00,0.6082388719933584
2022-04-23T11:45-07:00,0.6363259095310618
2022-04-23T12:00-07:00,0.6077348066298279
2022-04-23T12:15-07:00,0.6089965397923812
2022-04-23T12:30-07:00,0.6513303769401267
2022-04-23T12:45-07:00,0.6368544925931117
2022-04-23T13:00-07:00,0.6237006237006237
2022-04-23T13:15-07:00,0.6510597035600435
2022-04-23T13:30-07:00,0.7059800664451827
2022-04-23T13:45-07:00,0.6365900913368455
2022-04-23T14:00-07:00,0.6929046563192841
2022-04-23T14:15-07:00,0.6513303769401267
2022-04-23T14:30-07:00,0.6521437491327812
2022-04-23T14:45-07:00,0.6661115736885929
2022-04-23T15:00-07:00,0.6647278770253428
2022-04-23T15:15-07:00,0.6368544925931117
2022-04-23T15:30-07:00,0.6226650062266501
2022-04-23T15:45-07:00,0.6231823847112589
2022-04-23T16:00-07:00,0.6650041562759768
2022-04-23T16:15-07:00,0.6491712707182257
2022-04-23T16:30-07:00,0.667779632721202
2022-04-23T16:45-07:00,0.6543227063900814
2022-04-23T17:00-07:00,0.667779632721202
2022-04-23T17:15-07:00,0.6559665038380955
2022-04-23T17:30-07:00,0.6984215672579905
2022-04-23T17:45-07:00,0.6148686416992669
2022-04-23T18:00-07:00,0.6161602016524232
2022-04-23T18:15-07:00,0.644347947891868
2022-04-23T18:30-07:00,0.6429969247973226
2022-04-23T18:45-07:00,0.6567915036333083
2022-04-23T19:00-07:00,0.7226236798221297
2022-04-23T19:15-07:00,0.6559665038380955
2022-04-23T19:30-07:00,0.6946373992775707
2022-04-23T19:45-07:00,0.6675010429703796
2022-04-23T20:00-07:00,0.6680584551148225
2022-04-23T20:15-07:00,0.6817865590649848
2022-04-23T20:30-07:00,0.7229250660364307
2022-04-23T20:45-07:00,0.7220216606498259
2022-04-23T21:00-07:00,0.6661115736885929
2022-04-23T21:15-07:00,0.7074490220557637
2022-04-23T21:30-07:00,0.710405348934392
2022-04-23T21:45-07:00,0.686370640145685
2022-04-23T22:00-07:00,0.7139857202855943
2022-04-23T22:15-07:00,0.711892797319933
2022-04-23T22:30-07:00,0.7124895222129086
2022-04-23T22:45-07:00,0.6834983958711182
2022-04-23T23:00-07:00,0.7101086048454469
2022-04-23T23:15-07:00,0.6551435740172783
2022-04-23T23:30-07:00,0.6680584551148225
2022-04-23T23:45-07:00,0.6837845380965735
2022-04-24T00:00-07:00,0.6966699177929433
2022-04-24T00:15-07:00,0.7130872483221476
2022-04-24T00:30-07:00,0.7280873704844646
2022-04-24T00:45-07:00,0.6846444040799281
2022-04-24T01:00-07:00,0.6576185812228843
2022-04-24T01:15-07:00,0.6990074094785341
2022-04-24T01:30-07:00,0.657342657342651
2022-04-24T01:45-07:00,0.6990074094785341
2022-04-24T02:00-07:00,0.686370640145685
2022-04-24T02:15-07:00,0.6717044500419815
2022-04-24T02:30-07:00,0.6291946308724832
2022-04-24T02:45-07:00,0.6711409395973155
2022-04-24T03:00-07:00,0.6981290142418255
2022-04-24T03:15-07:00,0.6562412733873156
2022-04-24T03:30-07:00,0.6708595387840671
2022-04-24T03:45-07:00,0.6846444040799281
2022-04-24T04:00-07:00,0.7268660889013203
2022-04-24T04:15-07:00,0.6565162732225107
2022-04-24T04:30-07:00,0.6987143655673497
2022-04-24T04:45-07:00,0.6990074094785341
2022-04-24T05:00-07:00,0.6987143655673497
2022-04-24T05:15-07:00,0.6578947368420989
2022-04-24T05:30-07:00,0.6429969247973226
2022-04-24T05:45-07:00,0.711892797319933
2022-04-24T06:00-07:00,0.6837845380965735
2022-04-24T06:15-07:00,0.6969612489545517
2022-04-24T06:30-07:00,0.6694560669456067
2022-04-24T06:45-07:00,0.7109995817649519
2022-04-24T07:00-07:00,0.6972528238739303
2022-04-24T07:15-07:00,0.6984215672579905
2022-04-24T07:30-07:00,0.6702974444909929
2022-04-24T07:45-07:00,0.6975446428571365
2022-04-24T08:00-07:00,0.7101086048454469
2022-04-24T08:15-07:00,0.6655574043261231
2022-04-24T08:30-07:00,0.7071547420965059
2022-04-24T08:45-07:00,0.7074490220557637
2022-04-24T09:00-07:00,0.6949270326615642
2022-04-24T09:15-07:00,0.65323141070187
2022-04-24T09:30-07:00,0.7080383173677635
2022-04-24T09:45-07:00,0.6946373992775707
2022-04-24T10:00-07:00,0.6666666666666666
2022-04-24T10:15-07:00,0.6957973838018305
2022-04-24T10:30-07:00,0.6543227063900814
2022-04-24T10:45-07:00,0.6548697227253664
2022-04-24T11:00-07:00,0.6419201786212735
2022-04-24T11:15-07:00,0.667779632721202
2022-04-24T11:30-07:00,0.6783884812404881
2022-04-24T11:45-07:00,0.6786703601108096
2022-04-24T12:00-07:00,0.6518723994452086
2022-04-24T12:15-07:00,0.638179800221982
2022-04-24T12:30-07:00,0.6242197253433208
2022-04-24T12:45-07:00,0.6387114690363851
2022-04-24T13:00-07:00,0.6644518272425249
2022-04-24T13:15-07:00,0.6513303769401267
2022-04-24T13:30-07:00,0.6940588561909986
2022-04-24T13:45-07:00,0.6661115736885929
2022-04-24T14:00-07:00,0.6946373992775707
2022-04-24T14:15-07:00,0.6769825918762152
2022-04-24T14:30-07:00,0.6764218663721764
2022-04-24T14:45-07:00,0.6622516556291391
2022-04-24T15:00-07:00,0.6914672935970065
2022-04-24T15:15-07:00,0.6360619469026612
2022-04-24T15:30-07:00,0.6092495153696974
2022-04-24T15:45-07:00,0.5813953488372093
2022-04-24T16:00-07:00,0.6239600665557404
2022-04-24T16:15-07:00,0.6658343736995422
2022-04-24T16:30-07:00,0.6244796003330558
2022-04-24T16:45-07:00,0.6524153248195383
2022-04-24T17:00-07:00,0.6798002219755891
2022-04-24T17:15-07:00,0.6513303769401267
2022-04-24T17:30-07:00,0.6652806652806653
2022-04-24T17:45-07:00,0.6987143655673497
2022-04-24T18:00-07:00,0.6702974444909929
2022-04-24T18:15-07:00,0.6728343145500421
2022-04-24T18:30-07:00,0.6857942617214899
2022-04-24T18:45-07:00,0.7001820473322999
2022-04-24T19:00-07:00,0.6595565534661738
2022-04-24T19:15-07:00,0.7010656197420014
2022-04-24T19:30-07:00,0.7290060283190868
2022-04-24T19:45-07:00,0.6601123595505554
2022-04-24T20:00-07:00,0.7238307349665988
2022-04-24T20:15-07:00,0.6834983958711182
2022-04-24T20:30-07:00,0.7247386759581945
2022-04-24T20:45-07:00,0.6829268292682991
2022-04-24T21:00-07:00,0.7095158597662772
2022-04-24T21:15-07:00,0.7232267037552219
2022-04-24T21:30-07:00,0.6949270326615642
2022-04-24T21:45-07:00,0.6537766031436854
2022-04-24T22:00-07:00,0.6803665648431055
2022-04-24T22:15-07:00,0.7372374460981992
2022-04-24T22:30-07:00,0.7244357759821741
2022-04-24T22:45-07:00,0.7512520868113522
2022-04-24T23:00-07:00,0.7509386733416771
2022-04-24T23:15-07:00,0.6817865590649848
2022-04-24T23:30-07:00,0.7363156432342254
2022-04-24T23:45-07:00,0.7363156432342254
2022-04-25T00:00-07:00,0.7496876301541024
2022-04-25T00:15-07:00,0.6969612489545517
2022-04-25T00:30-07:00,0.682071269487757
2022-04-25T00:45-07:00,0.7083333333333334
2022-04-25T01:00-07:00,0.6663890045814244
2022-04-25T01:15-07:00,0.6806500902903244
2022-04-25T01:30-07:00,0.7074490220557637
2022-04-25T01:45-07:00,0.7378532646526457
2022-04-25T02:00-07:00,0.686082329879592
2022-04-25T02:15-07:00,0.6719865602687947
2022-04-25T02:30-07:00,0.6852188505104245
2022-04-25T02:45-07:00,0.6159014557670709
2022-04-25T03:00-07:00,0.6708595387840671
2022-04-25T03:15-07:00,0.686370640145685
2022-04-25T03:30-07:00,0.6725514922236234
2022-04-25T03:45-07:00,0.7001820473322999
2022-04-25T04:00-07:00,0.6869479882237552
2022-04-25T04:15-07:00,0.657342657342651
2022-04-25T04:30-07:00,0.7136859781696053
2022-04-25T04:45-07:00,0.686370640145685
2022-04-25T05:00-07:00,0.686370640145685
2022-04-25T05:15-07:00,0.686082329879592
2022-04-25T05:30-07:00,0.7004763239002457
2022-04-25T05:45-07:00,0.7004763239002457
2022-04-25T06:00-07:00,0.7299270072992765
2022-04-25T06:15-07:00,0.6592790012624428
2022-04-25T06:30-07:00,0.7160909856781803
2022-04-25T06:45-07:00,0.6294586655476291
2022-04-25T07:00-07:00,0.6823562177969705
2022-04-25T07:15-07:00,0.6952169076751883
2022-04-25T07:30-07:00,0.6675010429703796
2022-04-25T07:45-07:00,0.6832124930284503
2022-04-25T08:00-07:00,0.6617442184452558
2022-04-25T08:15-07:00,0.6403118040089151
2022-04-25T08:30-07:00,0.6313131313131313
2022-04-25T08:45-07:00,0.6432666759893785
2022-04-25T09:00-07:00,0.5892255892255892
2022-04-25T09:15-07:00,0.6416515553075807
2022-04-25T09:30-07:00,0.6421890269440242
2022-04-25T09:45-07:00,0.629987400251995
2022-04-25T10:00-07:00,0.5985523385300732
2022-04-25T10:15-07:00,0.6270903010033445
2022-04-25T10:30-07:00,0.5554012774229444
2022-04-25T10:45-07:00,0.6392440244580386
2022-04-25T11:00-07:00,0.6252605252188412
2022-04-25T11:15-07:00,0.5830903790087464
2022-04-25T11:30-07:00,0.6498781478472786
2022-04-25T11:45-07:00,0.6223785685292986
2022-04-25T12:00-07:00,0.6231373611487464
2022-04-25T12:15-07:00,0.5966101694915192
2022-04-25T12:30-07:00,0.6211180124223664
2022-04-25T12:45-07:00,0.6752194463200478
2022-04-25T13:00-07:00,0.6910569105691057
2022-04-25T13:15-07:00,0.6632376827287555
2022-04-25T13:30-07:00,0.6506710044733631
2022-04-25T13:45-07:00,0.6645870066458762
2022-04-25T14:00-07:00,0.6372881355932142
2022-04-25T14:15-07:00,0.7049891540130214
2022-04-25T14:30-07:00,0.6504065040650406
2022-04-25T14:45-07:00,0.6365113759479895
2022-04-25T15:00-07:00,0.6640466187830392
2022-04-25T15:15-07:00,0.6367700853542818
2022-04-25T15:30-07:00,0.6504065040650406
2022-04-25T15:45-07:00,0.6771397616467977
2022-04-25T16:00-07:00,0.6632376827287555
2022-04-25T16:15-07:00,0.5966101694915192
2022-04-25T16:30-07:00,0.650142218610321
2022-04-25T16:45-07:00,0.6512006512006512
2022-04-25T17:00-07:00,0.6414630817524163
2022-04-25T17:15-07:00,0.5882352941176533
2022-04-25T17:30-07:00,0.6692160611854747
2022-04-25T17:45-07:00,0.6546644844517185
2022-04-25T18:00-07:00,0.6541291905151267
2022-04-25T18:15-07:00,0.6274723775746891
2022-04-25T18:30-07:00,0.6812917291184023
2022-04-25T18:45-07:00,0.6675749318801152
2022-04-25T19:00-07:00,0.7081574288438031
2022-04-25T19:15-07:00,0.7355946056395587
2022-04-25T19:30-07:00,0.710479573712262
2022-04-25T19:45-07:00,0.6838074398249391
2022-04-25T20:00-07:00,0.6955810147299509
2022-04-25T20:15-07:00,0.6964358869315854
2022-04-25T20:30-07:00,0.6955810147299509
2022-04-25T20:45-07:00,0.6832467887400867
2022-04-25T21:00-07:00,0.6835269993164668
2022-04-25T21:15-07:00,0.7230559345156827
2022-04-25T21:30-07:00,0.6955810147299509
2022-04-25T21:45-07:00,0.7371007371007371
2022-04-25T22:00-07:00,0.7621121393576421
2022-04-25T22:15-07:00,0.7337953526294333
2022-04-25T22:30-07:00,0.6578947368421053
2022-04-25T22:45-07:00,0.7055630936228013
2022-04-25T23:00-07:00,0.7198152926796081
2022-04-25T23:15-07:00,0.711354309165533
2022-04-25T23:30-07:00,0.6967213114754098
2022-04-25T23:45-07:00,0.7364975450081833
2022-04-26T00:00-07:00,0.7245386192754552
2022-04-26T00:15-07:00,0.6821282401091343
2022-04-26T00:30-07:00,0.7224645583424147
2022-04-26T00:45-07:00,0.7087365408205051
2022-04-26T01:00-07:00,0.7067137809187342
2022-04-26T01:15-07:00,0.7230559345156827
2022-04-26T01:30-07:00,0.6818491749624921
2022-04-26T01:45-07:00,0.7224645583424147
2022-04-26T02:00-07:00,0.6944444444444444
2022-04-26T02:15-07:00,0.7221692328655067
2022-04-26T02:30-07:00,0.6533278889342589
2022-04-26T02:45-07:00,0.6801795674057889
2022-04-26T03:00-07:00,0.7081574288438031
2022-04-26T03:15-07:00,0.6530612244897959
2022-04-26T03:30-07:00,0.6807351940095241
2022-04-26T03:45-07:00,0.6810133478616118
2022-04-26T04:00-07:00,0.6667573819567351
2022-04-26T04:15-07:00,0.7221692328655067
2022-04-26T04:30-07:00,0.6930289441500204
2022-04-26T04:45-07:00,0.6653992395437325
2022-04-26T05:00-07:00,0.6546644844517185
2022-04-26T05:15-07:00,0.6832467887400867
2022-04-26T05:30-07:00,0.723648279628612
2022-04-26T05:45-07:00,0.7098976109215079
2022-04-26T06:00-07:00,0.669490367536555
2022-04-26T06:15-07:00,0.7064257573699287
2022-04-26T06:30-07:00,0.7206962197443506
2022-04-26T06:45-07:00,0.6947282386595831
2022-04-26T07:00-07:00,0.7224645583424147
2022-04-26T07:15-07:00,0.7224645583424147
2022-04-26T07:30-07:00,0.6930289441500204
2022-04-26T07:45-07:00,0.7067137809187342
2022-04-26T08:00-07:00,0.7230559345156827
2022-04-26T08:15-07:00,0.6675749318801152
2022-04-26T08:30-07:00,0.7352941176470589
2022-04-26T08:45-07:00,0.6933115823817292
2022-04-26T09:00-07:00,0.701281186783553
2022-04-26T09:15-07:00,0.6667573819567351
2022-04-26T09:30-07:00,0.6393687933614411
2022-04-26T09:45-07:00,0.6821282401091343
2022-04-26T10:00-07:00,0.7070020394289661
2022-04-26T10:15-07:00,0.6264469562849034
2022-04-26T10:30-07:00,0.6391079684525366
2022-04-26T10:45-07:00,0.6269592476489091
2022-04-26T11:00-07:00,0.6535947712418301
2022-04-26T11:15-07:00,0.6233907033473433
2022-04-26T11:30-07:00,0.6509357200976403
2022-04-26T11:45-07:00,0.6785181164337025
2022-04-26T12:00-07:00,0.6651282747387058
2022-04-26T12:15-07:00,0.6267029972752106
2022-04-26T12:30-07:00,0.6541291905151267
2022-04-26T12:45-07:00,0.65439672801636
2022-04-26T13:00-07:00,0.6554690700532568
2022-04-26T13:15-07:00,0.6697648988518379
2022-04-26T13:30-07:00,0.6419887993443456
2022-04-26T13:45-07:00,0.6279863481228731
2022-04-26T14:00-07:00,0.7072905331882543
2022-04-26T14:15-07:00,0.7072905331882543
2022-04-26T14:30-07:00,0.6944444444444444
2022-04-26T14:45-07:00,0.6801795674057889
2022-04-26T15:00-07:00,0.7206962197443506
2022-04-26T15:15-07:00,0.6801795674057889
2022-04-26T15:30-07:00,0.7198152926796081
2022-04-26T15:45-07:00,0.6763154335181867
2022-04-26T16:00-07:00,0.7044161473855386
2022-04-26T16:15-07:00,0.7061379684953891
2022-04-26T16:30-07:00,0.6807351940095241
2022-04-26T16:45-07:00,0.7201086956521677
2022-04-26T17:00-07:00,0.6938775510204082
2022-04-26T17:15-07:00,0.6525285481239804
2022-04-26T17:30-07:00,0.7206962197443506
2022-04-26T17:45-07:00,0.7084468664850199
2022-04-26T18:00-07:00,0.6810133478616118
2022-04-26T18:15-07:00,0.6804572672836083
2022-04-26T18:30-07:00,0.6810133478616118
2022-04-26T18:45-07:00,0.6522625356706074
2022-04-26T19:00-07:00,0.6821282401091343
2022-04-26T19:15-07:00,0.6546644844517185
2022-04-26T19:30-07:00,0.6538618716796076
2022-04-26T19:45-07:00,0.6430428239157141
2022-04-26T20:00-07:00,0.6708652792990205
2022-04-26T20:15-07:00,0.6700396554081834
2022-04-26T20:30-07:00,0.6824075337791666
2022-04-26T20:45-07:00,0.6683944891556467
2022-04-26T21:00-07:00,0.7221692328655067
2022-04-26T21:15-07:00,0.6670296760141636
2022-04-26T21:30-07:00,0.7209903414501366
2022-04-26T21:45-07:00,0.6675749318801152
2022-04-26T22:00-07:00,0.6785181164337025
2022-04-26T22:15-07:00,0.6958657388456816
2022-04-26T22:30-07:00,0.6675749318801152
2022-04-26T22:45-07:00,0.6535947712418301
2022-04-26T23:00-07:00,0.6659418320195768
2022-04-26T23:15-07:00,0.6659418320195768
2022-04-26T23:30-07:00,0.6664853101197016
2022-04-26T23:45-07:00,0.6921824104234527
2022-04-27T00:00-07:00,0.6519967400162999
2022-04-27T00:15-07:00,0.6807351940095241
2022-04-27T00:30-07:00,0.6790710308298186
2022-04-27T00:45-07:00,0.6793478260869503
2022-04-27T01:00-07:00,0.7462686567164242
2022-04-27T01:15-07:00,0.6924643584521385
2022-04-27T01:30-07:00,0.6793478260869503
2022-04-27T01:45-07:00,0.6919006919006919
2022-04-27T02:00-07:00,0.677966101694909
2022-04-27T02:15-07:00,0.6645870066458762
2022-04-27T02:30-07:00,0.6648575305291785
2022-04-27T02:45-07:00,0.6107491856677525
2022-04-27T03:00-07:00,0.6643167028199628
2022-04-27T03:15-07:00,0.6233907033473433
2022-04-27T03:30-07:00,0.6667573819567351
2022-04-27T03:45-07:00,0.6675749318801152
2022-04-27T04:00-07:00,0.6267029972752106
2022-04-27T04:15-07:00,0.6950122649223222
2022-04-27T04:30-07:00,0.6821282401091343
2022-04-27T04:45-07:00,0.6967213114754098
2022-04-27T05:00-07:00,0.6527947776417788
2022-04-27T05:15-07:00,0.6799020940984436
2022-04-27T05:30-07:00,0.6807351940095241
2022-04-27T05:45-07:00,0.6659418320195768
2022-04-27T06:00-07:00,0.6393687933614411
2022-04-27T06:15-07:00,0.7215793056500959
2022-04-27T06:30-07:00,0.6404142253712978
2022-04-27T06:45-07:00,0.6412005457025859
2022-04-27T07:00-07:00,0.6812917291184023
2022-04-27T07:15-07:00,0.6554690700532568
2022-04-27T07:30-07:00,0.6409382244647421
2022-04-27T07:45-07:00,0.6279863481228731
2022-04-27T08:00-07:00,0.6562756357670222
2022-04-27T08:15-07:00,0.7084468664850199
2022-04-27T08:30-07:00,0.6535947712418301
2022-04-27T08:45-07:00,0.6670296760141636
2022-04-27T09:00-07:00,0.6804572672836083
2022-04-27T09:15-07:00,0.6675749318801152
2022-04-27T09:30-07:00,0.6398910823689522
2022-04-27T09:45-07:00,0.6396298312465915
2022-04-27T10:00-07:00,0.69359445124439
2022-04-27T10:15-07:00,0.6635071090047455
2022-04-27T10:30-07:00,0.6910569105691057
2022-04-27T10:45-07:00,0.6236442516269043
2022-04-27T11:00-07:00,0.6512006512006512
2022-04-27T11:15-07:00,0.6807351940095241
2022-04-27T11:30-07:00,0.6763154335181867
2022-04-27T11:45-07:00,0.6890960680989056
2022-04-27T12:00-07:00,0.64882400648824
2022-04-27T12:15-07:00,0.6367700853542818
2022-04-27T12:30-07:00,0.6643167028199628
2022-04-27T12:45-07:00,0.6519967400162999
2022-04-27T13:00-07:00,0.6251698831204193
2022-04-27T13:15-07:00,0.6785181164337025
2022-04-27T13:30-07:00,0.6514657980456026
2022-04-27T13:45-07:00,0.5695687550854354
2022-04-27T14:00-07:00,0.6241519674355558
2022-04-27T14:15-07:00,0.638326768980029
2022-04-27T14:30-07:00,0.6378070294476801
2022-04-27T14:45-07:00,0.6787944610371918
2022-04-27T15:00-07:00,0.6241519674355558
2022-04-27T15:15-07:00,0.6380667933749599
2022-04-27T15:30-07:00,0.6261911244214601
2022-04-27T15:45-07:00,0.6393687933614411
2022-04-27T16:00-07:00,0.6664853101197016
2022-04-27T16:15-07:00,0.6107491856677525
2022-04-27T16:30-07:00,0.6653992395437325
2022-04-27T16:45-07:00,0.6512006512006512
2022-04-27T17:00-07:00,0.6246605105920757
2022-04-27T17:15-07:00,0.6643167028199628
2022-04-27T17:30-07:00,0.6527947776417788
2022-04-27T17:45-07:00,0.667847894234707
2022-04-27T18:00-07:00,0.7215793056500959
2022-04-27T18:15-07:00,0.6401525469899148
2022-04-27T18:30-07:00,0.69359445124439
2022-04-27T18:45-07:00,0.7480957562568071
2022-04-27T19:00-07:00,0.69416088199265
2022-04-27T19:15-07:00,0.6670296760141636
2022-04-27T19:30-07:00,0.6535947712418301
2022-04-27T19:45-07:00,0.6832467887400867
2022-04-27T20:00-07:00,0.7110624914535821
2022-04-27T20:15-07:00,0.667847894234707
2022-04-27T20:30-07:00,0.6673021925643532
2022-04-27T20:45-07:00,0.6541291905151267
2022-04-27T21:00-07:00,0.6933115823817292
2022-04-27T21:15-07:00,0.69416088199265
2022-04-27T21:30-07:00,0.6933115823817292
2022-04-27T21:45-07:00,0.6944444444444444
2022-04-27T22:00-07:00,0.6527947776417788
2022-04-27T22:15-07:00,0.6514657980456026
2022-04-27T22:30-07:00,0.6924643584521385
2022-04-27T22:45-07:00,0.6530612244897959
2022-04-27T23:00-07:00,0.6393687933614411
2022-04-27T23:15-07:00,0.7067137809187342
2022-04-27T23:30-07:00,0.6924643584521385
2022-04-27T23:45-07:00,0.718644067796604
2022-04-28T00:00-07:00,0.6514657980456026
2022-04-28T00:15-07:00,0.7311129163281884
2022-04-28T00:30-07:00,0.7041299932295255
2022-04-28T00:45-07:00,0.6907761072734661
2022-04-28T01:00-07:00,0.6498781478472786
2022-04-28T01:15-07:00,0.7471810895258859
2022-04-28T01:30-07:00,0.6947282386595831
2022-04-28T01:45-07:00,0.7212847033206252
2022-04-28T02:00-07:00,0.6975789905621665
2022-04-28T02:15-07:00,0.7125239791723823
2022-04-28T02:30-07:00,0.711354309165533
2022-04-28T02:45-07:00,0.6970069700697007
2022-04-28T03:00-07:00,0.6692160611854747
2022-04-28T03:15-07:00,0.6835269993164668
2022-04-28T03:30-07:00,0.711354309165533
2022-04-28T03:45-07:00,0.6964358869315854
2022-04-28T04:00-07:00,0.6952965235173824
2022-04-28T04:15-07:00,0.6924643584521385
2022-04-28T04:30-07:00,0.7471810895258859
2022-04-28T04:45-07:00,0.6801795674057889
2022-04-28T05:00-07:00,0.6801795674057889
2022-04-28T05:15-07:00,0.7049891540130214
2022-04-28T05:30-07:00,0.6637767542671424
2022-04-28T05:45-07:00,0.6662134602311415
2022-04-28T06:00-07:00,0.6653992395437325
2022-04-28T06:15-07:00,0.6793478260869503
2022-04-28T06:30-07:00,0.6804572672836083
2022-04-28T06:45-07:00,0.6970069700697007
2022-04-28T07:00-07:00,0.6824075337791666
2022-04-28T07:15-07:00,0.6681210799018333
2022-04-28T07:30-07:00,0.6530612244897959
2022-04-28T07:45-07:00,0.6804572672836083
2022-04-28T08:00-07:00,0.6804572672836083
2022-04-28T08:15-07:00,0.6530612244897959
2022-04-28T08:30-07:00,0.6417258328782024
2022-04-28T08:45-07:00,0.65439672801636
2022-04-28T09:00-07:00,0.6132461161079313
2022-04-28T09:15-07:00,0.6412005457025859
2022-04-28T09:30-07:00,0.6249150930580146
2022-04-28T09:45-07:00,0.6504065040650406
2022-04-28T10:00-07:00,0.6378070294476801
2022-04-28T10:15-07:00,0.6231373611487464
2022-04-28T10:30-07:00,0.6233907033473433
2022-04-28T10:45-07:00,0.6119951040391677
2022-04-28T11:00-07:00,0.6142506142506142
2022-04-28T11:15-07:00,0.667847894234707
2022-04-28T11:30-07:00,0.584874863982596
2022-04-28T11:45-07:00,0.6145022531749283
2022-04-28T12:00-07:00,0.6422519814156811
2022-04-28T12:15-07:00,0.6804572672836083
2022-04-28T12:30-07:00,0.6947282386595831
2022-04-28T12:45-07:00,0.5709624796084829
2022-04-28T13:00-07:00,0.6422519814156811
2022-04-28T13:15-07:00,0.65439672801636
2022-04-28T13:30-07:00,0.6835269993164668
2022-04-28T13:45-07:00,0.6618938268269682
2022-04-28T14:00-07:00,0.6490872210953347
2022-04-28T14:15-07:00,0.6391079684525366
2022-04-28T14:30-07:00,0.6815703380588815
2022-04-28T14:45-07:00,0.6519967400162999
2022-04-28T15:00-07:00,0.6645870066458762
2022-04-28T15:15-07:00,0.6933115823817292
2022-04-28T15:30-07:00,0.6799020940984436
2022-04-28T15:45-07:00,0.6241519674355558
2022-04-28T16:00-07:00,0.6112469437652812
2022-04-28T16:15-07:00,0.6391079684525366
2022-04-28T16:30-07:00,0.6527947776417788
2022-04-28T16:45-07:00,0.6114961271911945
2022-04-28T17:00-07:00,0.6667573819567351
2022-04-28T17:15-07:00,0.6645870066458762
2022-04-28T17:30-07:00,0.6107491856677525
2022-04-28T17:45-07:00,0.6375474769397659
2022-04-28T18:00-07:00,0.6375474769397659
2022-04-28T18:15-07:00,0.6145022531749283
2022-04-28T18:30-07:00,0.6425153793574784
2022-04-28T18:45-07:00,0.6656704252139717
2022-04-28T19:00-07:00,0.6560065600656007
2022-04-28T19:15-07:00,0.6692160611854747
2022-04-28T19:30-07:00,0.6689419795221906
2022-04-28T19:45-07:00,0.6560065600656007
2022-04-28T20:00-07:00,0.6535947712418301
2022-04-28T20:15-07:00,0.6533278889342589
2022-04-28T20:30-07:00,0.6821282401091343
2022-04-28T20:45-07:00,0.7209903414501366
2022-04-28T21:00-07:00,0.7206962197443506
2022-04-28T21:15-07:00,0.7189365165490985
2022-04-28T21:30-07:00,0.7084468664850199
2022-04-28T21:45-07:00,0.6810133478616118
2022-04-28T22:00-07:00,0.65439672801636
2022-04-28T22:15-07:00,0.6944444444444444
2022-04-28T22:30-07:00,0.6921824104234527
2022-04-28T22:45-07:00,0.677966101694909
2022-04-28T23:00-07:00,0.6924643584521385
2022-04-28T23:15-07:00,0.6530612244897959
2022-04-28T23:30-07:00,0.6810133478616118
2022-04-28T23:45-07:00,0.69416088199265
2022-04-29T00:00-07:00,0.6659418320195768
2022-04-29T00:15-07:00,0.7465725532781384
2022-04-29T00:30-07:00,0.7326007326007326
2022-04-29T00:45-07:00,0.7067137809187342
2022-04-29T01:00-07:00,0.7343941248470012
2022-04-29T01:15-07:00,0.7337953526294333
2022-04-29T01:30-07:00,0.7326007326007326
2022-04-29T01:45-07:00,0.7180598834846165
2022-04-29T02:00-07:00,0.6541291905151267
2022-04-29T02:15-07:00,0.6812917291184023
2022-04-29T02:30-07:00,0.7218741487333089
2022-04-29T02:45-07:00,0.6667573819567351
2022-04-29T03:00-07:00,0.6670296760141636
2022-04-29T03:15-07:00,0.6673021925643532
2022-04-29T03:30-07:00,0.7215793056500959
2022-04-29T03:45-07:00,0.6673021925643532
2022-04-29T04:00-07:00,0.7215793056500959
2022-04-29T04:15-07:00,0.7087365408205051
2022-04-29T04:30-07:00,0.6546644844517185
2022-04-29T04:45-07:00,0.6804572672836083
2022-04-29T05:00-07:00,0.7067137809187342
2022-04-29T05:15-07:00,0.6818491749624921
2022-04-29T05:30-07:00,0.6689419795221906
2022-04-29T05:45-07:00,0.6689419795221906
2022-04-29T06:00-07:00,0.6527947776417788
2022-04-29T06:15-07:00,0.6826870562534072
2022-04-29T06:30-07:00,0.7096069868995696
2022-04-29T06:45-07:00,0.6430428239157141
2022-04-29T07:00-07:00,0.69359445124439
2022-04-29T07:15-07:00,0.7093166007366043
2022-04-29T07:30-07:00,0.6938775510204082
2022-04-29T07:45-07:00,0.6927465362673186
2022-04-29T08:00-07:00,0.6818491749624921
2022-04-29T08:15-07:00,0.7239448162819224
2022-04-29T08:30-07:00,0.7624234172906676
2022-04-29T08:45-07:00,0.6958657388456816
2022-04-29T09:00-07:00,0.7367990176013098
2022-04-29T09:15-07:00,0.7355946056395587
2022-04-29T09:30-07:00,0.7195221286994236
2022-04-29T09:45-07:00,0.6643167028199628
2022-04-29T10:00-07:00,0.6662134602311415
2022-04-29T10:15-07:00,0.638326768980029
2022-04-29T10:30-07:00,0.6930289441500204
2022-04-29T10:45-07:00,0.7204023379094677
2022-04-29T11:00-07:00,0.6927465362673186
2022-04-29T11:15-07:00,0.6256800870511487
2022-04-29T11:30-07:00,0.6525285481239804
2022-04-29T11:45-07:00,0.6938775510204082
2022-04-29T12:00-07:00,0.6913379422529483
2022-04-29T12:15-07:00,0.6645870066458762
2022-04-29T12:30-07:00,0.6662134602311415
2022-04-29T12:45-07:00,0.6256800870511487
2022-04-29T13:00-07:00,0.6662134602311415
2022-04-29T13:15-07:00,0.69416088199265
2022-04-29T13:30-07:00,0.6522625356706074
2022-04-29T13:45-07:00,0.6801795674057889
2022-04-29T14:00-07:00,0.6667573819567351
2022-04-29T14:15-07:00,0.6659418320195768
2022-04-29T14:30-07:00,0.6930289441500204
2022-04-29T14:45-07:00,0.6938775510204082
2022-04-29T15:00-07:00,0.689375506893755
2022-04-29T15:15-07:00,0.703558381815728
2022-04-29T15:30-07:00,0.703558381815728
2022-04-29T15:45-07:00,0.6670296760141636
2022-04-29T16:00-07:00,0.6256800870511487
2022-04-29T16:15-07:00,0.6801795674057889
2022-04-29T16:30-07:00,0.6673021925643532
2022-04-29T16:45-07:00,0.6406761177753482
2022-04-29T17:00-07:00,0.6673021925643532
2022-04-29T17:15-07:00,0.6659418320195768
2022-04-29T17:30-07:00,0.6261911244214601
2022-04-29T17:45-07:00,0.6261911244214601
2022-04-29T18:00-07:00,0.6947282386595831
2022-04-29T18:15-07:00,0.6681210799018333
2022-04-29T18:30-07:00,0.6947282386595831
2022-04-29T18:45-07:00,0.6947282386595831
2022-04-29T19:00-07:00,0.6955810147299509
2022-04-29T19:15-07:00,0.6404142253712978
2022-04-29T19:30-07:00,0.6824075337791666
2022-04-29T19:45-07:00,0.6409382244647421
2022-04-29T20:00-07:00,0.6427789934354423
2022-04-29T20:15-07:00,0.6683944891556467
2022-04-29T20:30-07:00,0.6673021925643532
2022-04-29T20:45-07:00,0.6525285481239804
2022-04-29T21:00-07:00,0.6796248470844032
2022-04-29T21:15-07:00,0.6921824104234527
2022-04-29T21:30-07:00,0.6651282747387058
2022-04-29T21:45-07:00,0.6921824104234527
2022-04-29T22:00-07:00,0.6930289441500204
2022-04-29T22:15-07:00,0.6659418320195768
2022-04-29T22:30-07:00,0.6812917291184023
2022-04-29T22:45-07:00,0.6261911244214601
2022-04-29T23:00-07:00,0.6659418320195768
2022-04-29T23:15-07:00,0.6643167028199628
2022-04-29T23:30-07:00,0.6774149844194491
2022-04-29T23:45-07:00,0.6787944610371918
2022-04-30T00:00-07:00,0.6950122649223222
2022-04-30T00:15-07:00,0.7480957562568071
2022-04-30T00:30-07:00,0.6938775510204082
2022-04-30T00:45-07:00,0.6938775510204082
2022-04-30T01:00-07:00,0.7215793056500959
2022-04-30T01:15-07:00,0.6812917291184023
2022-04-30T01:30-07:00,0.6944444444444444
2022-04-30T01:45-07:00,0.6675749318801152
2022-04-30T02:00-07:00,0.7081574288438031
2022-04-30T02:15-07:00,0.6801795674057889
2022-04-30T02:30-07:00,0.6801795674057889
2022-04-30T02:45-07:00,0.6530612244897959
2022-04-30T03:00-07:00,0.6662134602311415
2022-04-30T03:15-07:00,0.7343941248470012
2022-04-30T03:30-07:00,0.6796248470844032
2022-04-30T03:45-07:00,0.625424881033317
2022-04-30T04:00-07:00,0.6933115823817292
2022-04-30T04:15-07:00,0.7206962197443506
2022-04-30T04:30-07:00,0.6930289441500204
2022-04-30T04:45-07:00,0.6793478260869503
2022-04-30T05:00-07:00,0.7064257573699287
2022-04-30T05:15-07:00,0.7192292034197251
2022-04-30T05:30-07:00,0.7328990228013029
2022-04-30T05:45-07:00,0.7468766974470459
2022-04-30T06:00-07:00,0.7189365165490985
2022-04-30T06:15-07:00,0.7189365165490985
2022-04-30T06:30-07:00,0.7462686567164242
2022-04-30T06:45-07:00,0.7745617611088463
2022-04-30T07:00-07:00,0.7618011154944843
2022-04-30T07:15-07:00,0.7468766974470459
2022-04-30T07:30-07:00,0.7070020394289661
2022-04-30T07:45-07:00,0.7764609726195342
2022-04-30T08:00-07:00,0.7364975450081833
2022-04-30T08:15-07:00,0.7477906186267907
2022-04-30T08:30-07:00,0.7444504602057452
2022-04-30T08:45-07:00,0.7583965330444141
2022-04-30T09:00-07:00,0.6910569105691057
2022-04-30T09:15-07:00,0.7195221286994236
2022-04-30T09:30-07:00,0.7177681473456059
2022-04-30T09:45-07:00,0.7583965330444141
2022-04-30T10:00-07:00,0.7441482884589428
2022-04-30T10:15-07:00,0.730816077953715
2022-04-30T10:30-07:00,0.6902151847340642
2022-04-30T10:45-07:00,0.7444504602057452
2022-04-30T11:00-07:00,0.6776904310111079
2022-04-30T11:15-07:00,0.6790710308298186
2022-04-30T11:30-07:00,0.6921824104234527
2022-04-30T11:45-07:00,0.7331975560081466
2022-04-30T12:00-07:00,0.7198152926796081
2022-04-30T12:15-07:00,0.730816077953715
2022-04-30T12:30-07:00,0.730816077953715
2022-04-30T12:45-07:00,0.7189365165490985
2022-04-30T13:00-07:00,0.6752194463200478
2022-04-30T13:15-07:00,0.6347062795408446
2022-04-30T13:30-07:00,0.7029876977152961
2022-04-30T13:45-07:00,0.6347062795408446
2022-04-30T14:00-07:00,0.6530612244897959
2022-04-30T14:15-07:00,0.687980574666127
2022-04-30T14:30-07:00,0.6480356419603078
2022-04-30T14:45-07:00,0.6749460043196482
2022-04-30T15:00-07:00,0.6610901241230499
2022-04-30T15:15-07:00,0.6504065040650406
2022-04-30T15:30-07:00,0.6785181164337025
2022-04-30T15:45-07:00,0.7064257573699287
2022-04-30T16:00-07:00,0.6799020940984436
2022-04-30T16:15-07:00,0.6924643584521385
2022-04-30T16:30-07:00,0.6659418320195768
2022-04-30T16:45-07:00,0.6664853101197016
2022-04-30T17:00-07:00,0.6391079684525366
2022-04-30T17:15-07:00,0.6517311608961304
2022-04-30T17:30-07:00,0.6380667933749599
2022-04-30T17:45-07:00,0.677966101694909
2022-04-30T18:00-07:00,0.6776904310111079
2022-04-30T18:15-07:00,0.6670296760141636
2022-04-30T18:30-07:00,0.7072905331882543
2022-04-30T18:45-07:00,0.6930289441500204
2022-04-30T19:00-07:00,0.6921824104234527
2022-04-30T19:15-07:00,0.6796248470844032
2022-04-30T19:30-07:00,0.6919006919006919
2022-04-30T19:45-07:00,0.6535947712418301
2022-04-30T20:00-07:00,0.6372881355932142
2022-04-30T20:15-07:00,0.6541291905151267
2022-04-30T20:30-07:00,0.6546644844517185
2022-04-30T20:45-07:00,0.6919006919006919
2022-04-30T21:00-07:00,0.6664853101197016
2022-04-30T21:15-07:00,0.6659418320195768
2022-04-30T21:30-07:00,0.6653992395437325
2022-04-30T21:45-07:00,0.7055630936228013
2022-04-30T22:00-07:00,0.6927465362673186
2022-04-30T22:15-07:00,0.6506710044733631
2022-04-30T22:30-07:00,0.6404142253712978
2022-04-30T22:45-07:00,0.6801795674057889
2022-04-30T23:00-07:00,0.6790710308298186
2022-04-30T23:15-07:00,0.6921824104234527
2022-04-30T23:30-07:00,0.6645870066458762
2022-04-30T23:45-07:00,0.7055630936228013
2022-05-01T00:00-07:00,0.6643167028199628
2022-05-01T00:15-07:00,0.6541291905151267
2022-05-01T00:30-07:00,0.6259355014287721
2022-05-01T00:45-07:00,0.6519967400162999
2022-05-01T01:00-07:00,0.6648575305291785
2022-05-01T01:15-07:00,0.7081574288438031
2022-05-01T01:30-07:00,0.69416088199265
2022-05-01T01:45-07:00,0.6804572672836083
2022-05-01T02:00-07:00,0.6670296760141636
2022-05-01T02:15-07:00,0.69416088199265
2022-05-01T02:30-07:00,0.6256800870511487
2022-05-01T02:45-07:00,0.6519967400162999
2022-05-01T03:00-07:00,0.6787944610371918
2022-05-01T03:15-07:00,0.7052760070527663
2022-05-01T03:30-07:00,0.6913379422529483
2022-05-01T03:45-07:00,0.6643167028199628
2022-05-01T04:00-07:00,0.677966101694909
2022-05-01T04:15-07:00,0.6916192026037429
2022-05-01T04:30-07:00,0.6645870066458762
2022-05-01T04:45-07:00,0.677966101694909
2022-05-01T05:00-07:00,0.6645870066458762
2022-05-01T05:15-07:00,0.6919006919006919
2022-05-01T05:30-07:00,0.6787944610371918
2022-05-01T05:45-07:00,0.7064257573699287
2022-05-01T06:00-07:00,0.6648575305291785
2022-05-01T06:15-07:00,0.69359445124439
2022-05-01T06:30-07:00,0.6938775510204082
2022-05-01T06:45-07:00,0.7209903414501366
2022-05-01T07:00-07:00,0.69416088199265
2022-05-01T07:15-07:00,0.6681210799018333
2022-05-01T07:30-07:00,0.7221692328655067
2022-05-01T07:45-07:00,0.7087365408205051
2022-05-01T08:00-07:00,0.7084468664850199
2022-05-01T08:15-07:00,0.6645870066458762
2022-05-01T08:30-07:00,0.7305194805194806
2022-05-01T08:45-07:00,0.6947282386595831
2022-05-01T09:00-07:00,0.69416088199265
2022-05-01T09:15-07:00,0.7215793056500959
2022-05-01T09:30-07:00,0.7081574288438031
2022-05-01T09:45-07:00,0.6673021925643532
2022-05-01T10:00-07:00,0.6124948958758677
2022-05-01T10:15-07:00,0.701281186783553
2022-05-01T10:30-07:00,0.6749460043196482
2022-05-01T10:45-07:00,0.6618938268269682
2022-05-01T11:00-07:00,0.64882400648824
2022-05-01T11:15-07:00,0.7004310344827648
2022-05-01T11:30-07:00,0.6871463217461601
2022-05-01T11:45-07:00,0.6597549481621173
2022-05-01T12:00-07:00,0.6871463217461601
2022-05-01T12:15-07:00,0.6735821096591613
2022-05-01T12:30-07:00,0.6735821096591613
2022-05-01T12:45-07:00,0.6480356419603078
2022-05-01T13:00-07:00,0.6213697149804195
2022-05-01T13:15-07:00,0.6890960680989056
2022-05-01T13:30-07:00,0.7168943595292783
2022-05-01T13:45-07:00,0.6365113759479895
2022-05-01T14:00-07:00,0.6648575305291785
2022-05-01T14:15-07:00,0.677966101694909
2022-05-01T14:30-07:00,0.6648575305291785
2022-05-01T14:45-07:00,0.6378070294476801
2022-05-01T15:00-07:00,0.6530612244897959
2022-05-01T15:15-07:00,0.6249150930580146
2022-05-01T15:30-07:00,0.638326768980029
2022-05-01T15:45-07:00,0.69359445124439
2022-05-01T16:00-07:00,0.6807351940095241
2022-05-01T16:15-07:00,0.6790710308298186
2022-05-01T16:30-07:00,0.6659418320195768
2022-05-01T16:45-07:00,0.707579262484698
2022-05-01T17:00-07:00,0.6807351940095241
2022-05-01T17:15-07:00,0.6261911244214601
2022-05-01T17:30-07:00,0.6664853101197016
2022-05-01T17:45-07:00,0.6673021925643532
2022-05-01T18:00-07:00,0.6535947712418301
2022-05-01T18:15-07:00,0.6124948958758677
2022-05-01T18:30-07:00,0.6261911244214601
2022-05-01T18:45-07:00,0.6102522375915378
2022-05-01T19:00-07:00,0.6656704252139717
2022-05-01T19:15-07:00,0.6412005457025859
2022-05-01T19:30-07:00,0.6279863481228731
2022-05-01T19:45-07:00,0.6279863481228731
2022-05-01T20:00-07:00,0.6700396554081834
2022-05-01T20:15-07:00,0.6549324600900532
2022-05-01T20:30-07:00,0.6675749318801152
2022-05-01T20:45-07:00,0.6541291905151267
2022-05-01T21:00-07:00,0.6667573819567351
2022-05-01T21:15-07:00,0.6667573819567351
2022-05-01T21:30-07:00,0.7067137809187342
2022-05-01T21:45-07:00,0.7078682276068671
2022-05-01T22:00-07:00,0.6815703380588815
2022-05-01T22:15-07:00,0.6533278889342589
2022-05-01T22:30-07:00,0.6659418320195768
2022-05-01T22:45-07:00,0.6648575305291785
2022-05-01T23:00-07:00,0.6506710044733631
2022-05-01T23:15-07:00,0.7058504140084221
2022-05-01T23:30-07:00,0.6651282747387058
2022-05-01T23:45-07:00,0.6812917291184023
2022-05-02T00:00-07:00,0.6530612244897959
2022-05-02T00:15-07:00,0.7067137809187342
2022-05-02T00:30-07:00,0.6525285481239804
2022-05-02T00:45-07:00,0.6530612244897959
2022-05-02T01:00-07:00,0.7201086956521677
2022-05-02T01:15-07:00,0.6656704252139717
2022-05-02T01:30-07:00,0.7198152926796081
2022-05-02T01:45-07:00,0.6378070294476801
2022-05-02T02:00-07:00,0.7058504140084221
2022-05-02T02:15-07:00,0.6514657980456026
2022-05-02T02:30-07:00,0.7195221286994236
2022-05-02T02:45-07:00,0.6927465362673186
2022-05-02T03:00-07:00,0.6785181164337025
2022-05-02T03:15-07:00,0.6656704252139717
2022-05-02T03:30-07:00,0.6656704252139717
2022-05-02T03:45-07:00,0.7064257573699287
2022-05-02T04:00-07:00,0.7349938750510412
2022-05-02T04:15-07:00,0.7364975450081833
2022-05-02T04:30-07:00,0.6955810147299509
2022-05-02T04:45-07:00,0.682966807813134
2022-05-02T05:00-07:00,0.7064257573699287
2022-05-02T05:15-07:00,0.7055630936228013
2022-05-02T05:30-07:00,0.6921824104234527
2022-05-02T05:45-07:00,0.7195221286994236
2022-05-02T06:00-07:00,0.7072905331882543
2022-05-02T06:15-07:00,0.7227601254602419
2022-05-02T06:30-07:00,0.667847894234707
2022-05-02T06:45-07:00,0.6705898453537766
2022-05-02T07:00-07:00,0.6801795674057889
2022-05-02T07:15-07:00,0.6815703380588815
2022-05-02T07:30-07:00,0.6554690700532568
2022-05-02T07:45-07:00,0.6807351940095241
2022-05-02T08:00-07:00,0.6804572672836083
2022-05-02T08:15-07:00,0.6541291905151267
2022-05-02T08:30-07:00,0.5985580193170935
2022-05-02T08:45-07:00,0.6675749318801152
2022-05-02T09:00-07:00,0.6832467887400867
2022-05-02T09:15-07:00,0.6417258328782024
2022-05-02T09:30-07:00,0.6824075337791666
2022-05-02T09:45-07:00,0.6282436492761603
2022-05-02T10:00-07:00,0.6527947776417788
2022-05-02T10:15-07:00,0.6119951040391677
2022-05-02T10:30-07:00,0.6514657980456026
2022-05-02T10:45-07:00,0.6514657980456026
2022-05-02T11:00-07:00,0.6514657980456026
2022-05-02T11:15-07:00,0.6640466187830392
2022-05-02T11:30-07:00,0.6787944610371918
2022-05-02T11:45-07:00,0.6367700853542818
2022-05-02T12:00-07:00,0.635994587280102
2022-05-02T12:15-07:00,0.6765899864681941
2022-05-02T12:30-07:00,0.6090133982947625
2022-05-02T12:45-07:00,0.6904955320877335
2022-05-02T13:00-07:00,0.6910569105691057
2022-05-02T13:15-07:00,0.6241519674355558
2022-05-02T13:30-07:00,0.6796248470844032
2022-05-02T13:45-07:00,0.6910569105691057
2022-05-02T14:00-07:00,0.5980698654342741
2022-05-02T14:15-07:00,0.6509357200976403
2022-05-02T14:30-07:00,0.6231373611487464
2022-05-02T14:45-07:00,0.6535947712418301
2022-05-02T15:00-07:00,0.6119951040391677
2022-05-02T15:15-07:00,0.6112469437652812
2022-05-02T15:30-07:00,0.6367700853542818
2022-05-02T15:45-07:00,0.6372881355932142
2022-05-02T16:00-07:00,0.6493506493506493
2022-05-02T16:15-07:00,0.6241519674355558
2022-05-02T16:30-07:00,0.6244061354689895
2022-05-02T16:45-07:00,0.6109979633401222
2022-05-02T17:00-07:00,0.635994587280102
2022-05-02T17:15-07:00,0.6632376827287555
2022-05-02T17:30-07:00,0.6249150930580146
2022-05-02T17:45-07:00,0.6244061354689895
2022-05-02T18:00-07:00,0.6519967400162999
2022-05-02T18:15-07:00,0.5970959424616575
2022-05-02T18:30-07:00,0.6504065040650406
2022-05-02T18:45-07:00,0.677966101694909
2022-05-02T19:00-07:00,0.6659418320195768
2022-05-02T19:15-07:00,0.65439672801636
2022-05-02T19:30-07:00,0.6950122649223222
2022-05-02T19:45-07:00,0.6681210799018333
2022-05-02T20:00-07:00,0.6689419795221906
2022-05-02T20:15-07:00,0.6653992395437325
2022-05-02T20:30-07:00,0.6514657980456026
2022-05-02T20:45-07:00,0.6916192026037429
2022-05-02T21:00-07:00,0.6517311608961304
2022-05-02T21:15-07:00,0.6142506142506142
2022-05-02T21:30-07:00,0.6277292576419277
2022-05-02T21:45-07:00,0.6546644844517185
2022-05-02T22:00-07:00,0.6259355014287721
2022-05-02T22:15-07:00,0.5841597609020576
2022-05-02T22:30-07:00,0.6117455138662317
2022-05-02T22:45-07:00,0.6388473562593386
2022-05-02T23:00-07:00,0.7038440714672504
2022-05-02T23:15-07:00,0.6246605105920757
2022-05-02T23:30-07:00,0.6519967400162999
2022-05-02T23:45-07:00,0.65439672801636
2022-05-03T00:00-07:00,0.6259355014287721
2022-05-03T00:15-07:00,0.6796248470844032
2022-05-03T00:30-07:00,0.6525285481239804
2022-05-03T00:45-07:00,0.6385869565217329
2022-05-03T01:00-07:00,0.638326768980029
2022-05-03T01:15-07:00,0.6527947776417788
2022-05-03T01:30-07:00,0.6787944610371918
2022-05-03T01:45-07:00,0.6645870066458762
2022-05-03T02:00-07:00,0.6365113759479895
2022-05-03T02:15-07:00,0.6498781478472786
2022-05-03T02:30-07:00,0.6231373611487464
2022-05-03T02:45-07:00,0.6768647624204622
2022-05-03T03:00-07:00,0.6629684751725133
2022-05-03T03:15-07:00,0.6504065040650406
2022-05-03T03:30-07:00,0.6504065040650406
2022-05-03T03:45-07:00,0.650142218610321
2022-05-03T04:00-07:00,0.6365113759479895
2022-05-03T04:15-07:00,0.6105006105006106
2022-05-03T04:30-07:00,0.6653992395437325
2022-05-03T04:45-07:00,0.6393687933614411
2022-05-03T05:00-07:00,0.6406761177753482
2022-05-03T05:15-07:00,0.6246605105920757
2022-05-03T05:30-07:00,0.6648575305291785
2022-05-03T05:45-07:00,0.6385869565217329
2022-05-03T06:00-07:00,0.6643167028199628
2022-05-03T06:15-07:00,0.6380667933749599
2022-05-03T06:30-07:00,0.6787944610371918
2022-05-03T06:45-07:00,0.6801795674057889
2022-05-03T07:00-07:00,0.6686681222707486
2022-05-03T07:15-07:00,0.6404142253712978
2022-05-03T07:30-07:00,0.6533278889342589
2022-05-03T07:45-07:00,0.6818491749624921
2022-05-03T08:00-07:00,0.7072905331882543
2022-05-03T08:15-07:00,0.6525285481239804
2022-05-03T08:30-07:00,0.6635071090047455
2022-05-03T08:45-07:00,0.6768647624204622
2022-05-03T09:00-07:00,0.6236442516269043
2022-05-03T09:15-07:00,0.650142218610321
2022-05-03T09:30-07:00,0.7021334053470221
2022-05-03T09:45-07:00,0.6635071090047455
2022-05-03T10:00-07:00,0.6656704252139717
2022-05-03T10:15-07:00,0.6519967400162999
2022-05-03T10:30-07:00,0.6398910823689522
2022-05-03T10:45-07:00,0.6256800870511487
2022-05-03T11:00-07:00,0.5995367216241932
2022-05-03T11:15-07:00,0.6535947712418301
2022-05-03T11:30-07:00,0.6112469437652812
2022-05-03T11:45-07:00,0.6517311608961304
2022-05-03T12:00-07:00,0.6525285481239804
2022-05-03T12:15-07:00,0.6651282747387058
2022-05-03T12:30-07:00,0.6645870066458762
2022-05-03T12:45-07:00,0.6226312939902606
2022-05-03T13:00-07:00,0.6618938268269682
2022-05-03T13:15-07:00,0.6490872210953347
2022-05-03T13:30-07:00,0.6645870066458762
2022-05-03T13:45-07:00,0.6365113759479895
2022-05-03T14:00-07:00,0.6774149844194491
2022-05-03T14:15-07:00,0.6493506493506493
2022-05-03T14:30-07:00,0.6378070294476801
2022-05-03T14:45-07:00,0.6530612244897959
2022-05-03T15:00-07:00,0.597339125712728
2022-05-03T15:15-07:00,0.6656704252139717
2022-05-03T15:30-07:00,0.6256800870511487
2022-05-03T15:45-07:00,0.6533278889342589
2022-05-03T16:00-07:00,0.625424881033317
2022-05-03T16:15-07:00,0.6538618716796076
2022-05-03T16:30-07:00,0.6675749318801152
2022-05-03T16:45-07:00,0.6398910823689522
2022-05-03T17:00-07:00,0.6673021925643532
2022-05-03T17:15-07:00,0.6664853101197016
2022-05-03T17:30-07:00,0.6145022531749283
2022-05-03T17:45-07:00,0.6412005457025859
2022-05-03T18:00-07:00,0.6142506142506142
2022-05-03T18:15-07:00,0.6826870562534072
2022-05-03T18:30-07:00,0.613747954173486
2022-05-03T18:45-07:00,0.6771397616467977
2022-05-03T19:00-07:00,0.6821282401091343
2022-05-03T19:15-07:00,0.5983138428066296
2022-05-03T19:30-07:00,0.6388473562593386
2022-05-03T19:45-07:00,0.6673021925643532
2022-05-03T20:00-07:00,0.6267029972752106
2022-05-03T20:15-07:00,0.6430428239157141
2022-05-03T20:30-07:00,0.627215707662946
2022-05-03T20:45-07:00,0.6401525469899148
2022-05-03T21:00-07:00,0.69359445124439
2022-05-03T21:15-07:00,0.6659418320195768
2022-05-03T21:30-07:00,0.6522625356706074
2022-05-03T21:45-07:00,0.6787944610371918
2022-05-03T22:00-07:00,0.6907761072734661
2022-05-03T22:15-07:00,0.6913379422529483
2022-05-03T22:30-07:00,0.6659418320195768
2022-05-03T22:45-07:00,0.597339125712728
2022-05-03T23:00-07:00,0.6498781478472786
2022-05-03T23:15-07:00,0.6763154335181867
2022-05-03T23:30-07:00,0.6264469562849034
2022-05-03T23:45-07:00,0.6277292576419277
2022-05-04T00:00-07:00,0.6292749658002799
2022-05-04T00:15-07:00,0.6282436492761603
2022-05-04T00:30-07:00,0.6821282401091343
2022-05-04T00:45-07:00,0.7218741487333089
2022-05-04T01:00-07:00,0.6801795674057889
2022-05-04T01:15-07:00,0.677966101694909
2022-05-04T01:30-07:00,0.6645870066458762
2022-05-04T01:45-07:00,0.6656704252139717
2022-05-04T02:00-07:00,0.6785181164337025
2022-05-04T02:15-07:00,0.6782419967444322
2022-05-04T02:30-07:00,0.7052760070527663
2022-05-04T02:45-07:00,0.7044161473855386
2022-05-04T03:00-07:00,0.7041299932295255
2022-05-04T03:15-07:00,0.6771397616467977
2022-05-04T03:30-07:00,0.6807351940095241
2022-05-04T03:45-07:00,0.7215793056500959
2022-05-04T04:00-07:00,0.6673021925643532
2022-05-04T04:15-07:00,0.6651282747387058
2022-05-04T04:30-07:00,0.6921824104234527
2022-05-04T04:45-07:00,0.6525285481239804
2022-05-04T05:00-07:00,0.7206962197443506
2022-05-04T05:15-07:00,0.6287588846364196
2022-05-04T05:30-07:00,0.6664853101197016
2022-05-04T05:45-07:00,0.6793478260869503
2022-05-04T06:00-07:00,0.6385869565217329
2022-05-04T06:15-07:00,0.6950122649223222
2022-05-04T06:30-07:00,0.667847894234707
2022-05-04T06:45-07:00,0.6425153793574784
2022-05-04T07:00-07:00,-0.0
2022-05-04T07:15-07:00,-0.0
2022-05-04T07:30-07:00,-0.0
2022-05-04T07:45-07:00,-0.0
2022-05-04T08:00-07:00,-0.0
2022-05-04T08:15-07:00,-0.0
2022-05-04T08:30-07:00,-0.0
2022-05-04T08:45-07:00,-0.0
2022-05-04T09:00-07:00,-0.0
2022-05-04T09:15-07:00,-0.0
2022-05-04T09:30-07:00,-0.0
2022-05-04T09:45-07:00,-0.0
2022-05-04T10:00-07:00,-0.0
2022-05-04T10:15-07:00,-0.0
2022-05-04T10:30-07:00,-0.0
2022-05-04T10:45-07:00,-0.0
2022-05-04T11:00-07:00,-0.0
2022-05-04T11:15-07:00,-0.0
2022-05-04T11:30-07:00,-0.0
2022-05-04T11:45-07:00,-0.0
2022-05-04T12:00-07:00,-0.0
2022-05-04T12:15-07:00,-0.0
2022-05-04T12:30-07:00,-0.0
2022-05-04T12:45-07:00,-0.0
2022-05-04T13:00-07:00,-0.0
2022-05-04T13:15-07:00,-0.0
2022-05-04T13:30-07:00,-0.0
2022-05-04T13:45-07:00,-0.0
2022-05-04T14:00-07:00,-0.0
2022-05-04T14:15-07:00,-0.0
2022-05-04T14:30-07:00,-0.0
2022-05-04T14:45-07:00,-0.0
2022-05-04T15:00-07:00,-0.0
2022-05-04T15:15-07:00,-0.0
2022-05-04T15:30-07:00,-0.0
2022-05-04T15:45-07:00,-0.0
2022-05-04T16:00-07:00,-0.0
2022-05-04T16:15-07:00,-0.0
2022-05-04T16:30-07:00,-0.0
2022-05-04T16:45-07:00,-0.0
2022-05-04T17:00-07:00,-0.0
2022-05-04T17:15-07:00,-0.0
2022-05-04T17:30-07:00,-0.0
2022-05-04T17:45-07:00,-0.0
2022-05-04T18:00-07:00,-0.0
2022-05-04T18:15-07:00,-0.0
2022-05-04T18:30-07:00,-0.0
2022-05-04T18:45-07:00,-0.0
2022-05-04T19:00-07:00,-0.0
2022-05-04T19:15-07:00,-0.0
2022-05-04T19:30-07:00,-0.0
2022-05-04T19:45-07:00,-0.0
2022-05-04T20:00-07:00,-0.0
2022-05-04T20:15-07:00,-0.0
2022-05-04T20:30-07:00,-0.0
2022-05-04T20:45-07:00,-0.0
2022-05-04T21:00-07:00,-0.0
2022-05-04T21:15-07:00,-0.0
2022-05-04T21:30-07:00,-0.0
2022-05-04T21:45-07:00,-0.0
2022-05-04T22:00-07:00,-0.0
2022-05-04T22:15-07:00,-0.0
2022-05-04T22:30-07:00,-0.0
2022-05-04T22:45-07:00,-0.0
2022-05-04T23:00-07:00,-0.0
2022-05-04T23:15-07:00,-0.0
2022-05-04T23:30-07:00,-0.0
2022-05-04T23:45-07:00,-0.0
2022-05-05T00:00-07:00,-0.0
2022-05-05T00:15-07:00,-0.0
2022-05-05T00:30-07:00,-0.0
2022-05-05T00:45-07:00,-0.0
2022-05-05T01:00-07:00,-0.0
2022-05-05T01:15-07:00,-0.0
2022-05-05T01:30-07:00,-0.0
2022-05-05T01:45-07:00,-0.0
2022-05-05T02:00-07:00,-0.0
2022-05-05T02:15-07:00,-0.0
2022-05-05T02:30-07:00,-0.0
2022-05-05T02:45-07:00,-0.0
2022-05-05T03:00-07:00,-0.0
2022-05-05T03:15-07:00,-0.0
2022-05-05T03:30-07:00,-0.0
2022-05-05T03:45-07:00,-0.0
2022-05-05T04:00-07:00,-0.0
2022-05-05T04:15-07:00,-0.0
2022-05-05T04:30-07:00,-0.0
2022-05-05T04:45-07:00,-0.0
2022-05-05T05:00-07:00,-0.0
2022-05-05T05:15-07:00,-0.0
2022-05-05T05:30-07:00,-0.0
2022-05-05T05:45-07:00,-0.0
2022-05-05T06:00-07:00,-0.0
2022-05-05T06:15-07:00,-0.0
2022-05-05T06:30-07:00,-0.0
2022-05-05T06:45-07:00,-0.0
2022-05-05T07:00-07:00,-0.0
2022-05-05T07:15-07:00,-0.0
2022-05-05T07:30-07:00,-0.0
2022-05-05T07:45-07:00,-0.0
2022-05-05T08:00-07:00,-0.0
2022-05-05T08:15-07:00,-0.0
2022-05-05T08:30-07:00,-0.0
2022-05-05T08:45-07:00,-0.0
2022-05-05T09:00-07:00,-0.0
2022-05-05T09:15-07:00,-0.0
2022-05-05T09:30-07:00,-0.0
2022-05-05T09:45-07:00,-0.0
2022-05-05T10:00-07:00,-0.0
2022-05-05T10:15-07:00,-0.0
2022-05-05T10:30-07:00,-0.0
2022-05-05T10:45-07:00,-0.0
2022-05-05T11:00-07:00,-0.0
2022-05-05T11:15-07:00,-0.0
2022-05-05T11:30-07:00,-0.0
2022-05-05T11:45-07:00,-0.0
2022-05-05T12:00-07:00,-0.0
2022-05-05T12:15-07:00,-0.0
2022-05-05T12:30-07:00,-0.0
2022-05-05T12:45-07:00,-0.0
2022-05-05T13:00-07:00,-0.0
2022-05-05T13:15-07:00,-0.0
2022-05-05T13:30-07:00,-0.0
2022-05-05T13:45-07:00,-0.0
2022-05-05T14:00-07:00,-0.0
2022-05-05T14:15-07:00,-0.0
2022-05-05T14:30-07:00,-0.0
2022-05-05T14:45-07:00,-0.0
2022-05-05T15:00-07:00,-0.0
2022-05-05T15:15-07:00,-0.0
2022-05-05T15:30-07:00,-0.0
2022-05-05T15:45-07:00,-0.0
2022-05-05T16:00-07:00,-0.0
2022-05-05T16:15-07:00,-0.0
2022-05-05T16:30-07:00,-0.0
2022-05-05T16:45-07:00,-0.0
2022-05-05T17:00-07:00,-0.0
2022-05-05T17:15-07:00,-0.0
2022-05-05T17:30-07:00,-0.0
2022-05-05T17:45-07:00,-0.0
2022-05-05T18:00-07:00,-0.0
2022-05-05T18:15-07:00,-0.0
2022-05-05T18:30-07:00,-0.0
2022-05-05T18:45-07:00,-0.0
2022-05-05T19:00-07:00,-0.0
2022-05-05T19:15-07:00,-0.0
2022-05-05T19:30-07:00,-0.0
2022-05-05T19:45-07:00,-0.0
2022-05-05T20:00-07:00,-0.0
2022-05-05T20:15-07:00,-0.0
2022-05-05T20:30-07:00,-0.0
2022-05-05T20:45-07:00,-0.0
2022-05-05T21:00-07:00,-0.0
2022-05-05T21:15-07:00,-0.0
2022-05-05T21:30-07:00,-0.0
2022-05-05T21:45-07:00,-0.0
2022-05-05T22:00-07:00,-0.0
2022-05-05T22:15-07:00,-0.0
2022-05-05T22:30-07:00,-0.0
2022-05-05T22:45-07:00,-0.0
2022-05-05T23:00-07:00,-0.0
2022-05-05T23:15-07:00,-0.0
2022-05-05T23:30-07:00,-0.0
2022-05-05T23:45-07:00,-0.0
2022-05-06T00:00-07:00,-0.0
2022-05-06T00:15-07:00,-0.0
2022-05-06T00:30-07:00,-0.0
2022-05-06T00:45-07:00,-0.0
2022-05-06T01:00-07:00,-0.0
2022-05-06T01:15-07:00,-0.0
2022-05-06T01:30-07:00,-0.0
2022-05-06T01:45-07:00,-0.0
2022-05-06T02:00-07:00,-0.0
2022-05-06T02:15-07:00,-0.0
2022-05-06T02:30-07:00,-0.0
2022-05-06T02:45-07:00,-0.0
2022-05-06T03:00-07:00,-0.0
2022-05-06T03:15-07:00,-0.0
2022-05-06T03:30-07:00,-0.0
2022-05-06T03:45-07:00,-0.0
2022-05-06T04:00-07:00,-0.0
2022-05-06T04:15-07:00,-0.0
2022-05-06T04:30-07:00,-0.0
2022-05-06T04:45-07:00,-0.0
2022-05-06T05:00-07:00,-0.0
2022-05-06T05:15-07:00,-0.0
2022-05-06T05:30-07:00,-0.0
2022-05-06T05:45-07:00,-0.0
2022-05-06T06:00-07:00,-0.0
2022-05-06T06:15-07:00,-0.0
2022-05-06T06:30-07:00,-0.0
2022-05-06T06:45-07:00,-0.0
2022-05-06T07:00-07:00,-0.0
2022-05-06T07:15-07:00,-0.0
2022-05-06T07:30-07:00,-0.0
2022-05-06T07:45-07:00,-0.0
2022-05-06T08:00-07:00,-0.0
2022-05-06T08:15-07:00,-0.0
2022-05-06T08:30-07:00,-0.0
2022-05-06T08:45-07:00,-0.0
2022-05-06T09:00-07:00,-0.0
2022-05-06T09:15-07:00,-0.0
2022-05-06T09:30-07:00,-0.0
2022-05-06T09:45-07:00,-0.0
2022-05-06T10:00-07:00,-0.0
2022-05-06T10:15-07:00,-0.0
2022-05-06T10:30-07:00,-0.0
2022-05-06T10:45-07:00,-0.0
2022-05-06T11:00-07:00,-0.0
2022-05-06T11:15-07:00,-0.0
2022-05-06T11:30-07:00,-0.0
2022-05-06T11:45-07:00,-0.0
2022-05-06T12:00-07:00,-0.0
2022-05-06T12:15-07:00,-0.0
2022-05-06T12:30-07:00,-0.0
2022-05-06T12:45-07:00,-0.0
2022-05-06T13:00-07:00,-0.0
2022-05-06T13:15-07:00,-0.0
2022-05-06T13:30-07:00,-0.0
2022-05-06T13:45-07:00,-0.0
2022-05-06T14:00-07:00,-0.0
2022-05-06T14:15-07:00,-0.0
2022-05-06T14:30-07:00,-0.0
2022-05-06T14:45-07:00,-0.0
2022-05-06T15:00-07:00,-0.0
2022-05-06T15:15-07:00,-0.0
2022-05-06T15:30-07:00,-0.0
2022-05-06T15:45-07:00,-0.0
2022-05-06T16:00-07:00,-0.0
2022-05-06T16:15-07:00,-0.0
2022-05-06T16:30-07:00,-0.0
2022-05-06T16:45-07:00,-0.0
2022-05-06T17:00-07:00,-0.0
2022-05-06T17:15-07:00,-0.0
2022-05-06T17:30-07:00,-0.0
2022-05-06T17:45-07:00,-0.0
2022-05-06T18:00-07:00,-0.0
2022-05-06T18:15-07:00,-0.0
2022-05-06T18:30-07:00,-0.0
2022-05-06T18:45-07:00,-0.0
2022-05-06T19:00-07:00,-0.0
2022-05-06T19:15-07:00,-0.0
2022-05-06T19:30-07:00,-0.0
2022-05-06T19:45-07:00,-0.0
2022-05-06T20:00-07:00,-0.0
2022-05-06T20:15-07:00,-0.0
2022-05-06T20:30-07:00,-0.0
2022-05-06T20:45-07:00,-0.0
2022-05-06T21:00-07:00,-0.0
2022-05-06T21:15-07:00,-0.0
2022-05-06T21:30-07:00,-0.0
2022-05-06T21:45-07:00,-0.0
2022-05-06T22:00-07:00,-0.0
2022-05-06T22:15-07:00,-0.0
2022-05-06T22:30-07:00,-0.0
2022-05-06T22:45-07:00,-0.0
2022-05-06T23:00-07:00,-0.0
2022-05-06T23:15-07:00,-0.0
2022-05-06T23:30-07:00,-0.0
2022-05-06T23:45-07:00,-0.0
2022-05-07T00:00-07:00,-0.0
2022-05-07T00:15-07:00,-0.0
2022-05-07T00:30-07:00,-0.0
2022-05-07T00:45-07:00,-0.0
2022-05-07T01:00-07:00,-0.0
2022-05-07T01:15-07:00,-0.0
2022-05-07T01:30-07:00,-0.0
2022-05-07T01:45-07:00,-0.0
2022-05-07T02:00-07:00,-0.0
2022-05-07T02:15-07:00,-0.0
2022-05-07T02:30-07:00,-0.0
2022-05-07T02:45-07:00,-0.0
2022-05-07T03:00-07:00,-0.0
2022-05-07T03:15-07:00,-0.0
2022-05-07T03:30-07:00,-0.0
2022-05-07T03:45-07:00,-0.0
2022-05-07T04:00-07:00,-0.0
2022-05-07T04:15-07:00,-0.0
2022-05-07T04:30-07:00,-0.0
2022-05-07T04:45-07:00,-0.0
2022-05-07T05:00-07:00,-0.0
2022-05-07T05:15-07:00,-0.0
2022-05-07T05:30-07:00,-0.0
2022-05-07T05:45-07:00,-0.0
2022-05-07T06:00-07:00,-0.0
2022-05-07T06:15-07:00,-0.0
2022-05-07T06:30-07:00,-0.0
2022-05-07T06:45-07:00,-0.0
2022-05-07T07:00-07:00,-0.0
2022-05-07T07:15-07:00,-0.0
2022-05-07T07:30-07:00,-0.0
2022-05-07T07:45-07:00,-0.0
2022-05-07T08:00-07:00,-0.0
2022-05-07T08:15-07:00,-0.0
2022-05-07T08:30-07:00,-0.0
2022-05-07T08:45-07:00,-0.0
2022-05-07T09:00-07:00,-0.0
2022-05-07T09:15-07:00,-0.0
2022-05-07T09:30-07:00,-0.0
2022-05-07T09:45-07:00,-0.0
2022-05-07T10:00-07:00,-0.0
2022-05-07T10:15-07:00,-0.0
2022-05-07T10:30-07:00,-0.0
2022-05-07T10:45-07:00,-0.0
2022-05-07T11:00-07:00,-0.0
2022-05-07T11:15-07:00,-0.0
2022-05-07T11:30-07:00,-0.0
2022-05-07T11:45-07:00,-0.0
2022-05-07T12:00-07:00,-0.0
2022-05-07T12:15-07:00,-0.0
2022-05-07T12:30-07:00,-0.0
2022-05-07T12:45-07:00,-0.0
2022-05-07T13:00-07:00,-0.0
2022-05-07T13:15-07:00,-0.0
2022-05-07T13:30-07:00,-0.0
2022-05-07T13:45-07:00,-0.0
2022-05-07T14:00-07:00,-0.0
2022-05-07T14:15-07:00,-0.0
2022-05-07T14:30-07:00,-0.0
2022-05-07T14:45-07:00,-0.0
2022-05-07T15:00-07:00,-0.0
2022-05-07T15:15-07:00,-0.0
2022-05-07T15:30-07:00,-0.0
2022-05-07T15:45-07:00,-0.0
2022-05-07T16:00-07:00,-0.0
2022-05-07T16:15-07:00,-0.0
2022-05-07T16:30-07:00,-0.0
2022-05-07T16:45-07:00,-0.0
2022-05-07T17:00-07:00,-0.0
2022-05-07T17:15-07:00,-0.0
2022-05-07T17:30-07:00,-0.0
2022-05-07T17:45-07:00,-0.0
2022-05-07T18:00-07:00,-0.0
2022-05-07T18:15-07:00,-0.0
2022-05-07T18:30-07:00,-0.0
2022-05-07T18:45-07:00,-0.0
2022-05-07T19:00-07:00,-0.0
2022-05-07T19:15-07:00,-0.0
2022-05-07T19:30-07:00,-0.0
2022-05-07T19:45-07:00,-0.0
2022-05-07T20:00-07:00,-0.0
2022-05-07T20:15-07:00,-0.0
2022-05-07T20:30-07:00,-0.0
2022-05-07T20:45-07:00,-0.0
2022-05-07T21:00-07:00,-0.0
2022-05-07T21:15-07:00,-0.0
2022-05-07T21:30-07:00,-0.0
2022-05-07T21:45-07:00,-0.0
2022-05-07T22:00-07:00,-0.0
2022-05-07T22:15-07:00,-0.0
2022-05-07T22:30-07:00,-0.0
2022-05-07T22:45-07:00,-0.0
2022-05-07T23:00-07:00,-0.0
2022-05-07T23:15-07:00,-0.0
2022-05-07T23:30-07:00,-0.0
2022-05-07T23:45-07:00,-0.0
2022-05-08T00:00-07:00,-0.0
2022-05-08T00:15-07:00,0.6256800870511487
2022-05-08T00:30-07:00,0.6664853101197016
2022-05-08T00:45-07:00,0.69359445124439
2022-05-08T01:00-07:00,0.6659418320195768
2022-05-08T01:15-07:00,0.6238980062389863
2022-05-08T01:30-07:00,0.6512006512006512
2022-05-08T01:45-07:00,0.6512006512006512
2022-05-08T02:00-07:00,0.6541291905151267
2022-05-08T02:15-07:00,0.6398910823689522
2022-05-08T02:30-07:00,0.6267029972752106
2022-05-08T02:45-07:00,0.6259355014287721
2022-05-08T03:00-07:00,0.6667573819567351
2022-05-08T03:15-07:00,0.6530612244897959
2022-05-08T03:30-07:00,0.6799020940984436
2022-05-08T03:45-07:00,0.6799020940984436
2022-05-08T04:00-07:00,0
2022-05-08T04:15-07:00,0.6519967400162999
2022-05-08T04:30-07:00,0.7201086956521677
2022-05-08T04:45-07:00,0.6656704252139717
2022-05-08T05:00-07:00,0.6651282747387058
2022-05-08T05:15-07:00,0.6796248470844032
2022-05-08T05:30-07:00,0.6799020940984436
2022-05-08T05:45-07:00,0.6801795674057889
2022-05-08T06:00-07:00,0.6519967400162999
2022-05-08T06:15-07:00,0.6651282747387058
2022-05-08T06:30-07:00,0.7331975560081466
2022-05-08T06:45-07:00,0.6517311608961304
2022-05-08T07:00-07:00,0.6662134602311415
2022-05-08T07:15-07:00,0.6659418320195768
2022-05-08T07:30-07:00,0.6659418320195768
2022-05-08T07:45-07:00,0.65439672801636
2022-05-08T08:00-07:00,0.6259355014287721
2022-05-08T08:15-07:00,0.6799020940984436
2022-05-08T08:30-07:00,0.718644067796604
2022-05-08T08:45-07:00,0.6664853101197016
2022-05-08T09:00-07:00,0.6810133478616118
2022-05-08T09:15-07:00,0.6251698831204193
2022-05-08T09:30-07:00,0.6659418320195768
2022-05-08T09:45-07:00,0.6388473562593386
2022-05-08T10:00-07:00,0.6662134602311415
2022-05-08T10:15-07:00,0.6372881355932142
2022-05-08T10:30-07:00,0.650142218610321
2022-05-08T10:45-07:00,0.6367700853542818
2022-05-08T11:00-07:00,0.6362528766752341
2022-05-08T11:15-07:00,0.6640466187830392
2022-05-08T11:30-07:00,0.6259355014287721
2022-05-08T11:45-07:00,0.6509357200976403
2022-05-08T12:00-07:00,0.6362528766752341
2022-05-08T12:15-07:00,0.6944444444444444
2022-05-08T12:30-07:00,0.6656704252139717
2022-05-08T12:45-07:00,0.6648575305291785
2022-05-08T13:00-07:00,0.6648575305291785
2022-05-08T13:15-07:00,0.6921824104234527
2022-05-08T13:30-07:00,0.6509357200976403
2022-05-08T13:45-07:00,0.6506710044733631
2022-05-08T14:00-07:00,0.6246605105920757
2022-05-08T14:15-07:00,0.6391079684525366
2022-05-08T14:30-07:00,0.6662134602311415
2022-05-08T14:45-07:00,0.6525285481239804
2022-05-08T15:00-07:00,0.6124948958758677
2022-05-08T15:15-07:00,0.6244061354689895
2022-05-08T15:30-07:00,0.6249150930580146
2022-05-08T15:45-07:00,0.6112469437652812
2022-05-08T16:00-07:00,0.6122448979591837
2022-05-08T16:15-07:00,0.5970959424616575
2022-05-08T16:30-07:00,0.5961251862891145
2022-05-08T16:45-07:00,0.677966101694909
2022-05-08T17:00-07:00,0.6241519674355558
2022-05-08T17:15-07:00,0.6102522375915378
2022-05-08T17:30-07:00,0.6238980062389863
2022-05-08T17:45-07:00,0.6112469437652812
2022-05-08T18:00-07:00,0.6261911244214601
2022-05-08T18:15-07:00,0.6675749318801152
2022-05-08T18:30-07:00,0.6385869565217329
2022-05-08T18:45-07:00,0.5980698654342741
2022-05-08T19:00-07:00,0.6238980062389863
2022-05-08T19:15-07:00,0.6554690700532568
2022-05-08T19:30-07:00,0.5978260869565155
2022-05-08T19:45-07:00,0.6385869565217329
2022-05-08T20:00-07:00,0.6022447303586032
2022-05-08T20:15-07:00,0.6774149844194491
2022-05-08T20:30-07:00,0.6643167028199628
2022-05-08T20:45-07:00,0.6768647624204622
2022-05-08T21:00-07:00,0.6790710308298186
2022-05-08T21:15-07:00,0.6525285481239804
2022-05-08T21:30-07:00,0.6793478260869503
2022-05-08T21:45-07:00,0.6246605105920757
2022-05-08T22:00-07:00,0.6538618716796076
2022-05-08T22:15-07:00,0.6414630817524163
2022-05-08T22:30-07:00,0.6117455138662317
2022-05-08T22:45-07:00,0.6514657980456026
2022-05-08T23:00-07:00,0.6102522375915378
2022-05-08T23:15-07:00,0.6496142915144133
2022-05-08T23:30-07:00,0.6496142915144133
2022-05-08T23:45-07:00,0.6787944610371918
2022-05-09T00:00-07:00,0.6659418320195768
2022-05-09T00:15-07:00,0.6509357200976403
2022-05-09T00:30-07:00,0.6512006512006512
2022-05-09T00:45-07:00,0.6367700853542818
2022-05-09T01:00-07:00,0.6496142915144133
2022-05-09T01:15-07:00,0.6656704252139717
2022-05-09T01:30-07:00,0.5839217816404191
2022-05-09T01:45-07:00,0.6785181164337025
2022-05-09T02:00-07:00,0.6401525469899148
2022-05-09T02:15-07:00,0.6554690700532568
2022-05-09T02:30-07:00,0.6414630817524163
2022-05-09T02:45-07:00,0.6417258328782024
2022-05-09T03:00-07:00,0.6419887993443456
2022-05-09T03:15-07:00,0.6134969325153374
2022-05-09T03:30-07:00,0.613747954173486
2022-05-09T03:45-07:00,0.65439672801636
2022-05-09T04:00-07:00,0.6409382244647421
2022-05-09T04:15-07:00,0.6264469562849034
2022-05-09T04:30-07:00,0.6231373611487464
2022-05-09T04:45-07:00,0.637029005150441
2022-05-09T05:00-07:00,0.6241519674355558
2022-05-09T05:15-07:00,0.6375474769397659
2022-05-09T05:30-07:00,0.6509357200976403
2022-05-09T05:45-07:00,0.6119951040391677
2022-05-09T06:00-07:00,0.6228842247799655
2022-05-09T06:15-07:00,0.6241519674355558
2022-05-09T06:30-07:00,0.6249150930580146
2022-05-09T06:45-07:00,0.6541291905151267
2022-05-09T07:00-07:00,0.638326768980029
2022-05-09T07:15-07:00,0.6228842247799655
2022-05-09T07:30-07:00,0.6259355014287721
2022-05-09T07:45-07:00,0.6525285481239804
2022-05-09T08:00-07:00,0.6357365075070951
2022-05-09T08:15-07:00,0.5949161709031847
2022-05-09T08:30-07:00,0.6519967400162999
2022-05-09T08:45-07:00,0.6109979633401222
2022-05-09T09:00-07:00,0.6100040666937779
2022-05-09T09:15-07:00,0.5968529571350996
2022-05-09T09:30-07:00,0.6629684751725133
2022-05-09T09:45-07:00,0.6112469437652812
2022-05-09T10:00-07:00,0.6485610052695582
2022-05-09T10:15-07:00,0.625424881033317
2022-05-09T10:30-07:00,0.6092607636068237
2022-05-09T10:45-07:00,0.6221260481471526
2022-05-09T11:00-07:00,0.6085192697768763
2022-05-09T11:15-07:00,0.6238980062389863
2022-05-09T11:30-07:00,0.6498781478472786
2022-05-09T11:45-07:00,0.6241519674355558
2022-05-09T12:00-07:00,0.5436259853221046
2022-05-09T12:15-07:00,0.6274723775746891
2022-05-09T12:30-07:00,0.6522625356706074
2022-05-09T12:45-07:00,0.6525285481239804
2022-05-09T13:00-07:00,0.6114961271911945
2022-05-09T13:15-07:00,0.6251698831204193
2022-05-09T13:30-07:00,0.6251698831204193
2022-05-09T13:45-07:00,0.6670296760141636
2022-05-09T14:00-07:00,0.6396298312465915
2022-05-09T14:15-07:00,0.65439672801636
2022-05-09T14:30-07:00,0.6365113759479895
2022-05-09T14:45-07:00,0.6134969325153374
2022-05-09T15:00-07:00,0.5875119551851409
2022-05-09T15:15-07:00,0.60150375939849
2022-05-09T15:30-07:00,0.584397934221262
2022-05-09T15:45-07:00,0.613747954173486
2022-05-09T16:00-07:00,0.5591163234692423
2022-05-09T16:15-07:00,0.5725971370143149
2022-05-09T16:30-07:00,0.584397934221262
2022-05-09T16:45-07:00,0.5733005733005733
2022-05-09T17:00-07:00,0.6007646095029976
2022-05-09T17:15-07:00,0.6127450980392157
2022-05-09T17:30-07:00,0.627215707662946
2022-05-09T17:45-07:00,0.5733005733005733
2022-05-09T18:00-07:00,0.5867903930131066
2022-05-09T18:15-07:00,0.5737704918032787
2022-05-09T18:30-07:00,0.5997818974918149
2022-05-09T18:45-07:00,0.6398910823689522
2022-05-09T19:00-07:00,0.60150375939849
2022-05-09T19:15-07:00,0.5853525728287565
2022-05-09T19:30-07:00,0.6007646095029976
2022-05-09T19:45-07:00,0.6157635467980296
2022-05-09T20:00-07:00,0.5882352941176533
2022-05-09T20:15-07:00,0.5884768030655598
2022-05-09T20:30-07:00,0.5875119551851409
2022-05-09T20:45-07:00,0.5588876772082817
2022-05-09T21:00-07:00,0.5870307167235558
2022-05-09T21:15-07:00,0.6132461161079313
2022-05-09T21:30-07:00,0.5595741776989156
2022-05-09T21:45-07:00,0.5586592178770887
2022-05-09T22:00-07:00,0.6155108740254411
2022-05-09T22:15-07:00,0.5877528704210013
2022-05-09T22:30-07:00,0.6155108740254411
2022-05-09T22:45-07:00,0.6145022531749283
2022-05-09T23:00-07:00,0.6142506142506142
2022-05-09T23:15-07:00,0.6385869565217329
2022-05-09T23:30-07:00,0.6401525469899148
2022-05-09T23:45-07:00,0.584874863982596
2022-05-10T00:00-07:00,0.6519967400162999
2022-05-10T00:15-07:00,0.65439672801636
2022-05-10T00:30-07:00,0.6398910823689522
2022-05-10T00:45-07:00,0.6388473562593386
2022-05-10T01:00-07:00,0.6269592476489091
2022-05-10T01:15-07:00,0.6398910823689522
2022-05-10T01:30-07:00,0.6256800870511487
2022-05-10T01:45-07:00,0.6114961271911945
2022-05-10T02:00-07:00,0.6388473562593386
2022-05-10T02:15-07:00,0.6267029972752106
2022-05-10T02:30-07:00,0.5995367216241932
2022-05-10T02:45-07:00,0.6401525469899148
2022-05-10T03:00-07:00,0.6810133478616118
2022-05-10T03:15-07:00,0.6404142253712978
2022-05-10T03:30-07:00,0.5997818974918149
2022-05-10T03:45-07:00,0.6274723775746891
2022-05-10T04:00-07:00,0.6002728512960375
2022-05-10T04:15-07:00,0.6422519814156811
2022-05-10T04:30-07:00,0.6705898453537766
2022-05-10T04:45-07:00,0.6711409395973217
2022-05-10T05:00-07:00,0.6565449322938038
2022-05-10T05:15-07:00,0.5737704918032787
2022-05-10T05:30-07:00,0.6557377049180327
2022-05-10T05:45-07:00,0.6010107908755572
2022-05-10T06:00-07:00,0.6681210799018333
2022-05-10T06:15-07:00,0.6412005457025859
2022-05-10T06:30-07:00,0.6552006552006552
2022-05-10T06:45-07:00,0.6267029972752106
2022-05-10T07:00-07:00,0.6269592476489091
2022-05-10T07:15-07:00,0.6277292576419277
2022-05-10T07:30-07:00,0.6535947712418301
2022-05-10T07:45-07:00,0.6670296760141636
2022-05-10T08:00-07:00,0.6530612244897959
2022-05-10T08:15-07:00,0.7070020394289661
2022-05-10T08:30-07:00,0.6656704252139717
2022-05-10T08:45-07:00,0.6799020940984436
2022-05-10T09:00-07:00,0.6527947776417788
2022-05-10T09:15-07:00,0.625424881033317
2022-05-10T09:30-07:00,0.6256800870511487
2022-05-10T09:45-07:00,0.6249150930580146
2022-05-10T10:00-07:00,0.6119951040391677
2022-05-10T10:15-07:00,0.6799020940984436
2022-05-10T10:30-07:00,0.6525285481239804
2022-05-10T10:45-07:00,0.6659418320195768
2022-05-10T11:00-07:00,0.6385869565217329
2022-05-10T11:15-07:00,0.6514657980456026
2022-05-10T11:30-07:00,0.6519967400162999
2022-05-10T11:45-07:00,0.707579262484698
2022-05-10T12:00-07:00,0.6670296760141636
2022-05-10T12:15-07:00,0.6651282747387058
2022-05-10T12:30-07:00,0.6648575305291785
2022-05-10T12:45-07:00,0.6519967400162999
2022-05-10T13:00-07:00,0.6651282747387058
2022-05-10T13:15-07:00,0.6643167028199628
2022-05-10T13:30-07:00,0.65439672801636
2022-05-10T13:45-07:00,0.6398910823689522
2022-05-10T14:00-07:00,0.6530612244897959
2022-05-10T14:15-07:00,0.6662134602311415
2022-05-10T14:30-07:00,0.6662134602311415
2022-05-10T14:45-07:00,0.6259355014287721
2022-05-10T15:00-07:00,0.6127450980392157
2022-05-10T15:15-07:00,0.6246605105920757
2022-05-10T15:30-07:00,0.6388473562593386
2022-05-10T15:45-07:00,0.6519967400162999
2022-05-10T16:00-07:00,0.5853525728287565
2022-05-10T16:15-07:00,0.6139991813344249
2022-05-10T16:30-07:00,0.625424881033317
2022-05-10T16:45-07:00,0.5978260869565155
2022-05-10T17:00-07:00,0.584397934221262
2022-05-10T17:15-07:00,0.6017505470459455
2022-05-10T17:30-07:00,0.6150061500615006
2022-05-10T17:45-07:00,0.6145022531749283
2022-05-10T18:00-07:00,0.5884768030655598
2022-05-10T18:15-07:00,0.5742411812961444
2022-05-10T18:30-07:00,0.6279863481228731
2022-05-10T18:45-07:00,0.5867903930131066
2022-05-10T19:00-07:00,0.6145022531749283
2022-05-10T19:15-07:00,0.6019975372827958
2022-05-10T19:30-07:00,0.6117455138662317
2022-05-10T19:45-07:00,0.5889604163813239
2022-05-10T20:00-07:00,0.60150375939849
2022-05-10T20:15-07:00,0.603235536057027
2022-05-10T20:30-07:00,0.60150375939849
2022-05-10T20:45-07:00,0.5728314238952537
2022-05-10T21:00-07:00,0.6396298312465915
2022-05-10T21:15-07:00,0.6287588846364196
2022-05-10T21:30-07:00,0.6010107908755572
2022-05-10T21:45-07:00,0.6279863481228731
2022-05-10T22:00-07:00,0.6259355014287721
2022-05-10T22:15-07:00,0.6267029972752106
2022-05-10T22:30-07:00,0.6541291905151267
2022-05-10T22:45-07:00,0.5983138428066296
2022-05-10T23:00-07:00,0.6667573819567351
2022-05-10T23:15-07:00,0.6673021925643532
2022-05-10T23:30-07:00,0.6670296760141636
2022-05-10T23:45-07:00,0.6251698831204193
2022-05-11T00:00-07:00,0.6662134602311415
2022-05-11T00:15-07:00,0.6840881105486324
2022-05-11T00:30-07:00,0.6697648988518379
2022-05-11T00:45-07:00,0.6145022531749283
2022-05-11T01:00-07:00,0.6162695152013147
2022-05-11T01:15-07:00,0.6446303662049039
2022-05-11T01:30-07:00,0.6029875291215505
2022-05-11T01:45-07:00,0.6160164271047228
2022-05-11T02:00-07:00,0.6427789934354423
2022-05-11T02:15-07:00,0.669490367536555
2022-05-11T02:30-07:00,0.6570841889117043
2022-05-11T02:45-07:00,0.6295333242096682
2022-05-11T03:00-07:00,0.629791894852142
2022-05-11T03:15-07:00,0.6430428239157141
2022-05-11T03:30-07:00,0.6708652792990205
2022-05-11T03:45-07:00,0.6160164271047228
2022-05-11T04:00-07:00,0.6981519507186859
2022-05-11T04:15-07:00,0.6419887993443456
2022-05-11T04:30-07:00,0.6562756357670222
2022-05-11T04:45-07:00,0.65439672801636
2022-05-11T05:00-07:00,0.6554690700532568
2022-05-11T05:15-07:00,0.65439672801636
2022-05-11T05:30-07:00,0.6409382244647421
2022-05-11T05:45-07:00,0.6535947712418301
2022-05-11T06:00-07:00,0.6530612244897959
2022-05-11T06:15-07:00,0.6568144499178982
2022-05-11T06:30-07:00,0.6398910823689522
2022-05-11T06:45-07:00,0.6546644844517185
2022-05-11T07:00-07:00,0.7098976109215079
2022-05-11T07:15-07:00,0.7096069868995696
2022-05-11T07:30-07:00,0.6681210799018333
2022-05-11T07:45-07:00,0.6961506961506961
2022-05-11T08:00-07:00,0.7090264521407207
2022-05-11T08:15-07:00,0.710479573712262
2022-05-11T08:30-07:00,0.6700396554081834
2022-05-11T08:45-07:00,0.7227601254602419
2022-05-11T09:00-07:00,0.7215793056500959
2022-05-11T09:15-07:00,0.710188473094789
2022-05-11T09:30-07:00,0.6673021925643532
2022-05-11T09:45-07:00,0.6129955046996322
2022-05-11T10:00-07:00,0.6251698831204193
2022-05-11T10:15-07:00,0.6776904310111079
2022-05-11T10:30-07:00,0.7058504140084221
2022-05-11T10:45-07:00,0.6259355014287721
2022-05-11T11:00-07:00,0.65439672801636
2022-05-11T11:15-07:00,0.6244061354689895
2022-05-11T11:30-07:00,0.6787944610371918
2022-05-11T11:45-07:00,0.6924643584521385
2022-05-11T12:00-07:00,0.6648575305291785
2022-05-11T12:15-07:00,0.7052760070527663
2022-05-11T12:30-07:00,0.6807351940095241
2022-05-11T12:45-07:00,0.6375474769397659
2022-05-11T13:00-07:00,0.69359445124439
2022-05-11T13:15-07:00,0.6651282747387058
2022-05-11T13:30-07:00,0.69359445124439
2022-05-11T13:45-07:00,0.6667573819567351
2022-05-11T14:00-07:00,0.7084468664850199
2022-05-11T14:15-07:00,0.6527947776417788
2022-05-11T14:30-07:00,0.7192292034197251
2022-05-11T14:45-07:00,0.6902151847340642
2022-05-11T15:00-07:00,0.6530612244897959
2022-05-11T15:15-07:00,0.6124948958758677
2022-05-11T15:30-07:00,0.6815703380588815
2022-05-11T15:45-07:00,0.6546644844517185
2022-05-11T16:00-07:00,0.6414630817524163
2022-05-11T16:15-07:00,0.6277292576419277
2022-05-11T16:30-07:00,0.5997818974918149
2022-05-11T16:45-07:00,0.5863103354240586
2022-05-11T17:00-07:00,0.6952965235173824
2022-05-11T17:15-07:00,0.6675749318801152
2022-05-11T17:30-07:00,0.6409382244647421
2022-05-11T17:45-07:00,0.6282436492761603
2022-05-11T18:00-07:00,0.6155108740254411
2022-05-11T18:15-07:00,0.6287588846364196
2022-05-11T18:30-07:00,0.6978653530377669
2022-05-11T18:45-07:00,0.6422519814156811
2022-05-11T19:00-07:00,0.6807351940095241
2022-05-11T19:15-07:00,0.6162695152013147
2022-05-11T19:30-07:00,0.6815703380588815
2022-05-11T19:45-07:00,0.6414630817524163
2022-05-11T20:00-07:00,0.6541291905151267
2022-05-11T20:15-07:00,0.6570841889117043
2022-05-11T20:30-07:00,0.6290168193627849
2022-05-11T20:45-07:00,0.6664853101197016
2022-05-11T21:00-07:00,0.6414630817524163
2022-05-11T21:15-07:00,0.6290168193627849
2022-05-11T21:30-07:00,0.6570841889117043
2022-05-11T21:45-07:00,0.6290168193627849
2022-05-11T22:00-07:00,0.6279863481228731
2022-05-11T22:15-07:00,0.6300506779893228
2022-05-11T22:30-07:00,0.6287588846364196
2022-05-11T22:45-07:00,0.6145022531749283
2022-05-11T23:00-07:00,0.6282436492761603
2022-05-11T23:15-07:00,0.6659418320195768
2022-05-11T23:30-07:00,0.6385869565217329
2022-05-11T23:45-07:00,0.6533278889342589
2022-05-12T00:00-07:00,0.7064257573699287
2022-05-12T00:15-07:00,0.6404142253712978
2022-05-12T00:30-07:00,0.6810133478616118
2022-05-12T00:45-07:00,0.6664853101197016
2022-05-12T01:00-07:00,0.6804572672836083
2022-05-12T01:15-07:00,0.6112469437652812
2022-05-12T01:30-07:00,0.6801795674057889
2022-05-12T01:45-07:00,0.6933115823817292
2022-05-12T02:00-07:00,0.6522625356706074
2022-05-12T02:15-07:00,0.6552006552006552
2022-05-12T02:30-07:00,0.6160164271047228
2022-05-12T02:45-07:00,0.6807351940095241
2022-05-12T03:00-07:00,0.6127450980392157
2022-05-12T03:15-07:00,0.6675749318801152
2022-05-12T03:30-07:00,0.613747954173486
2022-05-12T03:45-07:00,0.6686681222707486
2022-05-12T04:00-07:00,0.6005186297256659
2022-05-12T04:15-07:00,0.629791894852142
2022-05-12T04:30-07:00,0.6818491749624921
2022-05-12T04:45-07:00,0.6826870562534072
2022-05-12T05:00-07:00,0.6422519814156811
2022-05-12T05:15-07:00,0.6681210799018333
2022-05-12T05:30-07:00,0.6697648988518379
2022-05-12T05:45-07:00,0.6793478260869503
2022-05-12T06:00-07:00,0.7201086956521677
2022-05-12T06:15-07:00,0.6541291905151267
2022-05-12T06:30-07:00,0.6950122649223222
2022-05-12T06:45-07:00,0.6689419795221906
2022-05-12T07:00-07:00,0.6796248470844032
2022-05-12T07:15-07:00,0.6826870562534072
2022-05-12T07:30-07:00,0.7248358862144357
2022-05-12T07:45-07:00,0.7072905331882543
2022-05-12T08:00-07:00,0.6804572672836083
2022-05-12T08:15-07:00,0.6793478260869503
2022-05-12T08:30-07:00,0.6824075337791666
2022-05-12T08:45-07:00,0.7215793056500959
2022-05-12T09:00-07:00,0.7090264521407207
2022-05-12T09:15-07:00,0.6958657388456816
2022-05-12T09:30-07:00,0.7227601254602419
2022-05-12T09:45-07:00,0.6824075337791666
2022-05-12T10:00-07:00,0.6924643584521385
2022-05-12T10:15-07:00,0.69416088199265
2022-05-12T10:30-07:00,0.6522625356706074
2022-05-12T10:45-07:00,0.6782419967444322
2022-05-12T11:00-07:00,0.6916192026037429
2022-05-12T11:15-07:00,0.707579262484698
2022-05-12T11:30-07:00,0.6651282747387058
2022-05-12T11:45-07:00,0.6796248470844032
2022-05-12T12:00-07:00,0.6933115823817292
2022-05-12T12:15-07:00,0.6670296760141636
2022-05-12T12:30-07:00,0.6933115823817292
2022-05-12T12:45-07:00,0.6815703380588815
2022-05-12T13:00-07:00,0.6933115823817292
2022-05-12T13:15-07:00,0.6952965235173824
2022-05-12T13:30-07:00,0.6818491749624921
2022-05-12T13:45-07:00,0.7224645583424147
2022-05-12T14:00-07:00,0.6274723775746891
2022-05-12T14:15-07:00,0.6675749318801152
2022-05-12T14:30-07:00,0.6560065600656007
2022-05-12T14:45-07:00,0.6938775510204082
2022-05-12T15:00-07:00,0.6664853101197016
2022-05-12T15:15-07:00,0.6409382244647421
2022-05-12T15:30-07:00,0.6826870562534072
2022-05-12T15:45-07:00,0.6697648988518379
2022-05-12T16:00-07:00,0.669490367536555
2022-05-12T16:15-07:00,0.6145022531749283
2022-05-12T16:30-07:00,0.6127450980392157
2022-05-12T16:45-07:00,0.5853525728287565
2022-05-12T17:00-07:00,0.6129955046996322
2022-05-12T17:15-07:00,0.6139991813344249
2022-05-12T17:30-07:00,0.6438356164383499
2022-05-12T17:45-07:00,0.6686681222707486
2022-05-12T18:00-07:00,0.6007646095029976
2022-05-12T18:15-07:00,0.5604921394395016
2022-05-12T18:30-07:00,0.5863103354240586
2022-05-12T18:45-07:00,0.6000272739669923
2022-05-12T19:00-07:00,0.6425153793574784
2022-05-12T19:15-07:00,0.5623371279659792
2022-05-12T19:30-07:00,0.6404142253712978
2022-05-12T19:45-07:00,0.6430428239157141
2022-05-12T20:00-07:00,0.6277292576419277
2022-05-12T20:15-07:00,0.5604921394395016
2022-05-12T20:30-07:00,0.5474202819214514
2022-05-12T20:45-07:00,0.6157635467980296
2022-05-12T21:00-07:00,0.6007646095029976
2022-05-12T21:15-07:00,0.5456281544127739
2022-05-12T21:30-07:00,0.6000272739669923
2022-05-12T21:45-07:00,0.5730659025787965
2022-05-12T22:00-07:00,0.6147540983606558
2022-05-12T22:15-07:00,0.6002728512960375
2022-05-12T22:30-07:00,0.5872712373668459
2022-05-12T22:45-07:00,0.6017505470459455
2022-05-12T23:00-07:00,0.5735354362965998
2022-05-12T23:15-07:00,0.5995367216241932
2022-05-12T23:30-07:00,0.5865502659937315
2022-05-12T23:45-07:00,0.5985580193170935
2022-05-13T00:00-07:00,0.597339125712728
2022-05-13T00:15-07:00,0.6269592476489091
2022-05-13T00:30-07:00,0.6132461161079313
2022-05-13T00:45-07:00,0.6246605105920757
2022-05-13T01:00-07:00,0.5711954304365565
2022-05-13T01:15-07:00,0.6519967400162999
2022-05-13T01:30-07:00,0.6244061354689895
2022-05-13T01:45-07:00,0.5730659025787965
2022-05-13T02:00-07:00,0.5863103354240586
2022-05-13T02:15-07:00,0.6533278889342589
2022-05-13T02:30-07:00,0.5853525728287565
2022-05-13T02:45-07:00,0.6114961271911945
2022-05-13T03:00-07:00,0.6241519674355558
2022-05-13T03:15-07:00,0.6264469562849034
2022-05-13T03:30-07:00,0.6525285481239804
2022-05-13T03:45-07:00,0.6127450980392157
2022-05-13T04:00-07:00,0.6261911244214601
2022-05-13T04:15-07:00,0.625424881033317
2022-05-13T04:30-07:00,0.625424881033317
2022-05-13T04:45-07:00,0.6396298312465915
2022-05-13T05:00-07:00,0.6127450980392157
2022-05-13T05:15-07:00,0.6409382244647421
2022-05-13T05:30-07:00,0.5858310626703059
2022-05-13T05:45-07:00,0.6287588846364196
2022-05-13T06:00-07:00,0.5995367216241932
2022-05-13T06:15-07:00,0.5863103354240586
2022-05-13T06:30-07:00,0.6675749318801152
2022-05-13T06:45-07:00,0.6269592476489091
2022-05-13T07:00-07:00,0.6565449322938038
2022-05-13T07:15-07:00,0.6560065600656007
2022-05-13T07:30-07:00,0.6139991813344249
2022-05-13T07:45-07:00,0.6279863481228731
2022-05-13T08:00-07:00,0.6264469562849034
2022-05-13T08:15-07:00,0.6562756357670222
2022-05-13T08:30-07:00,0.6530612244897959
2022-05-13T08:45-07:00,0.6535947712418301
2022-05-13T09:00-07:00,0.6950122649223222
2022-05-13T09:15-07:00,0.6538618716796076
2022-05-13T09:30-07:00,0.6681210799018333
2022-05-13T09:45-07:00,0.5872712373668459
2022-05-13T10:00-07:00,0.69416088199265
2022-05-13T10:15-07:00,0.6681210799018333
2022-05-13T10:30-07:00,0.6422519814156811
2022-05-13T10:45-07:00,0.6147540983606558
2022-05-13T11:00-07:00,0.6000272739669923
2022-05-13T11:15-07:00,0.6412005457025859
2022-05-13T11:30-07:00,0.6412005457025859
2022-05-13T11:45-07:00,0.6005186297256659
2022-05-13T12:00-07:00,0.6700396554081834
2022-05-13T12:15-07:00,0.6509357200976403
2022-05-13T12:30-07:00,0.6362528766752341
2022-05-13T12:45-07:00,0.6231373611487464
2022-05-13T13:00-07:00,0.5985580193170935
2022-05-13T13:15-07:00,0.6653992395437325
2022-05-13T13:30-07:00,0.6380667933749599
2022-05-13T13:45-07:00,0.6246605105920757
2022-05-13T14:00-07:00,0.6385869565217329
2022-05-13T14:15-07:00,0.6771397616467977
2022-05-13T14:30-07:00,0.6509357200976403
2022-05-13T14:45-07:00,0.6525285481239804
2022-05-13T15:00-07:00,0.6244061354689895
2022-05-13T15:15-07:00,0.5855917200054536
2022-05-13T15:30-07:00,0.5978260869565155
2022-05-13T15:45-07:00,0.6005186297256659
2022-05-13T16:00-07:00,0.6799020940984436
2022-05-13T16:15-07:00,0.6519967400162999
2022-05-13T16:30-07:00,0.6267029972752106
2022-05-13T16:45-07:00,0.6401525469899148
2022-05-13T17:00-07:00,0.5733005733005733
2022-05-13T17:15-07:00,0.6285011613608479
2022-05-13T17:30-07:00,0.5887185104052637
2022-05-13T17:45-07:00,0.6285011613608479
2022-05-13T18:00-07:00,0.6150061500615006
2022-05-13T18:15-07:00,0.6162695152013147
2022-05-13T18:30-07:00,0.6127450980392157
2022-05-13T18:45-07:00,0.6396298312465915
2022-05-13T19:00-07:00,0.6170300287947347
2022-05-13T19:15-07:00,0.6427789934354423
2022-05-13T19:30-07:00,0.6134969325153374
2022-05-13T19:45-07:00,0.6129955046996322
2022-05-13T20:00-07:00,0.6422519814156811
2022-05-13T20:15-07:00,0.5598033861277928
2022-05-13T20:30-07:00,0.627215707662946
2022-05-13T20:45-07:00,0.5725971370143149
2022-05-13T21:00-07:00,0.6264469562849034
2022-05-13T21:15-07:00,0.627215707662946
2022-05-13T21:30-07:00,0.6007646095029976
2022-05-13T21:45-07:00,0.6012571740912755
2022-05-13T22:00-07:00,0.5875119551851409
2022-05-13T22:15-07:00,0.6150061500615006
2022-05-13T22:30-07:00,0.5476451259583852
2022-05-13T22:45-07:00,0.5884768030655598
2022-05-13T23:00-07:00,0.5855917200054536
2022-05-13T23:15-07:00,0.5992917461182177
2022-05-13T23:30-07:00,0.6419887993443456
2022-05-13T23:45-07:00,0.5992917461182177
2022-05-14T00:00-07:00,0.5725971370143149
2022-05-14T00:15-07:00,0.6129955046996322
2022-05-14T00:30-07:00,0.5997818974918149
2022-05-14T00:45-07:00,0.5714285714285714
2022-05-14T01:00-07:00,0.6010107908755572
2022-05-14T01:15-07:00,0.5990469707283804
2022-05-14T01:30-07:00,0.6525285481239804
2022-05-14T01:45-07:00,0.5863103354240586
2022-05-14T02:00-07:00,0.5721291377196567
2022-05-14T02:15-07:00,0.5978260869565155
2022-05-14T02:30-07:00,0.6246605105920757
2022-05-14T02:45-07:00,0.5990469707283804
2022-05-14T03:00-07:00,0.625424881033317
2022-05-14T03:15-07:00,0.6391079684525366
2022-05-14T03:30-07:00,0.5875119551851409
2022-05-14T03:45-07:00,0.6002728512960375
2022-05-14T04:00-07:00,0.6019975372827958
2022-05-14T04:15-07:00,0.6292749658002799
2022-05-14T04:30-07:00,0.6155108740254411
2022-05-14T04:45-07:00,0.6565449322938038
2022-05-14T05:00-07:00,0.6162695152013147
2022-05-14T05:15-07:00,0.6145022531749283
2022-05-14T05:30-07:00,0.6012571740912755
2022-05-14T05:45-07:00,0.5867903930131066
2022-05-14T06:00-07:00,0.6675749318801152
2022-05-14T06:15-07:00,0.6406761177753482
2022-05-14T06:30-07:00,0.6552006552006552
2022-05-14T06:45-07:00,0.6412005457025859
2022-05-14T07:00-07:00,0.6667573819567351
2022-05-14T07:15-07:00,0.6952965235173824
2022-05-14T07:30-07:00,0.667847894234707
2022-05-14T07:45-07:00,0.6675749318801152
2022-05-14T08:00-07:00,0.6541291905151267
2022-05-14T08:15-07:00,0.7081574288438031
2022-05-14T08:30-07:00,0.6689419795221906
2022-05-14T08:45-07:00,0.6913379422529483
2022-05-14T09:00-07:00,0.6517311608961304
2022-05-14T09:15-07:00,0.7087365408205051
2022-05-14T09:30-07:00,0.6787944610371918
2022-05-14T09:45-07:00,0.6924643584521385
2022-05-14T10:00-07:00,0.6807351940095241
2022-05-14T10:15-07:00,0.6648575305291785
2022-05-14T10:30-07:00,0.6793478260869503
2022-05-14T10:45-07:00,0.6535947712418301
2022-05-14T11:00-07:00,0.7064257573699287
2022-05-14T11:15-07:00,0.6774149844194491
2022-05-14T11:30-07:00,0.6504065040650406
2022-05-14T11:45-07:00,0.6673021925643532
2022-05-14T12:00-07:00,0.6285011613608479
2022-05-14T12:15-07:00,0.625424881033317
2022-05-14T12:30-07:00,0.6527947776417788
2022-05-14T12:45-07:00,0.6412005457025859
2022-05-14T13:00-07:00,0.701281186783553
2022-05-14T13:15-07:00,0.6385869565217329
2022-05-14T13:30-07:00,0.6659418320195768
2022-05-14T13:45-07:00,0.584874863982596
2022-05-14T14:00-07:00,0.6378070294476801
2022-05-14T14:15-07:00,0.6648575305291785
2022-05-14T14:30-07:00,0.6562756357670222
2022-05-14T14:45-07:00,0.6409382244647421
2022-05-14T15:00-07:00,0.6102522375915378
2022-05-14T15:15-07:00,0.6155108740254411
2022-05-14T15:30-07:00,0.6127450980392157
2022-05-14T15:45-07:00,0.5980698654342741
2022-05-14T16:00-07:00,0.6535947712418301
2022-05-14T16:15-07:00,0.6119951040391677
2022-05-14T16:30-07:00,0.6122448979591837
2022-05-14T16:45-07:00,0.6129955046996322
2022-05-14T17:00-07:00,0.6527947776417788
2022-05-14T17:15-07:00,0.6391079684525366
2022-05-14T17:30-07:00,0.6105006105006106
2022-05-14T17:45-07:00,0.6177924217462932
2022-05-14T18:00-07:00,0.6446303662049039
2022-05-14T18:15-07:00,0.561643835616432
2022-05-14T18:30-07:00,0.6519967400162999
2022-05-14T18:45-07:00,0.6697648988518379
2022-05-14T19:00-07:00,0.6139991813344249
2022-05-14T19:15-07:00,0.6554690700532568
2022-05-14T19:30-07:00,0.6150061500615006
2022-05-14T19:45-07:00,0.6689419795221906
2022-05-14T20:00-07:00,0.6145022531749283
2022-05-14T20:15-07:00,0.6160164271047228
2022-05-14T20:30-07:00,0.6835269993164668
2022-05-14T20:45-07:00,0.630309673883262
2022-05-14T21:00-07:00,0.6152584085315833
2022-05-14T21:15-07:00,0.6419887993443456
2022-05-14T21:30-07:00,0.6419887993443456
2022-05-14T21:45-07:00,0.5877528704210013
2022-05-14T22:00-07:00,0.6269592476489091
2022-05-14T22:15-07:00,0.6002728512960375
2022-05-14T22:30-07:00,0.5882352941176533
2022-05-14T22:45-07:00,0.5875119551851409
2022-05-14T23:00-07:00,0.6562756357670222
2022-05-14T23:15-07:00,0.6409382244647421
2022-05-14T23:30-07:00,0.6267029972752106
2022-05-14T23:45-07:00,0.6172839506172839
2022-05-15T00:00-07:00,0.6170300287947347
2022-05-15T00:15-07:00,0.6152584085315833
2022-05-15T00:30-07:00,0.6274723775746891
2022-05-15T00:45-07:00,0.6261911244214601
2022-05-15T01:00-07:00,0.6012571740912755
2022-05-15T01:15-07:00,0.6310879407326171
2022-05-15T01:30-07:00,0.6305688827964422
2022-05-15T01:45-07:00,0.6165228113440198
2022-05-15T02:00-07:00,0.6570841889117043
2022-05-15T02:15-07:00,0.6012571740912755
2022-05-15T02:30-07:00,0.6549324600900532
2022-05-15T02:45-07:00,0.65439672801636
2022-05-15T03:00-07:00,0.6404142253712978
2022-05-15T03:15-07:00,0.60150375939849
2022-05-15T03:30-07:00,0.6145022531749283
2022-05-15T03:45-07:00,0.6406761177753482
2022-05-15T04:00-07:00,0.6414630817524163
2022-05-15T04:15-07:00,0.6425153793574784
2022-05-15T04:30-07:00,0.6012571740912755
2022-05-15T04:45-07:00,0.6417258328782024
2022-05-15T05:00-07:00,0.6019975372827958
2022-05-15T05:15-07:00,0.6552006552006552
2022-05-15T05:30-07:00,0.6554690700532568
2022-05-15T05:45-07:00,0.6412005457025859
2022-05-15T06:00-07:00,0.6681210799018333
2022-05-15T06:15-07:00,0.6533278889342589
2022-05-15T06:30-07:00,0.6554690700532568
2022-05-15T06:45-07:00,0.6285011613608479
2022-05-15T07:00-07:00,0.6832467887400867
2022-05-15T07:15-07:00,0.6422519814156811
2022-05-15T07:30-07:00,0.6419887993443456
2022-05-15T07:45-07:00,0.6560065600656007
2022-05-15T08:00-07:00,0.6697648988518379
2022-05-15T08:15-07:00,0.6538618716796076
2022-05-15T08:30-07:00,0.6546644844517185
2022-05-15T08:45-07:00,0.6821282401091343
2022-05-15T09:00-07:00,0.6560065600656007
2022-05-15T09:15-07:00,0.667847894234707
2022-05-15T09:30-07:00,0.6670296760141636
2022-05-15T09:45-07:00,0.6673021925643532
2022-05-15T10:00-07:00,0.65439672801636
2022-05-15T10:15-07:00,0.6774149844194491
2022-05-15T10:30-07:00,0.6643167028199628
2022-05-15T10:45-07:00,0.6643167028199628
2022-05-15T11:00-07:00,0.6746727836998994
2022-05-15T11:15-07:00,0.6514657980456026
2022-05-15T11:30-07:00,0.6648575305291785
2022-05-15T11:45-07:00,0.6114961271911945
2022-05-15T12:00-07:00,0.6653992395437325
2022-05-15T12:15-07:00,0.6365113759479895
2022-05-15T12:30-07:00,0.6241519674355558
2022-05-15T12:45-07:00,0.6114961271911945
2022-05-15T13:00-07:00,0.637029005150441
2022-05-15T13:15-07:00,0.6648575305291785
2022-05-15T13:30-07:00,0.5709624796084829
2022-05-15T13:45-07:00,0.6238980062389863
2022-05-15T14:00-07:00,0.5958829902491812
2022-05-15T14:15-07:00,0.6256800870511487
2022-05-15T14:30-07:00,0.6114961271911945
2022-05-15T14:45-07:00,0.6406761177753482
2022-05-15T15:00-07:00,0.5988023952095746
2022-05-15T15:15-07:00,0.5997818974918149
2022-05-15T15:30-07:00,0.6228842247799655
2022-05-15T15:45-07:00,0.609508329947176
2022-05-15T16:00-07:00,0.6100040666937779
2022-05-15T16:15-07:00,0.6241519674355558
2022-05-15T16:30-07:00,0.625424881033317
2022-05-15T16:45-07:00,0.5577472452727458
2022-05-15T17:00-07:00,0.6124948958758677
2022-05-15T17:15-07:00,0.5863103354240586
2022-05-15T17:30-07:00,0.5997818974918149
2022-05-15T17:45-07:00,0.5700325732899023
2022-05-15T18:00-07:00,0.6145022531749283
2022-05-15T18:15-07:00,0.5836839961992732
2022-05-15T18:30-07:00,0.6279863481228731
2022-05-15T18:45-07:00,0.6425153793574784
2022-05-15T19:00-07:00,0.6282436492761603
2022-05-15T19:15-07:00,0.6441003151980204
2022-05-15T19:30-07:00,0.6300506779893228
2022-05-15T19:45-07:00,0.6568144499178982
2022-05-15T20:00-07:00,0.629791894852142
2022-05-15T20:15-07:00,0.6427789934354423
2022-05-15T20:30-07:00,0.6425153793574784
2022-05-15T20:45-07:00,0.6425153793574784
2022-05-15T21:00-07:00,0.6554690700532568
2022-05-15T21:15-07:00,0.6406761177753482
2022-05-15T21:30-07:00,0.6425153793574784
2022-05-15T21:45-07:00,0.6000272739669923
2022-05-15T22:00-07:00,0.5997818974918149
2022-05-15T22:15-07:00,0.5995367216241932
2022-05-15T22:30-07:00,0.6024921265233403
2022-05-15T22:45-07:00,0.6029875291215505
2022-05-15T23:00-07:00,0.6165228113440198
2022-05-15T23:15-07:00,0.6029875291215505
2022-05-15T23:30-07:00,0.5882352941176533
2022-05-15T23:45-07:00,0.5875119551851409
2022-05-16T00:00-07:00,0.5867903930131066
2022-05-16T00:15-07:00,0.6160164271047228
2022-05-16T00:30-07:00,0.6155108740254411
2022-05-16T00:45-07:00,0.6005186297256659
2022-05-16T01:00-07:00,0.6139991813344249
2022-05-16T01:15-07:00,0.6119951040391677
2022-05-16T01:30-07:00,0.6117455138662317
2022-05-16T01:45-07:00,0.5992917461182177
2022-05-16T02:00-07:00,0.5889604163813239
2022-05-16T02:15-07:00,0.5884768030655598
2022-05-16T02:30-07:00,0.5889604163813239
2022-05-16T02:45-07:00,0.6029875291215505
2022-05-16T03:00-07:00,0.6162695152013147
2022-05-16T03:15-07:00,0.5623371279659792
2022-05-16T03:30-07:00,0.6396298312465915
2022-05-16T03:45-07:00,0.6261911244214601
2022-05-16T04:00-07:00,0.5990469707283804
2022-05-16T04:15-07:00,0.6546644844517185
2022-05-16T04:30-07:00,0.6134969325153374
2022-05-16T04:45-07:00,0.6005186297256659
2022-05-16T05:00-07:00,0.6269592476489091
2022-05-16T05:15-07:00,0.6127450980392157
2022-05-16T05:30-07:00,0.5718954248366013
2022-05-16T05:45-07:00,0.6117455138662317
2022-05-16T06:00-07:00,0.5865502659937315
2022-05-16T06:15-07:00,0.6119951040391677
2022-05-16T06:30-07:00,0.5614131178967485
2022-05-16T06:45-07:00,0.5723630417007359
2022-05-16T07:00-07:00,0.6277292576419277
2022-05-16T07:15-07:00,0.5992917461182177
2022-05-16T07:30-07:00,0.6002728512960375
2022-05-16T07:45-07:00,0.5754212905877517
2022-05-16T08:00-07:00,0.597339125712728
2022-05-16T08:15-07:00,0.6412005457025859
2022-05-16T08:30-07:00,0.6546644844517185
2022-05-16T08:45-07:00,0.5997818974918149
2022-05-16T09:00-07:00,0.5839217816404191
2022-05-16T09:15-07:00,0.5995367216241932
2022-05-16T09:30-07:00,0.5846363018354923
2022-05-16T09:45-07:00,0.5983138428066296
2022-05-16T10:00-07:00,0.5988023952095746
2022-05-16T10:15-07:00,0.5841597609020576
2022-05-16T10:30-07:00,0.5698005698005698
2022-05-16T10:45-07:00,0.6637767542671424
2022-05-16T11:00-07:00,0.5691056910569106
2022-05-16T11:15-07:00,0.6092607636068237
2022-05-16T11:30-07:00,0.570264765784114
2022-05-16T11:45-07:00,0.5980698654342741
2022-05-16T12:00-07:00,0.6256800870511487
2022-05-16T12:15-07:00,0.6653992395437325
2022-05-16T12:30-07:00,0.6244061354689895
2022-05-16T12:45-07:00,0.6117455138662317
2022-05-16T13:00-07:00,0.6238980062389863
2022-05-16T13:15-07:00,0.650142218610321
2022-05-16T13:30-07:00,0.5970959424616575
2022-05-16T13:45-07:00,0.6112469437652812
2022-05-16T14:00-07:00,0.6233907033473433
2022-05-16T14:15-07:00,0.5711954304365565
2022-05-16T14:30-07:00,0.6122448979591837
2022-05-16T14:45-07:00,0.6277292576419277
2022-05-16T15:00-07:00,0.6145022531749283
2022-05-16T15:15-07:00,0.6533278889342589
2022-05-16T15:30-07:00,0.5863103354240586
2022-05-16T15:45-07:00,0.547870154773325
2022-05-16T16:00-07:00,0.5968529571350996
2022-05-16T16:15-07:00,0.5985580193170935
2022-05-16T16:30-07:00,0.5584309452465206
2022-05-16T16:45-07:00,0.5851136209008091
2022-05-16T17:00-07:00,0.5853525728287565
2022-05-16T17:15-07:00,0.6134969325153374
2022-05-16T17:30-07:00,0.5602623667668699
2022-05-16T17:45-07:00,0.6005186297256659
2022-05-16T18:00-07:00,0.5704971475142624
2022-05-16T18:15-07:00,0.5609522506498774
2022-05-16T18:30-07:00,0.518842162752588
2022-05-16T18:45-07:00,0.6165228113440198
2022-05-16T19:00-07:00,0.5882352941176533
2022-05-16T19:15-07:00,0.5882352941176533
2022-05-16T19:30-07:00,0.5877528704210013
2022-05-16T19:45-07:00,0.5611825896523343
2022-05-16T20:00-07:00,0.5602623667668699
2022-05-16T20:15-07:00,0.5728314238952537
2022-05-16T20:30-07:00,0.5877528704210013
2022-05-16T20:45-07:00,0.5877528704210013
2022-05-16T21:00-07:00,0.5904160373472533
2022-05-16T21:15-07:00,0.6267029972752106
2022-05-16T21:30-07:00,0.5858310626703059
2022-05-16T21:45-07:00,0.6127450980392157
2022-05-16T22:00-07:00,0.5588876772082817
2022-05-16T22:15-07:00,0.5458515283842857
2022-05-16T22:30-07:00,0.5865502659937315
2022-05-16T22:45-07:00,0.5887185104052637
2022-05-16T23:00-07:00,0.5330053300533005
2022-05-16T23:15-07:00,0.5997818974918149
2022-05-16T23:30-07:00,0.6132461161079313
2022-05-16T23:45-07:00,0.6261911244214601
2022-05-17T00:00-07:00,0.5728314238952537
2022-05-17T00:15-07:00,0.6019975372827958
2022-05-17T00:30-07:00,0.6279863481228731
2022-05-17T00:45-07:00,0.6406761177753482
2022-05-17T01:00-07:00,0.6533278889342589
2022-05-17T01:15-07:00,0.5992917461182177
2022-05-17T01:30-07:00,0.5714285714285714
2022-05-17T01:45-07:00,0.6287588846364196
2022-05-17T02:00-07:00,0.6282436492761603
2022-05-17T02:15-07:00,0.6165228113440198
2022-05-17T02:30-07:00,0.6024921265233403
2022-05-17T02:45-07:00,0.6433068710648719
2022-05-17T03:00-07:00,0.6152584085315833
2022-05-17T03:15-07:00,0.5747126436781609
2022-05-17T03:30-07:00,0.6022447303586032
2022-05-17T03:45-07:00,0.6167763157894737
2022-05-17T04:00-07:00,0.6172839506172839
2022-05-17T04:15-07:00,0.6422519814156811
2022-05-17T04:30-07:00,0.6285011613608479
2022-05-17T04:45-07:00,0.6430428239157141
2022-05-17T05:00-07:00,0.6162695152013147
2022-05-17T05:15-07:00,0.6029875291215505
2022-05-17T05:30-07:00,0.6267029972752106
2022-05-17T05:45-07:00,0.6249150930580146
2022-05-17T06:00-07:00,0.5997818974918149
2022-05-17T06:15-07:00,0.6398910823689522
2022-05-17T06:30-07:00,0.613747954173486
2022-05-17T06:45-07:00,0.5872712373668459
2022-05-17T07:00-07:00,0.6557377049180327
2022-05-17T07:15-07:00,0.6002728512960375
2022-05-17T07:30-07:00,0.6147540983606558
2022-05-17T07:45-07:00,0.5591163234692423
2022-05-17T08:00-07:00,0.627215707662946
2022-05-17T08:15-07:00,0.6152584085315833
2022-05-17T08:30-07:00,0.603235536057027
2022-05-17T08:45-07:00,0.6177924217462932
2022-05-17T09:00-07:00,0.6267029972752106
2022-05-17T09:15-07:00,0.5723630417007359
2022-05-17T09:30-07:00,0.5728314238952537
2022-05-17T09:45-07:00,0.5600327824067688
2022-05-17T10:00-07:00,0.6134969325153374
2022-05-17T10:15-07:00,0.5725971370143149
2022-05-17T10:30-07:00,0.6549324600900532
2022-05-17T10:45-07:00,0.6409382244647421
2022-05-17T11:00-07:00,0.6277292576419277
2022-05-17T11:15-07:00,0.6124948958758677
2022-05-17T11:30-07:00,0.5595741776989156
2022-05-17T11:45-07:00,0.584397934221262
2022-05-17T12:00-07:00,0.5836839961992732
2022-05-17T12:15-07:00,0.5879939833173863
2022-05-17T12:30-07:00,0.5995367216241932
2022-05-17T12:45-07:00,0.6007646095029976
2022-05-17T13:00-07:00,0.5877528704210013
2022-05-17T13:15-07:00,0.5609522506498774
2022-05-17T13:30-07:00,0.5740057400574006
2022-05-17T13:45-07:00,0.5990469707283804
2022-05-17T14:00-07:00,0.6124948958758677
2022-05-17T14:15-07:00,0.584397934221262
2022-05-17T14:30-07:00,0.6238980062389863
2022-05-17T14:45-07:00,0.5303957568339454
2022-05-17T15:00-07:00,0.5990469707283804
2022-05-17T15:15-07:00,0.5865502659937315
2022-05-17T15:30-07:00,0.6385869565217329
2022-05-17T15:45-07:00,0.5442917403728461
2022-05-17T16:00-07:00,0.5730659025787965
2022-05-17T16:15-07:00,0.5853525728287565
2022-05-17T16:30-07:00,0.6269592476489091
2022-05-17T16:45-07:00,0.6821282401091343
2022-05-17T17:00-07:00,0.6251698831204193
2022-05-17T17:15-07:00,0.5988023952095746
2022-05-17T17:30-07:00,0.6249150930580146
2022-05-17T17:45-07:00,0.6292749658002799
2022-05-17T18:00-07:00,0.5600327824067688
2022-05-17T18:15-07:00,0.5365249690466364
2022-05-17T18:30-07:00,0.5107675317504204
2022-05-17T18:45-07:00,0.6264469562849034
2022-05-17T19:00-07:00,0.5607221006564489
2022-05-17T19:15-07:00,0.5602623667668699
2022-05-17T19:30-07:00,0.5733005733005733
2022-05-17T19:45-07:00,0.586070601063111
2022-05-17T20:00-07:00,0.5742411812961444
2022-05-17T20:15-07:00,0.6024921265233403
2022-05-17T20:30-07:00,0.6150061500615006
2022-05-17T20:45-07:00,0.6570841889117043
2022-05-17T21:00-07:00,0.627215707662946
2022-05-17T21:15-07:00,0.6554690700532568
2022-05-17T21:30-07:00,0.6692160611854747
2022-05-17T21:45-07:00,0.6160164271047228
2022-05-17T22:00-07:00,0.6727996704654738
2022-05-17T22:15-07:00,0.657354149548069
2022-05-17T22:30-07:00,0.604229607250749
2022-05-17T22:45-07:00,0.6162695152013147
2022-05-17T23:00-07:00,0.5867903930131066
2022-05-17T23:15-07:00,0.6425153793574784
2022-05-17T23:30-07:00,0.6134969325153374
2022-05-17T23:45-07:00,0.6578947368421053
2022-05-18T00:00-07:00,0.6150061500615006
2022-05-18T00:15-07:00,0.6417258328782024
2022-05-18T00:30-07:00,0.6264469562849034
2022-05-18T00:45-07:00,0.5882352941176533
2022-05-18T01:00-07:00,0.6425153793574784
2022-05-18T01:15-07:00,0.5870307167235558
2022-05-18T01:30-07:00,0.5865502659937315
2022-05-18T01:45-07:00,0.6562756357670222
2022-05-18T02:00-07:00,0.5877528704210013
2022-05-18T02:15-07:00,0.6175380815150268
2022-05-18T02:30-07:00,0.630309673883262
2022-05-18T02:45-07:00,0.6292749658002799
2022-05-18T03:00-07:00,0.6157635467980296
2022-05-18T03:15-07:00,0.6310879407326171
2022-05-18T03:30-07:00,0.5630321340291066
2022-05-18T03:45-07:00,0.6180469715698393
2022-05-18T04:00-07:00,0.6451612903225744
2022-05-18T04:15-07:00,0.6441003151980204
2022-05-18T04:30-07:00,0.6443652316972792
2022-05-18T04:45-07:00,0.6180469715698393
2022-05-18T05:00-07:00,0.6047278724573879
2022-05-18T05:15-07:00,0.630309673883262
2022-05-18T05:30-07:00,0.6427789934354423
2022-05-18T05:45-07:00,0.5780346820809249
2022-05-18T06:00-07:00,0.5997818974918149
2022-05-18T06:15-07:00,0.6305688827964422
2022-05-18T06:30-07:00,0.5884768030655598
2022-05-18T06:45-07:00,0.6177924217462932
2022-05-18T07:00-07:00,0.6139991813344249
2022-05-18T07:15-07:00,0.6287588846364196
2022-05-18T07:30-07:00,0.6165228113440198
2022-05-18T07:45-07:00,0.6446303662049039
2022-05-18T08:00-07:00,0.6587072869493619
2022-05-18T08:15-07:00,0.6274723775746891
2022-05-18T08:30-07:00,0.682966807813134
2022-05-18T08:45-07:00,0.6700396554081834
2022-05-18T09:00-07:00,0.6832467887400867
2022-05-18T09:15-07:00,0.6290168193627849
2022-05-18T09:30-07:00,0.6160164271047228
2022-05-18T09:45-07:00,0.6292749658002799
2022-05-18T10:00-07:00,0.6295333242096682
2022-05-18T10:15-07:00,0.6589785831960461
2022-05-18T10:30-07:00,0.6167763157894737
2022-05-18T10:45-07:00,0.602739726027391
2022-05-18T11:00-07:00,0.6162695152013147
2022-05-18T11:15-07:00,0.6686681222707486
2022-05-18T11:30-07:00,0.6279863481228731
2022-05-18T11:45-07:00,0.6150061500615006
2022-05-18T12:00-07:00,0.6446303662049039
2022-05-18T12:15-07:00,0.6412005457025859
2022-05-18T12:30-07:00,0.6683944891556467
2022-05-18T12:45-07:00,0.625424881033317
2022-05-18T13:00-07:00,0.5970959424616575
2022-05-18T13:15-07:00,0.6522625356706074
2022-05-18T13:30-07:00,0.6241519674355558
2022-05-18T13:45-07:00,0.6244061354689895
2022-05-18T14:00-07:00,0.6417258328782024
2022-05-18T14:15-07:00,0.625424881033317
2022-05-18T14:30-07:00,0.6396298312465915
2022-05-18T14:45-07:00,0.6541291905151267
2022-05-18T15:00-07:00,0.5718954248366013
2022-05-18T15:15-07:00,0.6155108740254411
2022-05-18T15:30-07:00,0.5855917200054536
2022-05-18T15:45-07:00,0.5992917461182177
2022-05-18T16:00-07:00,0.5865502659937315
2022-05-18T16:15-07:00,0.586070601063111
2022-05-18T16:30-07:00,0.5618747430450808
2022-05-18T16:45-07:00,0.604229607250749
2022-05-18T17:00-07:00,0.6170300287947347
2022-05-18T17:15-07:00,0.6256800870511487
2022-05-18T17:30-07:00,0.5851136209008091
2022-05-18T17:45-07:00,0.5777961205117623
2022-05-18T18:00-07:00,0.6039807824296437
2022-05-18T18:15-07:00,0.5894448252227615
2022-05-18T18:30-07:00,0.6007646095029976
2022-05-18T18:45-07:00,0.6417258328782024
2022-05-18T19:00-07:00,0.6139991813344249
2022-05-18T19:15-07:00,0.6282436492761603
2022-05-18T19:30-07:00,0.6290168193627849
2022-05-18T19:45-07:00,0.6425153793574784
2022-05-18T20:00-07:00,0.5877528704210013
2022-05-18T20:15-07:00,0.6285011613608479
2022-05-18T20:30-07:00,0.6425153793574784
2022-05-18T20:45-07:00,0.6417258328782024
2022-05-18T21:00-07:00,0.6134969325153374
2022-05-18T21:15-07:00,0.657354149548069
2022-05-18T21:30-07:00,0.630309673883262
2022-05-18T21:45-07:00,0.5884768030655598
2022-05-18T22:00-07:00,0.6160164271047228
2022-05-18T22:15-07:00,0.6165228113440198
2022-05-18T22:30-07:00,0.6024921265233403
2022-05-18T22:45-07:00,0.6546644844517185
2022-05-18T23:00-07:00,0.629791894852142
2022-05-18T23:15-07:00,0.6145022531749283
2022-05-18T23:30-07:00,0.5870307167235558
2022-05-18T23:45-07:00,0.629791894852142
2022-05-19T00:00-07:00,0.6818491749624921
2022-05-19T00:15-07:00,0.6267029972752106
2022-05-19T00:30-07:00,0.5988023952095746
2022-05-19T00:45-07:00,0.6570841889117043
2022-05-19T01:00-07:00,0.6147540983606558
2022-05-19T01:15-07:00,0.627215707662946
2022-05-19T01:30-07:00,0.6124948958758677
2022-05-19T01:45-07:00,0.5884768030655598
2022-05-19T02:00-07:00,0.6287588846364196
2022-05-19T02:15-07:00,0.629791894852142
2022-05-19T02:30-07:00,0.6292749658002799
2022-05-19T02:45-07:00,0.6152584085315833
2022-05-19T03:00-07:00,0.6295333242096682
2022-05-19T03:15-07:00,0.6155108740254411
2022-05-19T03:30-07:00,0.6022447303586032
2022-05-19T03:45-07:00,0.6010107908755572
2022-05-19T04:00-07:00,0.5882352941176533
2022-05-19T04:15-07:00,0.6152584085315833
2022-05-19T04:30-07:00,0.5747126436781609
2022-05-19T04:45-07:00,0.5855917200054536
2022-05-19T05:00-07:00,0.5730659025787965
2022-05-19T05:15-07:00,0.5887185104052637
2022-05-19T05:30-07:00,0.6285011613608479
2022-05-19T05:45-07:00,0.6024921265233403
2022-05-19T06:00-07:00,0.6134969325153374
2022-05-19T06:15-07:00,0.6404142253712978
2022-05-19T06:30-07:00,0.6274723775746891
2022-05-19T06:45-07:00,0.6425153793574784
2022-05-19T07:00-07:00,0.6162695152013147
2022-05-19T07:15-07:00,0.603235536057027
2022-05-19T07:30-07:00,0.603235536057027
2022-05-19T07:45-07:00,0
2022-05-19T08:00-07:00,0.6269592476489091
2022-05-19T08:15-07:00,0.6514657980456026
2022-05-19T08:30-07:00,0.6047278724573879
2022-05-19T08:45-07:00,0.5875119551851409
2022-05-19T09:00-07:00,0.5611825896523343
2022-05-19T09:15-07:00,0.5756578947368421
2022-05-19T09:30-07:00,0.5863103354240586
2022-05-19T09:45-07:00,0.5586592178770887
2022-05-19T10:00-07:00,0.5899300315544033
2022-05-19T10:15-07:00,0.5163043478260807
2022-05-19T10:30-07:00,0.5434044287461005
2022-05-19T10:45-07:00,0.5839217816404191
2022-05-19T11:00-07:00,0.6112469437652812
2022-05-19T11:15-07:00,0.6107491856677525
2022-05-19T11:30-07:00,0.5171475231355409
2022-05-19T11:45-07:00,0.5572923746092096
2022-05-19T12:00-07:00,0.5554802872239472
2022-05-19T12:15-07:00,0.5700325732899023
2022-05-19T12:30-07:00,0.5958829902491812
2022-05-19T12:45-07:00,0.5820249052517658
2022-05-19T13:00-07:00,0.5693371289141927
2022-05-19T13:15-07:00,0.584874863982596
2022-05-19T13:30-07:00,0.584874863982596
2022-05-19T13:45-07:00,0.5851136209008091
2022-05-19T14:00-07:00,0.5985580193170935
2022-05-19T14:15-07:00,0.5600327824067688
2022-05-19T14:30-07:00,0.6119951040391677
2022-05-19T14:45-07:00,0.5978260869565155
2022-05-19T15:00-07:00,0.6112469437652812
2022-05-19T15:15-07:00,0.5855917200054536
2022-05-19T15:30-07:00,0.5853525728287565
2022-05-19T15:45-07:00,0.5728314238952537
2022-05-19T16:00-07:00,0.5718954248366013
2022-05-19T16:15-07:00,0.6010107908755572
2022-05-19T16:30-07:00,0.5990469707283804
2022-05-19T16:45-07:00,0.5454049631851712
2022-05-19T17:00-07:00,0.5577472452727458
2022-05-19T17:15-07:00,0.5707297187117815
2022-05-19T17:30-07:00,0.5872712373668459
2022-05-19T17:45-07:00,0.6147540983606558
2022-05-19T18:00-07:00,0.5728314238952537
2022-05-19T18:15-07:00,0.5990469707283804
2022-05-19T18:30-07:00,0.5733005733005733
2022-05-19T18:45-07:00,0.6155108740254411
2022-05-19T19:00-07:00,0.6274723775746891
2022-05-19T19:15-07:00,0.613747954173486
2022-05-19T19:30-07:00,0.6554690700532568
2022-05-19T19:45-07:00,0.6177924217462932
2022-05-19T20:00-07:00,0.6264469562849034
2022-05-19T20:15-07:00,0.6422519814156811
2022-05-19T20:30-07:00,0.6145022531749283
2022-05-19T20:45-07:00,0.6412005457025859
2022-05-19T21:00-07:00,0.6145022531749283
2022-05-19T21:15-07:00,0.6538618716796076
2022-05-19T21:30-07:00,0.6117455138662317
2022-05-19T21:45-07:00,0.6406761177753482
2022-05-19T22:00-07:00,0.6290168193627849
2022-05-19T22:15-07:00,0.6597938144329897
2022-05-19T22:30-07:00,0.6430428239157141
2022-05-19T22:45-07:00,0.6170300287947347
2022-05-19T23:00-07:00,0.629791894852142
2022-05-19T23:15-07:00,0.6705898453537766
2022-05-19T23:30-07:00,0.6279863481228731
2022-05-19T23:45-07:00,0.6549324600900532
2022-05-20T00:00-07:00,0.6525285481239804
2022-05-20T00:15-07:00,0.7084468664850199
2022-05-20T00:30-07:00,0.6134969325153374
2022-05-20T00:45-07:00,0.629791894852142
2022-05-20T01:00-07:00,0.6157635467980296
2022-05-20T01:15-07:00,0.6568144499178982
2022-05-20T01:30-07:00,0.6425153793574784
2022-05-20T01:45-07:00,0.6152584085315833
2022-05-20T02:00-07:00,0.669490367536555
2022-05-20T02:15-07:00,0.6412005457025859
2022-05-20T02:30-07:00,0.6279863481228731
2022-05-20T02:45-07:00,0.6010107908755572
2022-05-20T03:00-07:00,0.6147540983606558
2022-05-20T03:15-07:00,0.6427789934354423
2022-05-20T03:30-07:00,0.6557377049180327
2022-05-20T03:45-07:00,0.6422519814156811
2022-05-20T04:00-07:00,0.6145022531749283
2022-05-20T04:15-07:00,0.6419887993443456
2022-05-20T04:30-07:00,0.6568144499178982
2022-05-20T04:45-07:00,0.6300506779893228
2022-05-20T05:00-07:00,0.6435711351499321
2022-05-20T05:15-07:00,0.613747954173486
2022-05-20T05:30-07:00,0.5740057400574006
2022-05-20T05:45-07:00,0.6139991813344249
2022-05-20T06:00-07:00,0.5758946935417524
2022-05-20T06:15-07:00,0.6562756357670222
2022-05-20T06:30-07:00,0.6441003151980204
2022-05-20T06:45-07:00,0.5614131178967485
2022-05-20T07:00-07:00,0.6145022531749283
2022-05-20T07:15-07:00,0.602739726027391
2022-05-20T07:30-07:00,0.5761316872427984
2022-05-20T07:45-07:00,0.6448957189901144
2022-05-20T08:00-07:00,0.6576243321002877
2022-05-20T08:15-07:00,0.6427789934354423
2022-05-20T08:30-07:00,0.6167763157894737
2022-05-20T08:45-07:00,0.6810133478616118
2022-05-20T09:00-07:00,0.6124948958758677
2022-05-20T09:15-07:00,0.5747126436781609
2022-05-20T09:30-07:00,0.5749486652977412
2022-05-20T09:45-07:00,0.6024921265233403
2022-05-20T10:00-07:00,0.6533278889342589
2022-05-20T10:15-07:00,0.6530612244897959
2022-05-20T10:30-07:00,0.6538618716796076
2022-05-20T10:45-07:00,0.6546644844517185
2022-05-20T11:00-07:00,0.6412005457025859
2022-05-20T11:15-07:00,0.6398910823689522
2022-05-20T11:30-07:00,0.6527947776417788
2022-05-20T11:45-07:00,0.6667573819567351
2022-05-20T12:00-07:00,0.6587072869493619
2022-05-20T12:15-07:00,0.6824075337791666
2022-05-20T12:30-07:00,0.6264469562849034
2022-05-20T12:45-07:00,0.6412005457025859
2022-05-20T13:00-07:00,0.6562756357670222
2022-05-20T13:15-07:00,0.6554690700532568
2022-05-20T13:30-07:00,0.6290168193627849
2022-05-20T13:45-07:00,0.630309673883262
2022-05-20T14:00-07:00,0.6285011613608479
2022-05-20T14:15-07:00,0.6277292576419277
2022-05-20T14:30-07:00,0.6267029972752106
2022-05-20T14:45-07:00,0.6412005457025859
2022-05-20T15:00-07:00,0.5735354362965998
2022-05-20T15:15-07:00,0.6012571740912755
2022-05-20T15:30-07:00,0.6689419795221906
2022-05-20T15:45-07:00,0.6142506142506142
2022-05-20T16:00-07:00,0.6279863481228731
2022-05-20T16:15-07:00,0.6019975372827958
2022-05-20T16:30-07:00,0.6433068710648719
2022-05-20T16:45-07:00,0.6012571740912755
2022-05-20T17:00-07:00,0.5997818974918149
2022-05-20T17:15-07:00,0.6277292576419277
2022-05-20T17:30-07:00,0.5887185104052637
2022-05-20T17:45-07:00,0.6435711351499321
2022-05-20T18:00-07:00,0.5879939833173863
2022-05-20T18:15-07:00,0.6167763157894737
2022-05-20T18:30-07:00,0.6425153793574784
2022-05-20T18:45-07:00,0.6269592476489091
2022-05-20T19:00-07:00,0.6406761177753482
2022-05-20T19:15-07:00,0.6578947368421053
2022-05-20T19:30-07:00,0.6448957189901144
2022-05-20T19:45-07:00,0.6177924217462932
2022-05-20T20:00-07:00,0.7087365408205051
2022-05-20T20:15-07:00,0.6804572672836083
2022-05-20T20:30-07:00,0.6804572672836083
2022-05-20T20:45-07:00,0.6530612244897959
2022-05-20T21:00-07:00,0.6689419795221906
2022-05-20T21:15-07:00,0.6824075337791666
2022-05-20T21:30-07:00,0.6375474769397659
2022-05-20T21:45-07:00,0.6279863481228731
2022-05-20T22:00-07:00,0.6675749318801152
2022-05-20T22:15-07:00,0.6132461161079313
2022-05-20T22:30-07:00,0.6562756357670222
2022-05-20T22:45-07:00,0.6412005457025859
2022-05-20T23:00-07:00,0.6264469562849034
2022-05-20T23:15-07:00,0.682966807813134
2022-05-20T23:30-07:00,0.682966807813134
2022-05-20T23:45-07:00,0.6414630817524163
2022-05-21T00:00-07:00,0.6533278889342589
2022-05-21T00:15-07:00,0.6689419795221906
2022-05-21T00:30-07:00,0.6697648988518379
2022-05-21T00:45-07:00,0.682966807813134
2022-05-21T01:00-07:00,0.6010107908755572
2022-05-21T01:15-07:00,0.6552006552006552
2022-05-21T01:30-07:00,0.6683944891556467
2022-05-21T01:45-07:00,0.6818491749624921
2022-05-21T02:00-07:00,0.6673021925643532
2022-05-21T02:15-07:00,0.6664853101197016
2022-05-21T02:30-07:00,0.6799020940984436
2022-05-21T02:45-07:00,0.7480957562568071
2022-05-21T03:00-07:00,0.6653992395437325
2022-05-21T03:15-07:00,0.6801795674057889
2022-05-21T03:30-07:00,0.6796248470844032
2022-05-21T03:45-07:00,0.7081574288438031
2022-05-21T04:00-07:00,0.6796248470844032
2022-05-21T04:15-07:00,0.6801795674057889
2022-05-21T04:30-07:00,0.6549324600900532
2022-05-21T04:45-07:00,0.7361963190184049
2022-05-21T05:00-07:00,0.6955810147299509
2022-05-21T05:15-07:00,0.6824075337791666
2022-05-21T05:30-07:00,0.6835269993164668
2022-05-21T05:45-07:00,0.6972928630024611
2022-05-21T06:00-07:00,0.7349938750510412
2022-05-21T06:15-07:00,0.7204023379094677
2022-05-21T06:30-07:00,0.7257291524031158
2022-05-21T06:45-07:00,0.710188473094789
2022-05-21T07:00-07:00,0.700164744645799
2022-05-21T07:15-07:00,0.667847894234707
2022-05-21T07:30-07:00,0.6821282401091343
2022-05-21T07:45-07:00,0.7221692328655067
2022-05-21T08:00-07:00,0.7096069868995696
2022-05-21T08:15-07:00,0.7096069868995696
2022-05-21T08:30-07:00,0.7371007371007371
2022-05-21T08:45-07:00,0.6964358869315854
2022-05-21T09:00-07:00,0.7251333971815507
2022-05-21T09:15-07:00,0.6838074398249391
2022-05-21T09:30-07:00,0.7263258873509598
2022-05-21T09:45-07:00,0.6975789905621665
2022-05-21T10:00-07:00,0.7380073800738007
2022-05-21T10:15-07:00,0.7227601254602419
2022-05-21T10:30-07:00,0.7218741487333089
2022-05-21T10:45-07:00,0.6950122649223222
2022-05-21T11:00-07:00,0.7090264521407207
2022-05-21T11:15-07:00,0.7233519858059171
2022-05-21T11:30-07:00,0.669490367536555
2022-05-21T11:45-07:00,0.6832467887400867
2022-05-21T12:00-07:00,0.6832467887400867
2022-05-21T12:15-07:00,0.6967213114754098
2022-05-21T12:30-07:00,0.6689419795221906
2022-05-21T12:45-07:00,0.6955810147299509
2022-05-21T13:00-07:00,0.7367990176013098
2022-05-21T13:15-07:00,0.7081574288438031
2022-05-21T13:30-07:00,0.6538618716796076
2022-05-21T13:45-07:00,0.69359445124439
2022-05-21T14:00-07:00,0.6790710308298186
2022-05-21T14:15-07:00,0.6417258328782024
2022-05-21T14:30-07:00,0.6950122649223222
2022-05-21T14:45-07:00,0.6793478260869503
2022-05-21T15:00-07:00,0.6815703380588815
2022-05-21T15:15-07:00,0.6955810147299509
2022-05-21T15:30-07:00,0.682966807813134
2022-05-21T15:45-07:00,0.6689419795221906
2022-05-21T16:00-07:00,0.6964358869315854
2022-05-21T16:15-07:00,0.711354309165533
2022-05-21T16:30-07:00,0.6835269993164668
2022-05-21T16:45-07:00,0.6419887993443456
2022-05-21T17:00-07:00,0.6703146374829064
2022-05-21T17:15-07:00,0.6269592476489091
2022-05-21T17:30-07:00,0.6554690700532568
2022-05-21T17:45-07:00,0.6022447303586032
2022-05-21T18:00-07:00,0.6114961271911945
2022-05-21T18:15-07:00,0.6150061500615006
2022-05-21T18:30-07:00,0.5872712373668459
2022-05-21T18:45-07:00,0.6267029972752106
2022-05-21T19:00-07:00,0.6388473562593386
2022-05-21T19:15-07:00,0.6150061500615006
2022-05-21T19:30-07:00,0.6012571740912755
2022-05-21T19:45-07:00,0.6692160611854747
2022-05-21T20:00-07:00,0.6433068710648719
2022-05-21T20:15-07:00,0.6310879407326171
2022-05-21T20:30-07:00,0.6562756357670222
2022-05-21T20:45-07:00,0.6562756357670222
2022-05-21T21:00-07:00,0.6846501437765239
2022-05-21T21:15-07:00,0.6689419795221906
2022-05-21T21:30-07:00,0.6826870562534072
2022-05-21T21:45-07:00,0.6552006552006552
2022-05-21T22:00-07:00,0.6549324600900532
2022-05-21T22:15-07:00,0.667847894234707
2022-05-21T22:30-07:00,0.6670296760141636
2022-05-21T22:45-07:00,0.5988023952095746
2022-05-21T23:00-07:00,0.6930289441500204
2022-05-21T23:15-07:00,0.6535947712418301
2022-05-21T23:30-07:00,0.65439672801636
2022-05-21T23:45-07:00,0.6127450980392157
2022-05-22T00:00-07:00,0.6117455138662317
2022-05-22T00:15-07:00,0.6705898453537766
2022-05-22T00:30-07:00,0.6448957189901144
2022-05-22T00:45-07:00,0.6854949273375315
2022-05-22T01:00-07:00,0.629791894852142
2022-05-22T01:15-07:00,0.6978653530377669
2022-05-22T01:30-07:00,0.6565449322938038
2022-05-22T01:45-07:00,0.6427789934354423
2022-05-22T02:00-07:00,0.6826870562534072
2022-05-22T02:15-07:00,0.6967213114754098
2022-05-22T02:30-07:00,0.669490367536555
2022-05-22T02:45-07:00,0.6425153793574784
2022-05-22T03:00-07:00,0.6552006552006552
2022-05-22T03:15-07:00,0.6689419795221906
2022-05-22T03:30-07:00,0.6955810147299509
2022-05-22T03:45-07:00,0.6412005457025859
2022-05-22T04:00-07:00,0.6406761177753482
2022-05-22T04:15-07:00,0.6810133478616118
2022-05-22T04:30-07:00,0.6947282386595831
2022-05-22T04:45-07:00,0.6533278889342589
2022-05-22T05:00-07:00,0.69416088199265
2022-05-22T05:15-07:00,0.6700396554081834
2022-05-22T05:30-07:00,0.711354309165533
2022-05-22T05:45-07:00,0.6560065600656007
2022-05-22T06:00-07:00,0.6952965235173824
2022-05-22T06:15-07:00,0.7239448162819224
2022-05-22T06:30-07:00,0.7087365408205051
2022-05-22T06:45-07:00,0.7221692328655067
2022-05-22T07:00-07:00,0.667847894234707
2022-05-22T07:15-07:00,0.682966807813134
2022-05-22T07:30-07:00,0.6285011613608479
2022-05-22T07:45-07:00,0.6938775510204082
2022-05-22T08:00-07:00,0.7206962197443506
2022-05-22T08:15-07:00,0.6675749318801152
2022-05-22T08:30-07:00,0.6950122649223222
2022-05-22T08:45-07:00,0.7212847033206252
2022-05-22T09:00-07:00,0.7072905331882543
2022-05-22T09:15-07:00,0.6910569105691057
2022-05-22T09:30-07:00,0.7064257573699287
2022-05-22T09:45-07:00,0.7084468664850199
2022-05-22T10:00-07:00,0.69416088199265
2022-05-22T10:15-07:00,0.7072905331882543
2022-05-22T10:30-07:00,0.6662134602311415
2022-05-22T10:45-07:00,0.6261911244214601
2022-05-22T11:00-07:00,0.6535947712418301
2022-05-22T11:15-07:00,0.7189365165490985
2022-05-22T11:30-07:00,0.6648575305291785
2022-05-22T11:45-07:00,0.6653992395437325
2022-05-22T12:00-07:00,0.7204023379094677
2022-05-22T12:15-07:00,0.6930289441500204
2022-05-22T12:30-07:00,0.7206962197443506
2022-05-22T12:45-07:00,0.6667573819567351
2022-05-22T13:00-07:00,0.6938775510204082
2022-05-22T13:15-07:00,0.6801795674057889
2022-05-22T13:30-07:00,0.7084468664850199
2022-05-22T13:45-07:00,0.6768647624204622
2022-05-22T14:00-07:00,0.6637767542671424
2022-05-22T14:15-07:00,0.6782419967444322
2022-05-22T14:30-07:00,0.6635071090047455
2022-05-22T14:45-07:00,0.6776904310111079
2022-05-22T15:00-07:00,0.6919006919006919
2022-05-22T15:15-07:00,0.6509357200976403
2022-05-22T15:30-07:00,0.6512006512006512
2022-05-22T15:45-07:00,0.7206962197443506
2022-05-22T16:00-07:00,0.6401525469899148
2022-05-22T16:15-07:00,0.6821282401091343
2022-05-22T16:30-07:00,0.6692160611854747
2022-05-22T16:45-07:00,0.6560065600656007
2022-05-22T17:00-07:00,0.6264469562849034
2022-05-22T17:15-07:00,0.6535947712418301
2022-05-22T17:30-07:00,0.6396298312465915
2022-05-22T17:45-07:00,0.6388473562593386
2022-05-22T18:00-07:00,0.6396298312465915
2022-05-22T18:15-07:00,0.6388473562593386
2022-05-22T18:30-07:00,0.6122448979591837
2022-05-22T18:45-07:00,0.6673021925643532
2022-05-22T19:00-07:00,0.6300506779893228
2022-05-22T19:15-07:00,0.6546644844517185
2022-05-22T19:30-07:00,0.6509357200976403
2022-05-22T19:45-07:00,0.6570841889117043
2022-05-22T20:00-07:00,0.6961506961506961
2022-05-22T20:15-07:00,0.6714168265278221
2022-05-22T20:30-07:00,0.6438356164383499
2022-05-22T20:45-07:00,0.6160164271047228
2022-05-22T21:00-07:00,0.6282436492761603
2022-05-22T21:15-07:00,0.65439672801636
2022-05-22T21:30-07:00,0.6815703380588815
2022-05-22T21:45-07:00,0.6821282401091343
2022-05-22T22:00-07:00,0.7093166007366043
2022-05-22T22:15-07:00,0.6560065600656007
2022-05-22T22:30-07:00,0.6282436492761603
2022-05-22T22:45-07:00,0.6947282386595831
2022-05-22T23:00-07:00,0.625424881033317
2022-05-22T23:15-07:00,0.6404142253712978
2022-05-22T23:30-07:00,0.6546644844517185
2022-05-22T23:45-07:00,0.6406761177753482
2022-05-23T00:00-07:00,0.6259355014287721
2022-05-23T00:15-07:00,0.6282436492761603
2022-05-23T00:30-07:00,0.6552006552006552
2022-05-23T00:45-07:00,0.6277292576419277
2022-05-23T01:00-07:00,0.6132461161079313
2022-05-23T01:15-07:00,0.6514657980456026
2022-05-23T01:30-07:00,0.6267029972752106
2022-05-23T01:45-07:00,0.6681210799018333
2022-05-23T02:00-07:00,0.6269592476489091
2022-05-23T02:15-07:00,0.5740057400574006
2022-05-23T02:30-07:00,0.6419887993443456
2022-05-23T02:45-07:00,0.6292749658002799
2022-05-23T03:00-07:00,0.6002728512960375
2022-05-23T03:15-07:00,0.6689419795221906
2022-05-23T03:30-07:00,0.6282436492761603
2022-05-23T03:45-07:00,0.6417258328782024
2022-05-23T04:00-07:00,0.6285011613608479
2022-05-23T04:15-07:00,0.6838074398249391
2022-05-23T04:30-07:00,0.6024921265233403
2022-05-23T04:45-07:00,0.6576243321002877
2022-05-23T05:00-07:00,0.6157635467980296
2022-05-23T05:15-07:00,0.6044786371754299
2022-05-23T05:30-07:00,0.6152584085315833
2022-05-23T05:45-07:00,0.6000272739669923
2022-05-23T06:00-07:00,0.6804572672836083
2022-05-23T06:15-07:00,0.6570841889117043
2022-05-23T06:30-07:00,0.6165228113440198
2022-05-23T06:45-07:00,0.6391079684525366
2022-05-23T07:00-07:00,0.6000272739669923
2022-05-23T07:15-07:00,0.6274723775746891
2022-05-23T07:30-07:00,0.6139991813344249
2022-05-23T07:45-07:00,0.6568144499178982
2022-05-23T08:00-07:00,0.6417258328782024
2022-05-23T08:15-07:00,0.686341798215505
2022-05-23T08:30-07:00,0.6155108740254411
2022-05-23T08:45-07:00,0.6277292576419277
2022-05-23T09:00-07:00,0.6414630817524163
2022-05-23T09:15-07:00,0.6019975372827958
2022-05-23T09:30-07:00,0.6175380815150268
2022-05-23T09:45-07:00,0.6160164271047228
2022-05-23T10:00-07:00,0.6441003151980204
2022-05-23T10:15-07:00,0.6024921265233403
2022-05-23T10:30-07:00,0.6165228113440198
2022-05-23T10:45-07:00,0.6708652792990205
2022-05-23T11:00-07:00,0.6562756357670222
2022-05-23T11:15-07:00,0.6427789934354423
2022-05-23T11:30-07:00,0.6422519814156811
2022-05-23T11:45-07:00,0.6821282401091343
2022-05-23T12:00-07:00,0.6406761177753482
2022-05-23T12:15-07:00,0.6261911244214601
2022-05-23T12:30-07:00,0.6404142253712978
2022-05-23T12:45-07:00,0.6815703380588815
2022-05-23T13:00-07:00,0.6683944891556467
2022-05-23T13:15-07:00,0.6944444444444444
2022-05-23T13:30-07:00,0.6134969325153374
2022-05-23T13:45-07:00,0.6535947712418301
2022-05-23T14:00-07:00,0.6686681222707486
2022-05-23T14:15-07:00,0.6535947712418301
2022-05-23T14:30-07:00,0.625424881033317
2022-05-23T14:45-07:00,0.6530612244897959
2022-05-23T15:00-07:00,0.6002728512960375
2022-05-23T15:15-07:00,0.6425153793574784
2022-05-23T15:30-07:00,0.5865502659937315
2022-05-23T15:45-07:00,0.6417258328782024
2022-05-23T16:00-07:00,0.6560065600656007
2022-05-23T16:15-07:00,0.5894448252227615
2022-05-23T16:30-07:00,0.6279863481228731
2022-05-23T16:45-07:00,0.6530612244897959
2022-05-23T17:00-07:00,0.6236442516269043
2022-05-23T17:15-07:00,0.6114961271911945
2022-05-23T17:30-07:00,0.6129955046996322
2022-05-23T17:45-07:00,0.6522625356706074
2022-05-23T18:00-07:00,0.6127450980392157
2022-05-23T18:15-07:00,0.584874863982596
2022-05-23T18:30-07:00,0.6246605105920757
2022-05-23T18:45-07:00,0.586070601063111
2022-05-23T19:00-07:00,0.6554690700532568
2022-05-23T19:15-07:00,0.6290168193627849
2022-05-23T19:30-07:00,0.6139991813344249
2022-05-23T19:45-07:00,0.6167763157894737
2022-05-23T20:00-07:00,0.6584362139917695
2022-05-23T20:15-07:00,0.604229607250749
2022-05-23T20:30-07:00,0.6162695152013147
2022-05-23T20:45-07:00,0.629791894852142
2022-05-23T21:00-07:00,0.6419887993443456
2022-05-23T21:15-07:00,0.6810133478616118
2022-05-23T21:30-07:00,0.6535947712418301
2022-05-23T21:45-07:00,0.6409382244647421
2022-05-23T22:00-07:00,0.6261911244214601
2022-05-23T22:15-07:00,0.6667573819567351
2022-05-23T22:30-07:00,0.6282436492761603
2022-05-23T22:45-07:00,0.6538618716796076
2022-05-23T23:00-07:00,0.6264469562849034
2022-05-23T23:15-07:00,0.6427789934354423
2022-05-23T23:30-07:00,0.6419887993443456
2022-05-23T23:45-07:00,0.6689419795221906
2022-05-24T00:00-07:00,0.6673021925643532
2022-05-24T00:15-07:00,0.6818491749624921
2022-05-24T00:30-07:00,0.6719692814042849
2022-05-24T00:45-07:00,0.6435711351499321
2022-05-24T01:00-07:00,0.6562756357670222
2022-05-24T01:15-07:00,0.6562756357670222
2022-05-24T01:30-07:00,0.6290168193627849
2022-05-24T01:45-07:00,0.6560065600656007
2022-05-24T02:00-07:00,0.6552006552006552
2022-05-24T02:15-07:00,0.6433068710648719
2022-05-24T02:30-07:00,0.6838074398249391
2022-05-24T02:45-07:00,0.6427789934354423
2022-05-24T03:00-07:00,0.6818491749624921
2022-05-24T03:15-07:00,0.6854949273375315
2022-05-24T03:30-07:00,0.6029875291215505
2022-05-24T03:45-07:00,0.6438356164383499
2022-05-24T04:00-07:00,0.6716929403701228
2022-05-24T04:15-07:00,0.723648279628612
2022-05-24T04:30-07:00,0.6560065600656007
2022-05-24T04:45-07:00,0.6978653530377669
2022-05-24T05:00-07:00,0.6716929403701228
2022-05-24T05:15-07:00,0.657354149548069
2022-05-24T05:30-07:00,0.6987258528565556
2022-05-24T05:45-07:00,0.6692160611854747
2022-05-24T06:00-07:00,0.669490367536555
2022-05-24T06:15-07:00,0.6824075337791666
2022-05-24T06:30-07:00,0.6427789934354423
2022-05-24T06:45-07:00,0.6310879407326171
2022-05-24T07:00-07:00,0.6984387838948234
2022-05-24T07:15-07:00,0.6852131012744901
2022-05-24T07:30-07:00,0.7248358862144357
2022-05-24T07:45-07:00,0.6438356164383499
2022-05-24T08:00-07:00,0.7392197125256673
2022-05-24T08:15-07:00,0.6955810147299509
2022-05-24T08:30-07:00,0.7346938775510204
2022-05-24T08:45-07:00,0.6807351940095241
2022-05-24T09:00-07:00,0.69416088199265
2022-05-24T09:15-07:00,0.6541291905151267
2022-05-24T09:30-07:00,0.6546644844517185
2022-05-24T09:45-07:00,0.6675749318801152
2022-05-24T10:00-07:00,0.6427789934354423
2022-05-24T10:15-07:00,0.6427789934354423
2022-05-24T10:30-07:00,0.6692160611854747
2022-05-24T10:45-07:00,0.6412005457025859
2022-05-24T11:00-07:00,0.6522625356706074
2022-05-24T11:15-07:00,0.6653992395437325
2022-05-24T11:30-07:00,0.6498781478472786
2022-05-24T11:45-07:00,0.6535947712418301
2022-05-24T12:00-07:00,0.6807351940095241
2022-05-24T12:15-07:00,0.6686681222707486
2022-05-24T12:30-07:00,0.6546644844517185
2022-05-24T12:45-07:00,0.6565449322938038
2022-05-24T13:00-07:00,0.6538618716796076
2022-05-24T13:15-07:00,0.6961506961506961
2022-05-24T13:30-07:00,0.6562756357670222
2022-05-24T13:45-07:00,0.6826870562534072
2022-05-24T14:00-07:00,0.711646366497885
2022-05-24T14:15-07:00,0.6565449322938038
2022-05-24T14:30-07:00,0.6670296760141636
2022-05-24T14:45-07:00,0.69416088199265
2022-05-24T15:00-07:00,0.6683944891556467
2022-05-24T15:15-07:00,0.7215793056500959
2022-05-24T15:30-07:00,0.7081574288438031
2022-05-24T15:45-07:00,0.6812917291184023
2022-05-24T16:00-07:00,0.6549324600900532
2022-05-24T16:15-07:00,0.7230559345156827
2022-05-24T16:30-07:00,0.7087365408205051
2022-05-24T16:45-07:00,0.6955810147299509
2022-05-24T17:00-07:00,0.6826870562534072
2022-05-24T17:15-07:00,0.6533278889342589
2022-05-24T17:30-07:00,0.6446303662049039
2022-05-24T17:45-07:00,0.6840881105486324
2022-05-24T18:00-07:00,0.6984387838948234
2022-05-24T18:15-07:00,0.6967213114754098
2022-05-24T18:30-07:00,0.6970069700697007
2022-05-24T18:45-07:00,0.7107709130672561
2022-05-24T19:00-07:00,0.7242415960644922
2022-05-24T19:15-07:00,0.7352941176470589
2022-05-24T19:30-07:00,0.6835269993164668
2022-05-24T19:45-07:00,0.6970069700697007
2022-05-24T20:00-07:00,0.7110624914535821
2022-05-24T20:15-07:00,0.7248358862144357
2022-05-24T20:30-07:00,0.6972928630024611
2022-05-24T20:45-07:00,0.6700396554081834
2022-05-24T21:00-07:00,0.7380073800738007
2022-05-24T21:15-07:00,0.6964358869315854
2022-05-24T21:30-07:00,0.7364975450081833
2022-05-24T21:45-07:00,0.6673021925643532
2022-05-24T22:00-07:00,0.7218741487333089
2022-05-24T22:15-07:00,0.7639836289222312
2022-05-24T22:30-07:00,0.711938663745899
2022-05-24T22:45-07:00,0.710479573712262
2022-05-24T23:00-07:00,0.6975789905621665
2022-05-24T23:15-07:00,0.6703146374829064
2022-05-24T23:30-07:00,0.6849315068493088
2022-05-24T23:45-07:00,0.6810133478616118
2022-05-25T00:00-07:00,0.6664853101197016
2022-05-25T00:15-07:00,0.6955810147299509
2022-05-25T00:30-07:00,0.6681210799018333
2022-05-25T00:45-07:00,0.6978653530377669
2022-05-25T01:00-07:00,0.6427789934354423
2022-05-25T01:15-07:00,0.6419887993443456
2022-05-25T01:30-07:00,0.6406761177753482
2022-05-25T01:45-07:00,0.6681210799018333
2022-05-25T02:00-07:00,0.6562756357670222
2022-05-25T02:15-07:00,0.6560065600656007
2022-05-25T02:30-07:00,0.7107709130672561
2022-05-25T02:45-07:00,0.6972928630024611
2022-05-25T03:00-07:00,0.6835269993164668
2022-05-25T03:15-07:00,0.6562756357670222
2022-05-25T03:30-07:00,0.6557377049180327
2022-05-25T03:45-07:00,0.6562756357670222
2022-05-25T04:00-07:00,0.669490367536555
2022-05-25T04:15-07:00,0.6433068710648719
2022-05-25T04:30-07:00,0.6955810147299509
2022-05-25T04:45-07:00,0.7511608850041035
2022-05-25T05:00-07:00,0.6422519814156811
2022-05-25T05:15-07:00,0.6854949273375315
2022-05-25T05:30-07:00,0.6409382244647421
2022-05-25T05:45-07:00,0.6703146374829064
2022-05-25T06:00-07:00,0.6675749318801152
2022-05-25T06:15-07:00,0.6967213114754098
2022-05-25T06:30-07:00,0.6849315068493088
2022-05-25T06:45-07:00,0.6981519507186859
2022-05-25T07:00-07:00,0.7007419620774938
2022-05-25T07:15-07:00,0.7233519858059171
2022-05-25T07:30-07:00,0.711646366497885
2022-05-25T07:45-07:00,0.6950122649223222
2022-05-25T08:00-07:00,0.6947282386595831
2022-05-25T08:15-07:00,0.7371007371007371
2022-05-25T08:30-07:00,0.7239448162819224
2022-05-25T08:45-07:00,0.7107709130672561
2022-05-25T09:00-07:00,0.7131102578167918
2022-05-25T09:15-07:00,0.658165364047717
2022-05-25T09:30-07:00,0.6832467887400867
2022-05-25T09:45-07:00,0.7067137809187342
2022-05-25T10:00-07:00,0.7204023379094677
2022-05-25T10:15-07:00,0.6924643584521385
2022-05-25T10:30-07:00,0.6955810147299509
2022-05-25T10:45-07:00,0.6659418320195768
2022-05-25T11:00-07:00,0.69359445124439
2022-05-25T11:15-07:00,0.69416088199265
2022-05-25T11:30-07:00,0.6662134602311415
2022-05-25T11:45-07:00,0.6525285481239804
2022-05-25T12:00-07:00,0.6667573819567351
2022-05-25T12:15-07:00,0.7201086956521677
2022-05-25T12:30-07:00,0.6412005457025859
2022-05-25T12:45-07:00,0.6683944891556467
2022-05-25T13:00-07:00,0.6700396554081834
2022-05-25T13:15-07:00,0.7204023379094677
2022-05-25T13:30-07:00,0.6530612244897959
2022-05-25T13:45-07:00,0.6924643584521385
2022-05-25T14:00-07:00,0.6785181164337025
2022-05-25T14:15-07:00,0.6533278889342589
2022-05-25T14:30-07:00,0.6916192026037429
2022-05-25T14:45-07:00,0.6279863481228731
2022-05-25T15:00-07:00,0.6417258328782024
2022-05-25T15:15-07:00,0.6568144499178982
2022-05-25T15:30-07:00,0.6700396554081834
2022-05-25T15:45-07:00,0.6975789905621665
2022-05-25T16:00-07:00,0.6955810147299509
2022-05-25T16:15-07:00,0.6938775510204082
2022-05-25T16:30-07:00,0.6804572672836083
2022-05-25T16:45-07:00,0.7209903414501366
2022-05-25T17:00-07:00,0.6664853101197016
2022-05-25T17:15-07:00,0.6683944891556467
2022-05-25T17:30-07:00,0.7090264521407207
2022-05-25T17:45-07:00,0.6530612244897959
2022-05-25T18:00-07:00,0.7049891540130214
2022-05-25T18:15-07:00,0.6821282401091343
2022-05-25T18:30-07:00,0.6821282401091343
2022-05-25T18:45-07:00,0.7527028876419934
2022-05-25T19:00-07:00,0.7098976109215079
2022-05-25T19:15-07:00,0.7224645583424147
2022-05-25T19:30-07:00,0.7110624914535821
2022-05-25T19:45-07:00,0.710479573712262
2022-05-25T20:00-07:00,0.7245386192754552
2022-05-25T20:15-07:00,0.7248358862144357
2022-05-25T20:30-07:00,0.6832467887400867
2022-05-25T20:45-07:00,0.7110624914535821
2022-05-25T21:00-07:00,0.7239448162819224
2022-05-25T21:15-07:00,0.7242415960644922
2022-05-25T21:30-07:00,0.6967213114754098
2022-05-25T21:45-07:00,0.6700396554081834
2022-05-25T22:00-07:00,0.6952965235173824
2022-05-25T22:15-07:00,0.6972928630024611
2022-05-25T22:30-07:00,0.6705898453537766
2022-05-25T22:45-07:00,0.6722458499108308
2022-05-25T23:00-07:00,0.6662134602311415
2022-05-25T23:15-07:00,0.6950122649223222
2022-05-25T23:30-07:00,0.6570841889117043
2022-05-25T23:45-07:00,0.6852131012744901
2022-05-26T00:00-07:00,0.6568144499178982
2022-05-26T00:15-07:00,0.682966807813134
2022-05-26T00:30-07:00,0.6967213114754098
2022-05-26T00:45-07:00,0.6692160611854747
2022-05-26T01:00-07:00,0.6681210799018333
2022-05-26T01:15-07:00,0.6810133478616118
2022-05-26T01:30-07:00,0.6821282401091343
2022-05-26T01:45-07:00,0.6961506961506961
2022-05-26T02:00-07:00,0.6689419795221906
2022-05-26T02:15-07:00,0.6285011613608479
2022-05-26T02:30-07:00,0.6412005457025859
2022-05-26T02:45-07:00,0.6414630817524163
2022-05-26T03:00-07:00,0.6818491749624921
2022-05-26T03:15-07:00,0.6692160611854747
2022-05-26T03:30-07:00,0.6422519814156811
2022-05-26T03:45-07:00,0.6832467887400867
2022-05-26T04:00-07:00,0.6970069700697007
2022-05-26T04:15-07:00,0.6576243321002877
2022-05-26T04:30-07:00,0.6708652792990205
2022-05-26T04:45-07:00,0.6852131012744901
2022-05-26T05:00-07:00,0.6560065600656007
2022-05-26T05:15-07:00,0.65439672801636
2022-05-26T05:30-07:00,0.6824075337791666
2022-05-26T05:45-07:00,0.6818491749624921
2022-05-26T06:00-07:00,0.6967213114754098
2022-05-26T06:15-07:00,0.6568144499178982
2022-05-26T06:30-07:00,0.6981519507186859
2022-05-26T06:45-07:00,0.6733544042874874
2022-05-26T07:00-07:00,0.7422680412371134
2022-05-26T07:15-07:00,0.6975789905621665
2022-05-26T07:30-07:00,0.7070020394289661
2022-05-26T07:45-07:00,0.6955810147299509
2022-05-26T08:00-07:00,0.7224645583424147
2022-05-26T08:15-07:00,0.6961506961506961
2022-05-26T08:30-07:00,0.6716929403701228
2022-05-26T08:45-07:00,0.7263258873509598
2022-05-26T09:00-07:00,0.6981519507186859
2022-05-26T09:15-07:00,0.6705898453537766
2022-05-26T09:30-07:00,0.6692160611854747
2022-05-26T09:45-07:00,0.6274723775746891
2022-05-26T10:00-07:00,0.6818491749624921
2022-05-26T10:15-07:00,0.6417258328782024
2022-05-26T10:30-07:00,0.6147540983606558
2022-05-26T10:45-07:00,0.6012571740912755
2022-05-26T11:00-07:00,0.6396298312465915
2022-05-26T11:15-07:00,0.6412005457025859
2022-05-26T11:30-07:00,0.6947282386595831
2022-05-26T11:45-07:00,0.6114961271911945
2022-05-26T12:00-07:00,0.6913379422529483
2022-05-26T12:15-07:00,0.6675749318801152
2022-05-26T12:30-07:00,0.667847894234707
2022-05-26T12:45-07:00,0.6147540983606558
2022-05-26T13:00-07:00,0.6812917291184023
2022-05-26T13:15-07:00,0.7239448162819224
2022-05-26T13:30-07:00,0.7110624914535821
2022-05-26T13:45-07:00,0.6525285481239804
2022-05-26T14:00-07:00,0.6807351940095241
2022-05-26T14:15-07:00,0.6692160611854747
2022-05-26T14:30-07:00,0.6835269993164668
2022-05-26T14:45-07:00,0.6944444444444444
2022-05-26T15:00-07:00,0.7227601254602419
2022-05-26T15:15-07:00,0.7070020394289661
2022-05-26T15:30-07:00,0.7078682276068671
2022-05-26T15:45-07:00,0.6697648988518379
2022-05-26T16:00-07:00,0.6565449322938038
2022-05-26T16:15-07:00,0.7084468664850199
2022-05-26T16:30-07:00,0.6955810147299509
2022-05-26T16:45-07:00,0.7224645583424147
2022-05-26T17:00-07:00,0.707579262484698
2022-05-26T17:15-07:00,0.6952965235173824
2022-05-26T17:30-07:00,0.6933115823817292
2022-05-26T17:45-07:00,0.7058504140084221
2022-05-26T18:00-07:00,0.7386130488305294
2022-05-26T18:15-07:00,0.7257291524031158
2022-05-26T18:30-07:00,0.6824075337791666
2022-05-26T18:45-07:00,0.6981519507186859
2022-05-26T19:00-07:00,0.6810133478616118
2022-05-26T19:15-07:00,0.6414630817524163
2022-05-26T19:30-07:00,0.6826870562534072
2022-05-26T19:45-07:00,0.6821282401091343
2022-05-26T20:00-07:00,0.6681210799018333
2022-05-26T20:15-07:00,0.6435711351499321
2022-05-26T20:30-07:00,0.6310879407326171
2022-05-26T20:45-07:00,0.6438356164383499
2022-05-26T21:00-07:00,0.6849315068493088
2022-05-26T21:15-07:00,0.6849315068493088
2022-05-26T21:30-07:00,0.6562756357670222
2022-05-26T21:45-07:00,0.6826870562534072
2022-05-26T22:00-07:00,0.6854949273375315
2022-05-26T22:15-07:00,0.7257291524031158
2022-05-26T22:30-07:00,0.6705898453537766
2022-05-26T22:45-07:00,0.6972928630024611
2022-05-26T23:00-07:00,0.7090264521407207
2022-05-26T23:15-07:00,0.7107709130672561
2022-05-26T23:30-07:00,0.710188473094789
2022-05-26T23:45-07:00,0.6541291905151267
2022-05-27T00:00-07:00,0.7067137809187342
2022-05-27T00:15-07:00,0.6697648988518379
2022-05-27T00:30-07:00,0.6826870562534072
2022-05-27T00:45-07:00,0.7107709130672561
2022-05-27T01:00-07:00,0.7230559345156827
2022-05-27T01:15-07:00,0.6950122649223222
2022-05-27T01:30-07:00,0.6807351940095241
2022-05-27T01:45-07:00,0.6810133478616118
2022-05-27T02:00-07:00,0.6670296760141636
2022-05-27T02:15-07:00,0.7084468664850199
2022-05-27T02:30-07:00,0.6670296760141636
2022-05-27T02:45-07:00,0.707579262484698
2022-05-27T03:00-07:00,0.6667573819567351
2022-05-27T03:15-07:00,0.6810133478616118
2022-05-27T03:30-07:00,0.6952965235173824
2022-05-27T03:45-07:00,0.7221692328655067
2022-05-27T04:00-07:00,0.6950122649223222
2022-05-27T04:15-07:00,0.6673021925643532
2022-05-27T04:30-07:00,0.7096069868995696
2022-05-27T04:45-07:00,0.7227601254602419
2022-05-27T05:00-07:00,0.682966807813134
2022-05-27T05:15-07:00,0.6987258528565556
2022-05-27T05:30-07:00,0.6854949273375315
2022-05-27T05:45-07:00,0.6840881105486324
2022-05-27T06:00-07:00,0.7218741487333089
2022-05-27T06:15-07:00,0.7142857142857206
2022-05-27T06:30-07:00,0.7380073800738007
2022-05-27T06:45-07:00,0.7131102578167918
2022-05-27T07:00-07:00,0.7004532344458179
2022-05-27T07:15-07:00,0.6714168265278221
2022-05-27T07:30-07:00,0.6736321143799898
2022-05-27T07:45-07:00,0.7260273972602677
2022-05-27T08:00-07:00,0.7367990176013098
2022-05-27T08:15-07:00,0.7380073800738007
2022-05-27T08:30-07:00,0.6670296760141636
2022-05-27T08:45-07:00,0.6812917291184023
2022-05-27T09:00-07:00,0.6683944891556467
2022-05-27T09:15-07:00,0.6807351940095241
2022-05-27T09:30-07:00,0.6404142253712978
2022-05-27T09:45-07:00,0.6947282386595831
2022-05-27T10:00-07:00,0.6793478260869503
2022-05-27T10:15-07:00,0.6799020940984436
2022-05-27T10:30-07:00,0.6119951040391677
2022-05-27T10:45-07:00,0.6787944610371918
2022-05-27T11:00-07:00,0.613747954173486
2022-05-27T11:15-07:00,0.6675749318801152
2022-05-27T11:30-07:00,0.6549324600900532
2022-05-27T11:45-07:00,0.667847894234707
2022-05-27T12:00-07:00,0.6419887993443456
2022-05-27T12:15-07:00,0.6127450980392157
2022-05-27T12:30-07:00,0.5985580193170935
2022-05-27T12:45-07:00,0.5953991880920101
2022-05-27T13:00-07:00,0.6372881355932142
2022-05-27T13:15-07:00,0.6493506493506493
2022-05-27T13:30-07:00,0.6380667933749599
2022-05-27T13:45-07:00,0.6112469437652812
2022-05-27T14:00-07:00,0.6393687933614411
2022-05-27T14:15-07:00,0.6372881355932142
2022-05-27T14:30-07:00,0.5961251862891145
2022-05-27T14:45-07:00,0.6391079684525366
2022-05-27T15:00-07:00,0.6667573819567351
2022-05-27T15:15-07:00,0.677966101694909
2022-05-27T15:30-07:00,0.6396298312465915
2022-05-27T15:45-07:00,0.6388473562593386
2022-05-27T16:00-07:00,0.6648575305291785
2022-05-27T16:15-07:00,0.6648575305291785
2022-05-27T16:30-07:00,0.6378070294476801
2022-05-27T16:45-07:00,0.6519967400162999
2022-05-27T17:00-07:00,0.6414630817524163
2022-05-27T17:15-07:00,0.6256800870511487
2022-05-27T17:30-07:00,0.6535947712418301
2022-05-27T17:45-07:00,0.6282436492761603
2022-05-27T18:00-07:00,0.6285011613608479
2022-05-27T18:15-07:00,0.65439672801636
2022-05-27T18:30-07:00,0.6433068710648719
2022-05-27T18:45-07:00,0.6578947368421053
2022-05-27T19:00-07:00,0.6167763157894737
2022-05-27T19:15-07:00,0.6305688827964422
2022-05-27T19:30-07:00,0.630309673883262
2022-05-27T19:45-07:00,0.603235536057027
2022-05-27T20:00-07:00,0.6037321624588302
2022-05-27T20:15-07:00,0.6310879407326171
2022-05-27T20:30-07:00,0.6435711351499321
2022-05-27T20:45-07:00,0.5894448252227615
2022-05-27T21:00-07:00,0.6295333242096682
2022-05-27T21:15-07:00,0.6433068710648719
2022-05-27T21:30-07:00,0.658165364047717
2022-05-27T21:45-07:00,0.6170300287947347
2022-05-27T22:00-07:00,0.6029875291215505
2022-05-27T22:15-07:00,0.6705898453537766
2022-05-27T22:30-07:00,0.6300506779893228
2022-05-27T22:45-07:00,0.6433068710648719
2022-05-27T23:00-07:00,0.6282436492761603
2022-05-27T23:15-07:00,0.6398910823689522
2022-05-27T23:30-07:00,0.6818491749624921
2022-05-27T23:45-07:00,0.6675749318801152
2022-05-28T00:00-07:00,0.7093166007366043
2022-05-28T00:15-07:00,0.6446303662049039
2022-05-28T00:30-07:00,0.6165228113440198
2022-05-28T00:45-07:00,0.6438356164383499
2022-05-28T01:00-07:00,0.6160164271047228
2022-05-28T01:15-07:00,0.629791894852142
2022-05-28T01:30-07:00,0.6703146374829064
2022-05-28T01:45-07:00,0.6562756357670222
2022-05-28T02:00-07:00,0.6689419795221906
2022-05-28T02:15-07:00,0.6689419795221906
2022-05-28T02:30-07:00,0.6683944891556467
2022-05-28T02:45-07:00,0.6818491749624921
2022-05-28T03:00-07:00,0.6955810147299509
2022-05-28T03:15-07:00,0.6683944891556467
2022-05-28T03:30-07:00,0.6807351940095241
2022-05-28T03:45-07:00,0.6670296760141636
2022-05-28T04:00-07:00,0.6662134602311415
2022-05-28T04:15-07:00,0.667847894234707
2022-05-28T04:30-07:00,0.6675749318801152
2022-05-28T04:45-07:00,0.7364975450081833
2022-05-28T05:00-07:00,0.6681210799018333
2022-05-28T05:15-07:00,0.6689419795221906
2022-05-28T05:30-07:00,0.6958657388456816
2022-05-28T05:45-07:00,0.7096069868995696
2022-05-28T06:00-07:00,0.6810133478616118
2022-05-28T06:15-07:00,0.6664853101197016
2022-05-28T06:30-07:00,0.6938775510204082
2022-05-28T06:45-07:00,0.7218741487333089
2022-05-28T07:00-07:00,0.7355946056395587
2022-05-28T07:15-07:00,0.7227601254602419
2022-05-28T07:30-07:00,0.6700396554081834
2022-05-28T07:45-07:00,0.6961506961506961
2022-05-28T08:00-07:00,0.6843690117711407
2022-05-28T08:15-07:00,0.6857769853243663
2022-05-28T08:30-07:00,0.6807351940095241
2022-05-28T08:45-07:00,0.6930289441500204
2022-05-28T09:00-07:00,0.6947282386595831
2022-05-28T09:15-07:00,0.7230559345156827
2022-05-28T09:30-07:00,0.6683944891556467
2022-05-28T09:45-07:00,0.6801795674057889
2022-05-28T10:00-07:00,0.707579262484698
2022-05-28T10:15-07:00,0.6557377049180327
2022-05-28T10:30-07:00,0.6785181164337025
2022-05-28T10:45-07:00,0.6388473562593386
2022-05-28T11:00-07:00,0.7201086956521677
2022-05-28T11:15-07:00,0.7064257573699287
2022-05-28T11:30-07:00,0.6659418320195768
2022-05-28T11:45-07:00,0.718644067796604
2022-05-28T12:00-07:00,0.7055630936228013
2022-05-28T12:15-07:00,0.6659418320195768
2022-05-28T12:30-07:00,0.6768647624204622
2022-05-28T12:45-07:00,0.6799020940984436
2022-05-28T13:00-07:00,0.6519967400162999
2022-05-28T13:15-07:00,0.6656704252139717
2022-05-28T13:30-07:00,0.6930289441500204
2022-05-28T13:45-07:00,0.6818491749624921
2022-05-28T14:00-07:00,0.6681210799018333
2022-05-28T14:15-07:00,0.6406761177753482
2022-05-28T14:30-07:00,0.6279863481228731
2022-05-28T14:45-07:00,0.6546644844517185
2022-05-28T15:00-07:00,0.6279863481228731
2022-05-28T15:15-07:00,0.6546644844517185
2022-05-28T15:30-07:00,0.6832467887400867
2022-05-28T15:45-07:00,0.6292749658002799
2022-05-28T16:00-07:00,0.7096069868995696
2022-05-28T16:15-07:00,0.669490367536555
2022-05-28T16:30-07:00,0.6441003151980204
2022-05-28T16:45-07:00,0.6719692814042849
2022-05-28T17:00-07:00,0.6454270804723914
2022-05-28T17:15-07:00,0.6818491749624921
2022-05-28T17:30-07:00,0.6810133478616118
2022-05-28T17:45-07:00,0.6812917291184023
2022-05-28T18:00-07:00,0.669490367536555
2022-05-28T18:15-07:00,0.669490367536555
2022-05-28T18:30-07:00,0.6826870562534072
2022-05-28T18:45-07:00,0.7230559345156827
2022-05-28T19:00-07:00,0.6958657388456816
2022-05-28T19:15-07:00,0.669490367536555
2022-05-28T19:30-07:00,0.6443652316972792
2022-05-28T19:45-07:00,0.6993006993006993
2022-05-28T20:00-07:00,0.7007419620774938
2022-05-28T20:15-07:00,0.6552006552006552
2022-05-28T20:30-07:00,0.6412005457025859
2022-05-28T20:45-07:00,0.7087365408205051
2022-05-28T21:00-07:00,0.6673021925643532
2022-05-28T21:15-07:00,0.6801795674057889
2022-05-28T21:30-07:00,0.6927465362673186
2022-05-28T21:45-07:00,0.667847894234707
2022-05-28T22:00-07:00,0.6835269993164668
2022-05-28T22:15-07:00,0.6419887993443456
2022-05-28T22:30-07:00,0.6675749318801152
2022-05-28T22:45-07:00,0.6675749318801152
2022-05-28T23:00-07:00,0.6697648988518379
2022-05-28T23:15-07:00,0.6697648988518379
2022-05-28T23:30-07:00,0.682966807813134
2022-05-28T23:45-07:00,0.7093166007366043
2022-05-29T00:00-07:00,0.6810133478616118
2022-05-29T00:15-07:00,0.6840881105486324
2022-05-29T00:30-07:00,0.6826870562534072
2022-05-29T00:45-07:00,0.6714168265278221
2022-05-29T01:00-07:00,0.6852131012744901
2022-05-29T01:15-07:00,0.6857769853243663
2022-05-29T01:30-07:00,0.6700396554081834
2022-05-29T01:45-07:00,0.7110624914535821
2022-05-29T02:00-07:00,0.6692160611854747
2022-05-29T02:15-07:00,0.6838074398249391
2022-05-29T02:30-07:00,0.6282436492761603
2022-05-29T02:45-07:00,0.6697648988518379
2022-05-29T03:00-07:00,0.6427789934354423
2022-05-29T03:15-07:00,0.6435711351499321
2022-05-29T03:30-07:00,0.6292749658002799
2022-05-29T03:45-07:00,0.6708652792990205
2022-05-29T04:00-07:00,0.6840881105486324
2022-05-29T04:15-07:00,0.6565449322938038
2022-05-29T04:30-07:00,0.6852131012744901
2022-05-29T04:45-07:00,0.6576243321002877
2022-05-29T05:00-07:00,0.6425153793574784
2022-05-29T05:15-07:00,0.6835269993164668
2022-05-29T05:30-07:00,0.6150061500615006
2022-05-29T05:45-07:00,0.6978653530377669
2022-05-29T06:00-07:00,0.625424881033317
2022-05-29T06:15-07:00,0.6533278889342589
2022-05-29T06:30-07:00,0.6801795674057889
2022-05-29T06:45-07:00,0.6944444444444444
2022-05-29T07:00-07:00,0.6916192026037429
2022-05-29T07:15-07:00,0.6804572672836083
2022-05-29T07:30-07:00,0.6818491749624921
2022-05-29T07:45-07:00,0.7215793056500959
2022-05-29T08:00-07:00,0.6955810147299509
2022-05-29T08:15-07:00,0.6955810147299509
2022-05-29T08:30-07:00,0.667847894234707
2022-05-29T08:45-07:00,0.6538618716796076
2022-05-29T09:00-07:00,0.6560065600656007
2022-05-29T09:15-07:00,0.6285011613608479
2022-05-29T09:30-07:00,0.6846501437765239
2022-05-29T09:45-07:00,0.667847894234707
2022-05-29T10:00-07:00,0.6414630817524163
2022-05-29T10:15-07:00,0.6512006512006512
2022-05-29T10:30-07:00,0.6238980062389863
2022-05-29T10:45-07:00,0.650142218610321
2022-05-29T11:00-07:00,0.6506710044733631
2022-05-29T11:15-07:00,0.6648575305291785
2022-05-29T11:30-07:00,0.6269592476489091
2022-05-29T11:45-07:00,0.6662134602311415
2022-05-29T12:00-07:00,0.6533278889342589
2022-05-29T12:15-07:00,0.6391079684525366
2022-05-29T12:30-07:00,0.6398910823689522
2022-05-29T12:45-07:00,0.6393687933614411
2022-05-29T13:00-07:00,0.6396298312465915
2022-05-29T13:15-07:00,0.6670296760141636
2022-05-29T13:30-07:00,0.6541291905151267
2022-05-29T13:45-07:00,0.6414630817524163
2022-05-29T14:00-07:00,0.6279863481228731
2022-05-29T14:15-07:00,0.6269592476489091
2022-05-29T14:30-07:00,0.6686681222707486
2022-05-29T14:45-07:00,0.6264469562849034
2022-05-29T15:00-07:00,0.6812917291184023
2022-05-29T15:15-07:00,0.689375506893755
2022-05-29T15:30-07:00,0.6760411032990744
2022-05-29T15:45-07:00,0.6629684751725133
2022-05-29T16:00-07:00,0.6774149844194491
2022-05-29T16:15-07:00,0.6648575305291785
2022-05-29T16:30-07:00,0.6659418320195768
2022-05-29T16:45-07:00,0.6801795674057889
2022-05-29T17:00-07:00,0.6393687933614411
2022-05-29T17:15-07:00,0.6022447303586032
2022-05-29T17:30-07:00,0.6427789934354423
2022-05-29T17:45-07:00,0.6578947368421053
2022-05-29T18:00-07:00,0.6259355014287721
2022-05-29T18:15-07:00,0.6244061354689895
2022-05-29T18:30-07:00,0.5983138428066296
2022-05-29T18:45-07:00,0.6114961271911945
2022-05-29T19:00-07:00,0.6107491856677525
2022-05-29T19:15-07:00,0.638326768980029
2022-05-29T19:30-07:00,0.6172839506172839
2022-05-29T19:45-07:00,0.6385869565217329
2022-05-29T20:00-07:00,0.6519967400162999
2022-05-29T20:15-07:00,0.6393687933614411
2022-05-29T20:30-07:00,0.613747954173486
2022-05-29T20:45-07:00,0.6401525469899148
2022-05-29T21:00-07:00,0.6112469437652812
2022-05-29T21:15-07:00,0.613747954173486
2022-05-29T21:30-07:00,0.6810133478616118
2022-05-29T21:45-07:00,0.6398910823689522
2022-05-29T22:00-07:00,0.6388473562593386
2022-05-29T22:15-07:00,0.682966807813134
2022-05-29T22:30-07:00,0.6417258328782024
2022-05-29T22:45-07:00,0.6129955046996322
2022-05-29T23:00-07:00,0.6412005457025859
2022-05-29T23:15-07:00,0.6406761177753482
2022-05-29T23:30-07:00,0.6279863481228731
2022-05-29T23:45-07:00,0.627215707662946
2022-05-30T00:00-07:00,0.6533278889342589
2022-05-30T00:15-07:00,0.6568144499178982
2022-05-30T00:30-07:00,0.6560065600656007
2022-05-30T00:45-07:00,0.6422519814156811
2022-05-30T01:00-07:00,0.669490367536555
2022-05-30T01:15-07:00,0.667847894234707
2022-05-30T01:30-07:00,0.6938775510204082
2022-05-30T01:45-07:00,0.7070020394289661
2022-05-30T02:00-07:00,0.6970069700697007
2022-05-30T02:15-07:00,0.6826870562534072
2022-05-30T02:30-07:00,0.7087365408205051
2022-05-30T02:45-07:00,0.7227601254602419
2022-05-30T03:00-07:00,0.69359445124439
2022-05-30T03:15-07:00,0.6790710308298186
2022-05-30T03:30-07:00,0.6697648988518379
2022-05-30T03:45-07:00,0.669490367536555
2022-05-30T04:00-07:00,0.6832467887400867
2022-05-30T04:15-07:00,0.6984387838948234
2022-05-30T04:30-07:00,0.7122312012053206
2022-05-30T04:45-07:00,0.6576243321002877
2022-05-30T05:00-07:00,0.6812917291184023
2022-05-30T05:15-07:00,0.6821282401091343
2022-05-30T05:30-07:00,0.6554690700532568
2022-05-30T05:45-07:00,0.6947282386595831
2022-05-30T06:00-07:00,0.6697648988518379
2022-05-30T06:15-07:00,0.723648279628612
2022-05-30T06:30-07:00,0.6562756357670222
2022-05-30T06:45-07:00,0.6711409395973217
2022-05-30T07:00-07:00,0.7096069868995696
2022-05-30T07:15-07:00,0.6807351940095241
2022-05-30T07:30-07:00,0.6950122649223222
2022-05-30T07:45-07:00,0.6958657388456816
2022-05-30T08:00-07:00,0.7245386192754552
2022-05-30T08:15-07:00,0.7239448162819224
2022-05-30T08:30-07:00,0.6975789905621665
2022-05-30T08:45-07:00,0.6807351940095241
2022-05-30T09:00-07:00,0.6378070294476801
2022-05-30T09:15-07:00,0.6509357200976403
2022-05-30T09:30-07:00,0.6790710308298186
2022-05-30T09:45-07:00,0.7081574288438031
2022-05-30T10:00-07:00,0.6790710308298186
2022-05-30T10:15-07:00,0.6522625356706074
2022-05-30T10:30-07:00,0.6938775510204082
2022-05-30T10:45-07:00,0.6670296760141636
2022-05-30T11:00-07:00,0.6498781478472786
2022-05-30T11:15-07:00,0.6246605105920757
2022-05-30T11:30-07:00,0.677966101694909
2022-05-30T11:45-07:00,0.6645870066458762
2022-05-30T12:00-07:00,0.6372881355932142
2022-05-30T12:15-07:00,0.6648575305291785
2022-05-30T12:30-07:00,0.5829718004338457
2022-05-30T12:45-07:00,0.6100040666937779
2022-05-30T13:00-07:00,0.6105006105006106
2022-05-30T13:15-07:00,0.6238980062389863
2022-05-30T13:30-07:00,0.6514657980456026
2022-05-30T13:45-07:00,0.6640466187830392
2022-05-30T14:00-07:00,0.6785181164337025
2022-05-30T14:15-07:00,0.6799020940984436
2022-05-30T14:30-07:00,0.6662134602311415
2022-05-30T14:45-07:00,0.6793478260869503
2022-05-30T15:00-07:00,0.6535947712418301
2022-05-30T15:15-07:00,0.6530612244897959
2022-05-30T15:30-07:00,0.6533278889342589
2022-05-30T15:45-07:00,0.6673021925643532
2022-05-30T16:00-07:00,0.6810133478616118
2022-05-30T16:15-07:00,0.6924643584521385
2022-05-30T16:30-07:00,0.6692160611854747
2022-05-30T16:45-07:00,0.6840881105486324
2022-05-30T17:00-07:00,0.7224645583424147
2022-05-30T17:15-07:00,0.6787944610371918
2022-05-30T17:30-07:00,0.69359445124439
2022-05-30T17:45-07:00,0.6527947776417788
2022-05-30T18:00-07:00,0.6675749318801152
2022-05-30T18:15-07:00,0.6675749318801152
2022-05-30T18:30-07:00,0.6801795674057889
2022-05-30T18:45-07:00,0.6664853101197016
2022-05-30T19:00-07:00,0.65439672801636
2022-05-30T19:15-07:00,0.6535947712418301
2022-05-30T19:30-07:00,0.6393687933614411
2022-05-30T19:45-07:00,0.7334963325183375
2022-05-30T20:00-07:00,0.7198152926796081
2022-05-30T20:15-07:00,0.6651282747387058
2022-05-30T20:30-07:00,0.6667573819567351
2022-05-30T20:45-07:00,0.6835269993164668
2022-05-30T21:00-07:00,0.6708652792990205
2022-05-30T21:15-07:00,0.6990131578947368
2022-05-30T21:30-07:00,0.6708652792990205
2022-05-30T21:45-07:00,0.6832467887400867
2022-05-30T22:00-07:00,0.7245386192754552
2022-05-30T22:15-07:00,0.6708652792990205
2022-05-30T22:30-07:00,0.6430428239157141
2022-05-30T22:45-07:00,0.682966807813134
2022-05-30T23:00-07:00,0.627215707662946
2022-05-30T23:15-07:00,0.6832467887400867
2022-05-30T23:30-07:00,0.6692160611854747
2022-05-30T23:45-07:00,0.7084468664850199
2022-05-31T00:00-07:00,0.6656704252139717
2022-05-31T00:15-07:00,0.7096069868995696
2022-05-31T00:30-07:00,0.6692160611854747
2022-05-31T00:45-07:00,0.6686681222707486
2022-05-31T01:00-07:00,0.6826870562534072
2022-05-31T01:15-07:00,0.6686681222707486
2022-05-31T01:30-07:00,0.6554690700532568
2022-05-31T01:45-07:00,0.737402703809914
2022-05-31T02:00-07:00,0.667847894234707
2022-05-31T02:15-07:00,0.6812917291184023
2022-05-31T02:30-07:00,0.6947282386595831
2022-05-31T02:45-07:00,0.6807351940095241
2022-05-31T03:00-07:00,0.6673021925643532
2022-05-31T03:15-07:00,0.6818491749624921
2022-05-31T03:30-07:00,0.6681210799018333
2022-05-31T03:45-07:00,0.6955810147299509
2022-05-31T04:00-07:00,0.6958657388456816
2022-05-31T04:15-07:00,0.667847894234707
2022-05-31T04:30-07:00,0.7230559345156827
2022-05-31T04:45-07:00,0.6961506961506961
2022-05-31T05:00-07:00,0.6448957189901144
2022-05-31T05:15-07:00,0.6838074398249391
2022-05-31T05:30-07:00,0.6409382244647421
2022-05-31T05:45-07:00,0.7093166007366043
2022-05-31T06:00-07:00,0.7107709130672561
2022-05-31T06:15-07:00,0.7358953393295176
2022-05-31T06:30-07:00,0.6722458499108308
2022-05-31T06:45-07:00,0.700164744645799
2022-05-31T07:00-07:00,0.6705898453537766
2022-05-31T07:15-07:00,0.6947282386595831
2022-05-31T07:30-07:00,0.6938775510204082
2022-05-31T07:45-07:00,0.7209903414501366
2022-05-31T08:00-07:00,0.6799020940984436
2022-05-31T08:15-07:00,0.7221692328655067
2022-05-31T08:30-07:00,0.669490367536555
2022-05-31T08:45-07:00,0.6708652792990205
2022-05-31T09:00-07:00,0.7078682276068671
2022-05-31T09:15-07:00,0.6818491749624921
2022-05-31T09:30-07:00,0.6815703380588815
2022-05-31T09:45-07:00,0.6815703380588815
2022-05-31T10:00-07:00,0.710479573712262
2022-05-31T10:15-07:00,0.669490367536555
2022-05-31T10:30-07:00,0.6705898453537766
2022-05-31T10:45-07:00,0.669490367536555
2022-05-31T11:00-07:00,0.6562756357670222
2022-05-31T11:15-07:00,0.6821282401091343
2022-05-31T11:30-07:00,0.6285011613608479
2022-05-31T11:45-07:00,0.669490367536555
2022-05-31T12:00-07:00,0.6560065600656007
2022-05-31T12:15-07:00,0.6705898453537766
2022-05-31T12:30-07:00,0.6422519814156811
2022-05-31T12:45-07:00,0.6145022531749283
2022-05-31T13:00-07:00,0.6697648988518379
2022-05-31T13:15-07:00,0.6568144499178982
2022-05-31T13:30-07:00,0.6139991813344249
2022-05-31T13:45-07:00,0.6538618716796076
2022-05-31T14:00-07:00,0.6675749318801152
2022-05-31T14:15-07:00,0.6385869565217329
2022-05-31T14:30-07:00,0.5975825071302396
2022-05-31T14:45-07:00,0.6527947776417788
2022-05-31T15:00-07:00,0.6662134602311415
2022-05-31T15:15-07:00,0.6683944891556467
2022-05-31T15:30-07:00,0.6406761177753482
2022-05-31T15:45-07:00,0.6692160611854747
2022-05-31T16:00-07:00,0.6670296760141636
2022-05-31T16:15-07:00,0.7067137809187342
2022-05-31T16:30-07:00,0.7209903414501366
2022-05-31T16:45-07:00,0.7070020394289661
2022-05-31T17:00-07:00,0.6793478260869503
2022-05-31T17:15-07:00,0.7064257573699287
2022-05-31T17:30-07:00,0.7070020394289661
2022-05-31T17:45-07:00,0.6793478260869503
2022-05-31T18:00-07:00,0.6664853101197016
2022-05-31T18:15-07:00,0.6560065600656007
2022-05-31T18:30-07:00,0.6812917291184023
2022-05-31T18:45-07:00,0.6799020940984436
2022-05-31T19:00-07:00,0.7084468664850199
2022-05-31T19:15-07:00,0.6692160611854747
2022-05-31T19:30-07:00,0.6044786371754299
2022-05-31T19:45-07:00,0.6838074398249391
2022-05-31T20:00-07:00,0.669490367536555
2022-05-31T20:15-07:00,0.6310879407326171
2022-05-31T20:30-07:00,0.6584362139917695
2022-05-31T20:45-07:00,0.6987258528565556
2022-05-31T21:00-07:00,0.6840881105486324
2022-05-31T21:15-07:00,0.6565449322938038
2022-05-31T21:30-07:00,0.6700396554081834
2022-05-31T21:45-07:00,0.657354149548069
2022-05-31T22:00-07:00,0.6692160611854747
2022-05-31T22:15-07:00,0.7098976109215079
2022-05-31T22:30-07:00,0.6947282386595831
2022-05-31T22:45-07:00,0.6838074398249391
2022-05-31T23:00-07:00,0.6552006552006552
2022-05-31T23:15-07:00,0.6958657388456816
2022-05-31T23:30-07:00,0.6160164271047228
2022-05-31T23:45-07:00,0.6838074398249391
2022-06-01T00:00-07:00,0.6854949273375315
2022-06-01T00:15-07:00,0.6852131012744901
2022-06-01T00:30-07:00,0.6711409395973217
2022-06-01T00:45-07:00,0.6812917291184023
2022-06-01T01:00-07:00,0.7072905331882543
2022-06-01T01:15-07:00,0.6670296760141636
2022-06-01T01:30-07:00,0.6930289441500204
2022-06-01T01:45-07:00,0.6964358869315854
2022-06-01T02:00-07:00,0.6546644844517185
2022-06-01T02:15-07:00,0.6549324600900532
2022-06-01T02:30-07:00,0.6854949273375315
2022-06-01T02:45-07:00,0.6990131578947368
2022-06-01T03:00-07:00,0.6854949273375315
2022-06-01T03:15-07:00,0.658165364047717
2022-06-01T03:30-07:00,0.6857769853243663
2022-06-01T03:45-07:00,0.7134037590890445
2022-06-01T04:00-07:00,0.6857769853243663
2022-06-01T04:15-07:00,0.6595218466611706
2022-06-01T04:30-07:00,0.6739100536377453
2022-06-01T04:45-07:00,0.6700396554081834
2022-06-01T05:00-07:00,0.7122312012053206
2022-06-01T05:15-07:00,0.6589785831960461
2022-06-01T05:30-07:00,0.6716929403701228
2022-06-01T05:45-07:00,0.7122312012053206
2022-06-01T06:00-07:00,0.7263258873509598
2022-06-01T06:15-07:00,0.6978653530377669
2022-06-01T06:30-07:00,0.6854949273375315
2022-06-01T06:45-07:00,0.6995884773662552
2022-06-01T07:00-07:00,0.700164744645799
2022-06-01T07:15-07:00,0.6964358869315854
2022-06-01T07:30-07:00,0.7257291524031158
2022-06-01T07:45-07:00,0.6978653530377669
2022-06-01T08:00-07:00,0.6719692814042849
2022-06-01T08:15-07:00,0.710479573712262
2022-06-01T08:30-07:00,0.710188473094789
2022-06-01T08:45-07:00,0.7098976109215079
2022-06-01T09:00-07:00,0.7254311524774095
2022-06-01T09:15-07:00,0.6554690700532568
2022-06-01T09:30-07:00,0.6705898453537766
2022-06-01T09:45-07:00,0.6700396554081834
2022-06-01T10:00-07:00,0.7248358862144357
2022-06-01T10:15-07:00,0.6716929403701228
2022-06-01T10:30-07:00,0.6417258328782024
2022-06-01T10:45-07:00,0.6843690117711407
2022-06-01T11:00-07:00,0.7487067791995706
2022-06-01T11:15-07:00,0.6921824104234527
2022-06-01T11:30-07:00,0.7064257573699287
2022-06-01T11:45-07:00,0.7355946056395587
2022-06-01T12:00-07:00,0.6643167028199628
2022-06-01T12:15-07:00,0.6913379422529483
2022-06-01T12:30-07:00,0.7209903414501366
2022-06-01T12:45-07:00,0.6944444444444444
2022-06-01T13:00-07:00,0.7070020394289661
2022-06-01T13:15-07:00,0.707579262484698
2022-06-01T13:30-07:00,0.7218741487333089
2022-06-01T13:45-07:00,0.6667573819567351
2022-06-01T14:00-07:00,0.6944444444444444
2022-06-01T14:15-07:00,0.6378070294476801
2022-06-01T14:30-07:00,0.6244061354689895
2022-06-01T14:45-07:00,0.6664853101197016
2022-06-01T15:00-07:00,0.6653992395437325
2022-06-01T15:15-07:00,0.6782419967444322
2022-06-01T15:30-07:00,0.6656704252139717
2022-06-01T15:45-07:00,0.6404142253712978
2022-06-01T16:00-07:00,0.6681210799018333
2022-06-01T16:15-07:00,0.667847894234707
2022-06-01T16:30-07:00,0.6414630817524163
2022-06-01T16:45-07:00,0.6425153793574784
2022-06-01T17:00-07:00,0.6427789934354423
2022-06-01T17:15-07:00,0.6565449322938038
2022-06-01T17:30-07:00,0.6835269993164668
2022-06-01T17:45-07:00,0.669490367536555
2022-06-01T18:00-07:00,0.6955810147299509
2022-06-01T18:15-07:00,0.6683944891556467
2022-06-01T18:30-07:00,0.682966807813134
2022-06-01T18:45-07:00,0.6538618716796076
2022-06-01T19:00-07:00,0.6964358869315854
2022-06-01T19:15-07:00,0.7090264521407207
2022-06-01T19:30-07:00,0.7377049180327869
2022-06-01T19:45-07:00,0.6978653530377669
2022-06-01T20:00-07:00,0.6972928630024611
2022-06-01T20:15-07:00,0.6838074398249391
2022-06-01T20:30-07:00,0.6282436492761603
2022-06-01T20:45-07:00,0.6958657388456816
2022-06-01T21:00-07:00,0.7227601254602419
2022-06-01T21:15-07:00,0.6554690700532568
2022-06-01T21:30-07:00,0.6815703380588815
2022-06-01T21:45-07:00,0.6404142253712978
2022-06-01T22:00-07:00,0.6846501437765239
2022-06-01T22:15-07:00,0.658165364047717
2022-06-01T22:30-07:00,0.6592501030078286
2022-06-01T22:45-07:00,0.7272228320526831
2022-06-01T23:00-07:00,0.6838074398249391
2022-06-01T23:15-07:00,0.6554690700532568
2022-06-01T23:30-07:00,0.6568144499178982
2022-06-01T23:45-07:00,0.6846501437765239
2022-06-02T00:00-07:00,0.6727996704654738
2022-06-02T00:15-07:00,0.6727996704654738
2022-06-02T00:30-07:00,0.6716929403701228
2022-06-02T00:45-07:00,0.657354149548069
2022-06-02T01:00-07:00,0.6716929403701228
2022-06-02T01:15-07:00,0.6978653530377669
2022-06-02T01:30-07:00,0.6683944891556467
2022-06-02T01:45-07:00,0.6538618716796076
2022-06-02T02:00-07:00,0.6570841889117043
2022-06-02T02:15-07:00,0.6576243321002877
2022-06-02T02:30-07:00,0.6438356164383499
2022-06-02T02:45-07:00,0.6703146374829064
2022-06-02T03:00-07:00,0.711938663745899
2022-06-02T03:15-07:00,0.6981519507186859
2022-06-02T03:30-07:00,0.6849315068493088
2022-06-02T03:45-07:00,0.6576243321002877
2022-06-02T04:00-07:00,0.6438356164383499
2022-06-02T04:15-07:00,0.6964358869315854
2022-06-02T04:30-07:00,0.6697648988518379
2022-06-02T04:45-07:00,0.6835269993164668
2022-06-02T05:00-07:00,0.6697648988518379
2022-06-02T05:15-07:00,0.6832467887400867
2022-06-02T05:30-07:00,0.669490367536555
2022-06-02T05:45-07:00,0.6826870562534072
2022-06-02T06:00-07:00,0.6840881105486324
2022-06-02T06:15-07:00,0.6852131012744901
2022-06-02T06:30-07:00,0.64675932296683
2022-06-02T06:45-07:00,0.6995884773662552
2022-06-02T07:00-07:00,0.6984387838948234
2022-06-02T07:15-07:00,0.7204023379094677
2022-06-02T07:30-07:00,0.6947282386595831
2022-06-02T07:45-07:00,0.6840881105486324
2022-06-02T08:00-07:00,0.6592501030078286
2022-06-02T08:15-07:00,0.6287588846364196
2022-06-02T08:30-07:00,0.6686681222707486
2022-06-02T08:45-07:00,0.6412005457025859
2022-06-02T09:00-07:00,0.6292749658002799
2022-06-02T09:15-07:00,0.6385869565217329
2022-06-02T09:30-07:00,0.6401525469899148
2022-06-02T09:45-07:00,0.6552006552006552
2022-06-02T10:00-07:00,0.6305688827964422
2022-06-02T10:15-07:00,0.6541291905151267
2022-06-02T10:30-07:00,0.6000272739669923
2022-06-02T10:45-07:00,0.6414630817524163
2022-06-02T11:00-07:00,0.6568144499178982
2022-06-02T11:15-07:00,0.6664853101197016
2022-06-02T11:30-07:00,0.6975789905621665
2022-06-02T11:45-07:00,0.6824075337791666
2022-06-02T12:00-07:00,0.669490367536555
2022-06-02T12:15-07:00,0.5884768030655598
2022-06-02T12:30-07:00,0.6438356164383499
2022-06-02T12:45-07:00,0.667847894234707
2022-06-02T13:00-07:00,0.6952965235173824
2022-06-02T13:15-07:00,0.6835269993164668
2022-06-02T13:30-07:00,0.6557377049180327
2022-06-02T13:45-07:00,0.6391079684525366
2022-06-02T14:00-07:00,0.6804572672836083
2022-06-02T14:15-07:00,0.7070020394289661
2022-06-02T14:30-07:00,0.6282436492761603
2022-06-02T14:45-07:00,0.6675749318801152
2022-06-02T15:00-07:00,0.6422519814156811
2022-06-02T15:15-07:00,0.6549324600900532
2022-06-02T15:30-07:00,0.6549324600900532
2022-06-02T15:45-07:00,0.6249150930580146
2022-06-02T16:00-07:00,0.7072905331882543
2022-06-02T16:15-07:00,0.65439672801636
2022-06-02T16:30-07:00,0.667847894234707
2022-06-02T16:45-07:00,0.6944444444444444
2022-06-02T17:00-07:00,0.6562756357670222
2022-06-02T17:15-07:00,0.6703146374829064
2022-06-02T17:30-07:00,0.7233519858059171
2022-06-02T17:45-07:00,0.7499318243796081
2022-06-02T18:00-07:00,0.7204023379094677
2022-06-02T18:15-07:00,0.723648279628612
2022-06-02T18:30-07:00,0.748401143012661
2022-06-02T18:45-07:00,0.7221692328655067
2022-06-02T19:00-07:00,0.6950122649223222
2022-06-02T19:15-07:00,0.7098976109215079
2022-06-02T19:30-07:00,0.6438356164383499
2022-06-02T19:45-07:00,0.6409382244647421
2022-06-02T20:00-07:00,0.6132461161079313
2022-06-02T20:15-07:00,0.6681210799018333
2022-06-02T20:30-07:00,0.6662134602311415
2022-06-02T20:45-07:00,0.6552006552006552
2022-06-02T21:00-07:00,0.6824075337791666
2022-06-02T21:15-07:00,0.6568144499178982
2022-06-02T21:30-07:00,0.6689419795221906
2022-06-02T21:45-07:00,0.6821282401091343
2022-06-02T22:00-07:00,0.6425153793574784
2022-06-02T22:15-07:00,0.6145022531749283
2022-06-02T22:30-07:00,0.6592501030078286
2022-06-02T22:45-07:00,0.6308283049917781
2022-06-02T23:00-07:00,0.6430428239157141
2022-06-02T23:15-07:00,0.669490367536555
2022-06-02T23:30-07:00,0.6549324600900532
2022-06-02T23:45-07:00,0.6675749318801152
2022-06-03T00:00-07:00,0.6292749658002799
2022-06-03T00:15-07:00,0.6427789934354423
2022-06-03T00:30-07:00,0.6686681222707486
2022-06-03T00:45-07:00,0.682966807813134
2022-06-03T01:00-07:00,0.6821282401091343
2022-06-03T01:15-07:00,0.6714168265278221
2022-06-03T01:30-07:00,0.658165364047717
2022-06-03T01:45-07:00,0.6714168265278221
2022-06-03T02:00-07:00,0.6305688827964422
2022-06-03T02:15-07:00,0.6578947368421053
2022-06-03T02:30-07:00,0.6984387838948234
2022-06-03T02:45-07:00,0.6714168265278221
2022-06-03T03:00-07:00,0.6568144499178982
2022-06-03T03:15-07:00,0.6584362139917695
2022-06-03T03:30-07:00,0.7128169979438034
2022-06-03T03:45-07:00,0.6578947368421053
2022-06-03T04:00-07:00,0.6441003151980204
2022-06-03T04:15-07:00,0.6869075422448075
2022-06-03T04:30-07:00,0.6595218466611706
2022-06-03T04:45-07:00,0.6321286244331518
2022-06-03T05:00-07:00,0.6433068710648719
2022-06-03T05:15-07:00,0.6733544042874874
2022-06-03T05:30-07:00,0.6673021925643532
2022-06-03T05:45-07:00,0.6391079684525366
2022-06-03T06:00-07:00,0.669490367536555
2022-06-03T06:15-07:00,0.6987258528565556
2022-06-03T06:30-07:00,0.6441003151980204
2022-06-03T06:45-07:00,0.6733544042874874
2022-06-03T07:00-07:00,0.6584362139917695
2022-06-03T07:15-07:00,0.6167763157894737
2022-06-03T07:30-07:00,0.6708652792990205
2022-06-03T07:45-07:00,0.630309673883262
2022-06-03T08:00-07:00,0.6565449322938038
2022-06-03T08:15-07:00,0.6441003151980204
2022-06-03T08:30-07:00,0.7087365408205051
2022-06-03T08:45-07:00,0.6147540983606558
2022-06-03T09:00-07:00,0.5992917461182177
2022-06-03T09:15-07:00,0.6409382244647421
2022-06-03T09:30-07:00,0.6150061500615006
2022-06-03T09:45-07:00,0.6295333242096682
2022-06-03T10:00-07:00,0.5894448252227615
2022-06-03T10:15-07:00,0.6292749658002799
2022-06-03T10:30-07:00,0.6305688827964422
2022-06-03T10:45-07:00,0.602739726027391
2022-06-03T11:00-07:00,0.629791894852142
2022-06-03T11:15-07:00,0.6689419795221906
2022-06-03T11:30-07:00,0.6422519814156811
2022-06-03T11:45-07:00,0.6409382244647421
2022-06-03T12:00-07:00,0.6282436492761603
2022-06-03T12:15-07:00,0.6419887993443456
2022-06-03T12:30-07:00,0.6139991813344249
2022-06-03T12:45-07:00,0.6414630817524163
2022-06-03T13:00-07:00,0.629791894852142
2022-06-03T13:15-07:00,0.6670296760141636
2022-06-03T13:30-07:00,0.6236442516269043
2022-06-03T13:45-07:00,0.637029005150441
2022-06-03T14:00-07:00,0.6102522375915378
2022-06-03T14:15-07:00,0.6651282747387058
2022-06-03T14:30-07:00,0.6793478260869503
2022-06-03T14:45-07:00,0.7072905331882543
2022-06-03T15:00-07:00,0.7227601254602419
2022-06-03T15:15-07:00,0.6683944891556467
2022-06-03T15:30-07:00,0.6849315068493088
2022-06-03T15:45-07:00,0.6570841889117043
2022-06-03T16:00-07:00,0.6824075337791666
2022-06-03T16:15-07:00,0.6972928630024611
2022-06-03T16:30-07:00,0.6673021925643532
2022-06-03T16:45-07:00,0.6664853101197016
2022-06-03T17:00-07:00,0.7072905331882543
2022-06-03T17:15-07:00,0.6538618716796076
2022-06-03T17:30-07:00,0.6533278889342589
2022-06-03T17:45-07:00,0.6673021925643532
2022-06-03T18:00-07:00,0.6673021925643532
2022-06-03T18:15-07:00,0.6522625356706074
2022-06-03T18:30-07:00,0.6944444444444444
2022-06-03T18:45-07:00,0.6944444444444444
2022-06-03T19:00-07:00,0.69416088199265
2022-06-03T19:15-07:00,0.6401525469899148
2022-06-03T19:30-07:00,0.6675749318801152
2022-06-03T19:45-07:00,0.6846501437765239
2022-06-03T20:00-07:00,0.6705898453537766
2022-06-03T20:15-07:00,0.711354309165533
2022-06-03T20:30-07:00,0.669490367536555
2022-06-03T20:45-07:00,0.6832467887400867
2022-06-03T21:00-07:00,0.6824075337791666
2022-06-03T21:15-07:00,0.7496251874063031
2022-06-03T21:30-07:00,0.6821282401091343
2022-06-03T21:45-07:00,0.7107709130672561
2022-06-03T22:00-07:00,0.6975789905621665
2022-06-03T22:15-07:00,0.6812917291184023
2022-06-03T22:30-07:00,0.6801795674057889
2022-06-03T22:45-07:00,0.6967213114754098
2022-06-03T23:00-07:00,0.7090264521407207
2022-06-03T23:15-07:00,0.6955810147299509
2022-06-03T23:30-07:00,0.6984387838948234
2022-06-03T23:45-07:00,0.6703146374829064
2022-06-04T00:00-07:00,0.6826870562534072
2022-06-04T00:15-07:00,0.6600660066006601
2022-06-04T00:30-07:00,0.6592501030078286
2022-06-04T00:45-07:00,0.6716929403701228
2022-06-04T01:00-07:00,0.6584362139917695
2022-06-04T01:15-07:00,0.7404360345536816
2022-06-04T01:30-07:00,0.6719692814042849
2022-06-04T01:45-07:00,0.7128169979438034
2022-06-04T02:00-07:00,0.6840881105486324
2022-06-04T02:15-07:00,0.6565449322938038
2022-06-04T02:30-07:00,0.6287588846364196
2022-06-04T02:45-07:00,0.6554690700532568
2022-06-04T03:00-07:00,0.6824075337791666
2022-06-04T03:15-07:00,0.6810133478616118
2022-06-04T03:30-07:00,0.6838074398249391
2022-06-04T03:45-07:00,0.6843690117711407
2022-06-04T04:00-07:00,0.6972928630024611
2022-06-04T04:15-07:00,0.6981519507186859
2022-06-04T04:30-07:00,0.6708652792990205
2022-06-04T04:45-07:00,0.7257291524031158
2022-06-04T05:00-07:00,0.7134037590890445
2022-06-04T05:15-07:00,0.6587072869493619
2022-06-04T05:30-07:00,0.6727996704654738
2022-06-04T05:45-07:00,0.6727996704654738
2022-06-04T06:00-07:00,0.6584362139917695
2022-06-04T06:15-07:00,0.6860592755213988
2022-06-04T06:30-07:00,0.6722458499108308
2022-06-04T06:45-07:00,0.6860592755213988
2022-06-04T07:00-07:00,0.6589785831960461
2022-06-04T07:15-07:00,0.6565449322938038
2022-06-04T07:30-07:00,0.6964358869315854
2022-06-04T07:45-07:00,0.6697648988518379
2022-06-04T08:00-07:00,0.6970069700697007
2022-06-04T08:15-07:00,0.7081574288438031
2022-06-04T08:30-07:00,0.7087365408205051
2022-06-04T08:45-07:00,0.6835269993164668
2022-06-04T09:00-07:00,0.7212847033206252
2022-06-04T09:15-07:00,0.6807351940095241
2022-06-04T09:30-07:00,0.69359445124439
2022-06-04T09:45-07:00,0.7078682276068671
2022-06-04T10:00-07:00,0.6787944610371918
2022-06-04T10:15-07:00,0.6656704252139717
2022-06-04T10:30-07:00,0.6810133478616118
2022-06-04T10:45-07:00,0.7349938750510412
2022-06-04T11:00-07:00,0.6944444444444444
2022-06-04T11:15-07:00,0.6667573819567351
2022-06-04T11:30-07:00,0.6955810147299509
2022-06-04T11:45-07:00,0.6527947776417788
2022-06-04T12:00-07:00,0.6790710308298186
2022-06-04T12:15-07:00,0.7198152926796081
2022-06-04T12:30-07:00,0.6916192026037429
2022-06-04T12:45-07:00,0.6774149844194491
2022-06-04T13:00-07:00,0.6916192026037429
2022-06-04T13:15-07:00,0.6921824104234527
2022-06-04T13:30-07:00,0.6637767542671424
2022-06-04T13:45-07:00,0.7180598834846165
2022-06-04T14:00-07:00,0.7052760070527663
2022-06-04T14:15-07:00,0.6651282747387058
2022-06-04T14:30-07:00,0.7055630936228013
2022-06-04T14:45-07:00,0.6807351940095241
2022-06-04T15:00-07:00,0.6134969325153374
2022-06-04T15:15-07:00,0.6796248470844032
2022-06-04T15:30-07:00,0.6673021925643532
2022-06-04T15:45-07:00,0.6675749318801152
2022-06-04T16:00-07:00,0.6417258328782024
2022-06-04T16:15-07:00,0.6527947776417788
2022-06-04T16:30-07:00,0.6535947712418301
2022-06-04T16:45-07:00,0.6799020940984436
2022-06-04T17:00-07:00,0.7349938750510412
2022-06-04T17:15-07:00,0.6675749318801152
2022-06-04T17:30-07:00,0.6686681222707486
2022-06-04T17:45-07:00,0.6849315068493088
2022-06-04T18:00-07:00,0.6256800870511487
2022-06-04T18:15-07:00,0.6807351940095241
2022-06-04T18:30-07:00,0.6541291905151267
2022-06-04T18:45-07:00,0.6849315068493088
2022-06-04T19:00-07:00,0.6719692814042849
2022-06-04T19:15-07:00,0.6984387838948234
2022-06-04T19:30-07:00,0.6703146374829064
2022-06-04T19:45-07:00,0.6961506961506961
2022-06-04T20:00-07:00,0.6587072869493619
2022-06-04T20:15-07:00,0.6456930897101187
2022-06-04T20:30-07:00,0.6964358869315854
2022-06-04T20:45-07:00,0.6964358869315854
2022-06-04T21:00-07:00,0.7093166007366043
2022-06-04T21:15-07:00,0.7128169979438034
2022-06-04T21:30-07:00,0.6984387838948234
2022-06-04T21:45-07:00,0.6578947368421053
2022-06-04T22:00-07:00,0.6714168265278221
2022-06-04T22:15-07:00,0.6689419795221906
2022-06-04T22:30-07:00,0.6955810147299509
2022-06-04T22:45-07:00,0.6995884773662552
2022-06-04T23:00-07:00,0.6978653530377669
2022-06-04T23:15-07:00,0.669490367536555
2022-06-04T23:30-07:00,0.710188473094789
2022-06-04T23:45-07:00,0.7230559345156827
2022-06-05T00:00-07:00,0.6821282401091343
2022-06-05T00:15-07:00,0.6947282386595831
2022-06-05T00:30-07:00,0.7081574288438031
2022-06-05T00:45-07:00,0.6964358869315854
2022-06-05T01:00-07:00,0.682966807813134
2022-06-05T01:15-07:00,0.6552006552006552
2022-06-05T01:30-07:00,0.6730769230769293
2022-06-05T01:45-07:00,0.6722458499108308
2022-06-05T02:00-07:00,0.6854949273375315
2022-06-05T02:15-07:00,0.6846501437765239
2022-06-05T02:30-07:00,0.6714168265278221
2022-06-05T02:45-07:00,0.6711409395973217
2022-06-05T03:00-07:00,0.6846501437765239
2022-06-05T03:15-07:00,0.6446303662049039
2022-06-05T03:30-07:00,0.6711409395973217
2022-06-05T03:45-07:00,0.6714168265278221
2022-06-05T04:00-07:00,0.6854949273375315
2022-06-05T04:15-07:00,0.6993006993006993
2022-06-05T04:30-07:00,0.6730769230769293
2022-06-05T04:45-07:00,0.6995884773662552
2022-06-05T05:00-07:00,0.6857769853243663
2022-06-05T05:15-07:00,0.6454270804723914
2022-06-05T05:30-07:00,0.6459593183067557
2022-06-05T05:45-07:00,0.6801795674057889
2022-06-05T06:00-07:00,0.6950122649223222
2022-06-05T06:15-07:00,0.6815703380588815
2022-06-05T06:30-07:00,0.7215793056500959
2022-06-05T06:45-07:00,0.7087365408205051
2022-06-05T07:00-07:00,0.6944444444444444
2022-06-05T07:15-07:00,0.6519967400162999
2022-06-05T07:30-07:00,0.6425153793574784
2022-06-05T07:45-07:00,0.686341798215505
2022-06-05T08:00-07:00,0.6313477902827402
2022-06-05T08:15-07:00,0.6961506961506961
2022-06-05T08:30-07:00,0.7224645583424147
2022-06-05T08:45-07:00,0.6310879407326171
2022-06-05T09:00-07:00,0.6446303662049039
2022-06-05T09:15-07:00,0.6675749318801152
2022-06-05T09:30-07:00,0.6267029972752106
2022-06-05T09:45-07:00,0.6367700853542818
2022-06-05T10:00-07:00,0.6533278889342589
2022-06-05T10:15-07:00,0.6525285481239804
2022-06-05T10:30-07:00,0.65439672801636
2022-06-05T10:45-07:00,0.69359445124439
2022-06-05T11:00-07:00,0.6509357200976403
2022-06-05T11:15-07:00,0.6100040666937779
2022-06-05T11:30-07:00,0.6525285481239804
2022-06-05T11:45-07:00,0.65439672801636
2022-06-05T12:00-07:00,0.6398910823689522
2022-06-05T12:15-07:00,0.6535947712418301
2022-06-05T12:30-07:00,0.6414630817524163
2022-06-05T12:45-07:00,0.689375506893755
2022-06-05T13:00-07:00,0.6910569105691057
2022-06-05T13:15-07:00,0.6367700853542818
2022-06-05T13:30-07:00,0.6238980062389863
2022-06-05T13:45-07:00,0.6117455138662317
2022-06-05T14:00-07:00,0.6757669955399317
2022-06-05T14:15-07:00,0.6244061354689895
2022-06-05T14:30-07:00,0.6799020940984436
2022-06-05T14:45-07:00,0.5990469707283804
2022-06-05T15:00-07:00,0.6414630817524163
2022-06-05T15:15-07:00,0.6541291905151267
2022-06-05T15:30-07:00,0.6419887993443456
2022-06-05T15:45-07:00,0.6670296760141636
2022-06-05T16:00-07:00,0.6267029972752106
2022-06-05T16:15-07:00,0.6944444444444444
2022-06-05T16:30-07:00,0.6142506142506142
2022-06-05T16:45-07:00,0.6282436492761603
2022-06-05T17:00-07:00,0.60150375939849
2022-06-05T17:15-07:00,0.590172934394736
2022-06-05T17:30-07:00,0.6367700853542818
2022-06-05T17:45-07:00,0.6904955320877335
2022-06-05T18:00-07:00,0.6952965235173824
2022-06-05T18:15-07:00,0.6683944891556467
2022-06-05T18:30-07:00,0.6938775510204082
2022-06-05T18:45-07:00,0.6264469562849034
2022-06-05T19:00-07:00,0.6675749318801152
2022-06-05T19:15-07:00,0.6967213114754098
2022-06-05T19:30-07:00,0.6815703380588815
2022-06-05T19:45-07:00,0.707579262484698
2022-06-05T20:00-07:00,0.6958657388456816
2022-06-05T20:15-07:00,0.7072905331882543
2022-06-05T20:30-07:00,0.6821282401091343
2022-06-05T20:45-07:00,0.7227601254602419
2022-06-05T21:00-07:00,0.7081574288438031
2022-06-05T21:15-07:00,0.7078682276068671
2022-06-05T21:30-07:00,0.7072905331882543
2022-06-05T21:45-07:00,0.6950122649223222
2022-06-05T22:00-07:00,0.6804572672836083
2022-06-05T22:15-07:00,0.6927465362673186
2022-06-05T22:30-07:00,0.6313477902827402
2022-06-05T22:45-07:00,0.7131102578167918
2022-06-05T23:00-07:00,0.6316078539063635
2022-06-05T23:15-07:00,0.657354149548069
2022-06-05T23:30-07:00,0.6703146374829064
2022-06-05T23:45-07:00,0.6967213114754098
2022-06-06T00:00-07:00,0.6818491749624921
2022-06-06T00:15-07:00,0.6552006552006552
2022-06-06T00:30-07:00,0.6552006552006552
2022-06-06T00:45-07:00,0.6406761177753482
2022-06-06T01:00-07:00,0.6967213114754098
2022-06-06T01:15-07:00,0.6824075337791666
2022-06-06T01:30-07:00,0.6290168193627849
2022-06-06T01:45-07:00,0.6975789905621665
2022-06-06T02:00-07:00,0.6967213114754098
2022-06-06T02:15-07:00,0.6419887993443456
2022-06-06T02:30-07:00,0.6546644844517185
2022-06-06T02:45-07:00,0.669490367536555
2022-06-06T03:00-07:00,0.6961506961506961
2022-06-06T03:15-07:00,0.6686681222707486
2022-06-06T03:30-07:00,0.6961506961506961
2022-06-06T03:45-07:00,0.6546644844517185
2022-06-06T04:00-07:00,0.6697648988518379
2022-06-06T04:15-07:00,0.6711409395973217
2022-06-06T04:30-07:00,0.7125239791723823
2022-06-06T04:45-07:00,0.6725226461707446
2022-06-06T05:00-07:00,0.6459593183067557
2022-06-06T05:15-07:00,0.6584362139917695
2022-06-06T05:30-07:00,0.6930289441500204
2022-06-06T05:45-07:00,0.69359445124439
2022-06-06T06:00-07:00,0.6955810147299509
2022-06-06T06:15-07:00,0.6705898453537766
2022-06-06T06:30-07:00,0.6689419795221906
2022-06-06T06:45-07:00,0.6821282401091343
2022-06-06T07:00-07:00,0.6147540983606558
2022-06-06T07:15-07:00,0.6552006552006552
2022-06-06T07:30-07:00,0.6007646095029976
2022-06-06T07:45-07:00,0.6406761177753482
2022-06-06T08:00-07:00,0.6681210799018333
2022-06-06T08:15-07:00,0.667847894234707
2022-06-06T08:30-07:00,0.65439672801636
2022-06-06T08:45-07:00,0.6700396554081834
2022-06-06T09:00-07:00,0.6648575305291785
2022-06-06T09:15-07:00,0.6782419967444322
2022-06-06T09:30-07:00,0.6357365075070951
2022-06-06T09:45-07:00,0.6546644844517185
2022-06-06T10:00-07:00,0.6277292576419277
2022-06-06T10:15-07:00,0.6277292576419277
2022-06-06T10:30-07:00,0.6010107908755572
2022-06-06T10:45-07:00,0.5598033861277928
2022-06-06T11:00-07:00,0.6425153793574784
2022-06-06T11:15-07:00,0.60150375939849
2022-06-06T11:30-07:00,0.6427789934354423
2022-06-06T11:45-07:00,0.625424881033317
2022-06-06T12:00-07:00,0.6388473562593386
2022-06-06T12:15-07:00,0.6269592476489091
2022-06-06T12:30-07:00,0.6109979633401222
2022-06-06T12:45-07:00,0.6522625356706074
2022-06-06T13:00-07:00,0.5985580193170935
2022-06-06T13:15-07:00,0.6557377049180327
2022-06-06T13:30-07:00,0.6385869565217329
2022-06-06T13:45-07:00,0.6509357200976403
2022-06-06T14:00-07:00,0.6267029972752106
2022-06-06T14:15-07:00,0.6916192026037429
2022-06-06T14:30-07:00,0.6269592476489091
2022-06-06T14:45-07:00,0.6367700853542818
2022-06-06T15:00-07:00,0.6519967400162999
2022-06-06T15:15-07:00,0.650142218610321
2022-06-06T15:30-07:00,0.6554690700532568
2022-06-06T15:45-07:00,0.6705898453537766
2022-06-06T16:00-07:00,0.6017505470459455
2022-06-06T16:15-07:00,0.6433068710648719
2022-06-06T16:30-07:00,0.65439672801636
2022-06-06T16:45-07:00,0.6705898453537766
2022-06-06T17:00-07:00,0.6562756357670222
2022-06-06T17:15-07:00,0.6565449322938038
2022-06-06T17:30-07:00,0.6167763157894737
2022-06-06T17:45-07:00,0.6570841889117043
2022-06-06T18:00-07:00,0.6570841889117043
2022-06-06T18:15-07:00,0.6562756357670222
2022-06-06T18:30-07:00,0.6560065600656007
2022-06-06T18:45-07:00,0.6978653530377669
2022-06-06T19:00-07:00,0.7284222100054912
2022-06-06T19:15-07:00,0.6964358869315854
2022-06-06T19:30-07:00,0.7078682276068671
2022-06-06T19:45-07:00,0.6972928630024611
2022-06-06T20:00-07:00,0.710479573712262
2022-06-06T20:15-07:00,0.710188473094789
2022-06-06T20:30-07:00,0.6812917291184023
2022-06-06T20:45-07:00,0.6404142253712978
2022-06-06T21:00-07:00,0.6546644844517185
2022-06-06T21:15-07:00,0.7227601254602419
2022-06-06T21:30-07:00,0.6673021925643532
2022-06-06T21:45-07:00,0.6670296760141636
2022-06-06T22:00-07:00,0.6527947776417788
2022-06-06T22:15-07:00,0.7142857142857206
2022-06-06T22:30-07:00,0.6860592755213988
2022-06-06T22:45-07:00,0.6714168265278221
2022-06-06T23:00-07:00,0.6433068710648719
2022-06-06T23:15-07:00,0.6821282401091343
2022-06-06T23:30-07:00,0.6711409395973217
2022-06-06T23:45-07:00,0.6427789934354423
2022-06-07T00:00-07:00,0.6993006993006993
2022-06-07T00:15-07:00,0.6568144499178982
2022-06-07T00:30-07:00,0.6703146374829064
2022-06-07T00:45-07:00,0.6824075337791666
2022-06-07T01:00-07:00,0.6826870562534072
2022-06-07T01:15-07:00,0.6843690117711407
2022-06-07T01:30-07:00,0.6419887993443456
2022-06-07T01:45-07:00,0.6422519814156811
2022-06-07T02:00-07:00,0.6419887993443456
2022-06-07T02:15-07:00,0.6546644844517185
2022-06-07T02:30-07:00,0.6155108740254411
2022-06-07T02:45-07:00,0.6285011613608479
2022-06-07T03:00-07:00,0.6552006552006552
2022-06-07T03:15-07:00,0.6826870562534072
2022-06-07T03:30-07:00,0.6419887993443456
2022-06-07T03:45-07:00,0.6964358869315854
2022-06-07T04:00-07:00,0.6554690700532568
2022-06-07T04:15-07:00,0.6430428239157141
2022-06-07T04:30-07:00,0.657354149548069
2022-06-07T04:45-07:00,0.6716929403701228
2022-06-07T05:00-07:00,0.6313477902827402
2022-06-07T05:15-07:00,0.686341798215505
2022-06-07T05:30-07:00,0.6425153793574784
2022-06-07T05:45-07:00,0.6705898453537766
2022-06-07T06:00-07:00,0.669490367536555
2022-06-07T06:15-07:00,0.6689419795221906
2022-06-07T06:30-07:00,0.6681210799018333
2022-06-07T06:45-07:00,0.6821282401091343
2022-06-07T07:00-07:00,0.6675749318801152
2022-06-07T07:15-07:00,0.6725226461707446
2022-06-07T07:30-07:00,0.6034837470854415
2022-06-07T07:45-07:00,0.6274723775746891
2022-06-07T08:00-07:00,0.6664853101197016
2022-06-07T08:15-07:00,0.6812917291184023
2022-06-07T08:30-07:00,0.6259355014287721
2022-06-07T08:45-07:00,0.6645870066458762
2022-06-07T09:00-07:00,0.6645870066458762
2022-06-07T09:15-07:00,0.6645870066458762
2022-06-07T09:30-07:00,0.6236442516269043
2022-06-07T09:45-07:00,0.6667573819567351
2022-06-07T10:00-07:00,0.6236442516269043
2022-06-07T10:15-07:00,0.6398910823689522
2022-06-07T10:30-07:00,0.6527947776417788
2022-06-07T10:45-07:00,0.6662134602311415
2022-06-07T11:00-07:00,0.6664853101197016
2022-06-07T11:15-07:00,0.6776904310111079
2022-06-07T11:30-07:00,0.6226312939902606
2022-06-07T11:45-07:00,0.637029005150441
2022-06-07T12:00-07:00,0.6916192026037429
2022-06-07T12:15-07:00,0.69359445124439
2022-06-07T12:30-07:00,0.6667573819567351
2022-06-07T12:45-07:00,0.6697648988518379
2022-06-07T13:00-07:00,0.6807351940095241
2022-06-07T13:15-07:00,0.6838074398249391
2022-06-07T13:30-07:00,0.6435711351499321
2022-06-07T13:45-07:00,0.6530612244897959
2022-06-07T14:00-07:00,0.6921824104234527
2022-06-07T14:15-07:00,0.5711954304365565
2022-06-07T14:30-07:00,0.6102522375915378
2022-06-07T14:45-07:00,0.6659418320195768
2022-06-07T15:00-07:00,0.5970959424616575
2022-06-07T15:15-07:00,0.6251698831204193
2022-06-07T15:30-07:00,0.6385869565217329
2022-06-07T15:45-07:00,0.6801795674057889
2022-06-07T16:00-07:00,0.6664853101197016
2022-06-07T16:15-07:00,0.7067137809187342
2022-06-07T16:30-07:00,0.6670296760141636
2022-06-07T16:45-07:00,0.6796248470844032
2022-06-07T17:00-07:00,0.7072905331882543
2022-06-07T17:15-07:00,0.6139991813344249
2022-06-07T17:30-07:00,0.6269592476489091
2022-06-07T17:45-07:00,0.6793478260869503
2022-06-07T18:00-07:00,0.6251698831204193
2022-06-07T18:15-07:00,0.65439672801636
2022-06-07T18:30-07:00,0.6689419795221906
2022-06-07T18:45-07:00,0.5985580193170935
2022-06-07T19:00-07:00,0.6821282401091343
2022-06-07T19:15-07:00,0.7070020394289661
2022-06-07T19:30-07:00,0.6430428239157141
2022-06-07T19:45-07:00,0.6686681222707486
2022-06-07T20:00-07:00,0.6725226461707446
2022-06-07T20:15-07:00,0.6716929403701228
2022-06-07T20:30-07:00,0.6595218466611706
2022-06-07T20:45-07:00,0.6570841889117043
2022-06-07T21:00-07:00,0.6589785831960461
2022-06-07T21:15-07:00,0.6597938144329897
2022-06-07T21:30-07:00,0.6305688827964422
2022-06-07T21:45-07:00,0.6565449322938038
2022-06-07T22:00-07:00,0.682966807813134
2022-06-07T22:15-07:00,0.6292749658002799
2022-06-07T22:30-07:00,0.590172934394736
2022-06-07T22:45-07:00,0.6170300287947347
2022-06-07T23:00-07:00,0.5744768157570784
2022-06-07T23:15-07:00,0.6554690700532568
2022-06-07T23:30-07:00,0.6435711351499321
2022-06-07T23:45-07:00,0.6417258328782024
2022-06-08T00:00-07:00,0.6557377049180327
2022-06-08T00:15-07:00,0.6287588846364196
2022-06-08T00:30-07:00,0.6287588846364196
2022-06-08T00:45-07:00,0.6686681222707486
2022-06-08T01:00-07:00,0.6412005457025859
2022-06-08T01:15-07:00,0.6287588846364196
2022-06-08T01:30-07:00,0.6170300287947347
2022-06-08T01:45-07:00,0.6162695152013147
2022-06-08T02:00-07:00,0.6165228113440198
2022-06-08T02:15-07:00,0.6277292576419277
2022-06-08T02:30-07:00,0.6417258328782024
2022-06-08T02:45-07:00,0.6673021925643532
2022-06-08T03:00-07:00,0.6433068710648719
2022-06-08T03:15-07:00,0.6308283049917781
2022-06-08T03:30-07:00,0.6711409395973217
2022-06-08T03:45-07:00,0.6846501437765239
2022-06-08T04:00-07:00,0.6711409395973217
2022-06-08T04:15-07:00,0.6451612903225744
2022-06-08T04:30-07:00,0.6039807824296437
2022-06-08T04:45-07:00,0.6597938144329897
2022-06-08T05:00-07:00,0.6188118811881188
2022-06-08T05:15-07:00,0.6697648988518379
2022-06-08T05:30-07:00,0.6838074398249391
2022-06-08T05:45-07:00,0.6568144499178982
2022-06-08T06:00-07:00,0.6692160611854747
2022-06-08T06:15-07:00,0.6807351940095241
2022-06-08T06:30-07:00,0.6533278889342589
2022-06-08T06:45-07:00,0.6824075337791666
2022-06-08T07:00-07:00,0.5978260869565155
2022-06-08T07:15-07:00,0.6290168193627849
2022-06-08T07:30-07:00,0.6427789934354423
2022-06-08T07:45-07:00,0.6404142253712978
2022-06-08T08:00-07:00,0.6404142253712978
2022-06-08T08:15-07:00,0.5709624796084829
2022-06-08T08:30-07:00,0.6256800870511487
2022-06-08T08:45-07:00,0.6393687933614411
2022-06-08T09:00-07:00,0.5853525728287565
2022-06-08T09:15-07:00,0.6517311608961304
2022-06-08T09:30-07:00,0.6165228113440198
2022-06-08T09:45-07:00,0.6716929403701228
2022-06-08T10:00-07:00,0.6157635467980296
2022-06-08T10:15-07:00,0.6824075337791666
2022-06-08T10:30-07:00,0.5995367216241932
2022-06-08T10:45-07:00,0.5723630417007359
2022-06-08T11:00-07:00,0.6145022531749283
2022-06-08T11:15-07:00,0.6673021925643532
2022-06-08T11:30-07:00,0.6129955046996322
2022-06-08T11:45-07:00,0.6776904310111079
2022-06-08T12:00-07:00,0.6401525469899148
2022-06-08T12:15-07:00,0.6810133478616118
2022-06-08T12:30-07:00,0.6419887993443456
2022-06-08T12:45-07:00,0.6958657388456816
2022-06-08T13:00-07:00,0.6279863481228731
2022-06-08T13:15-07:00,0.6147540983606558
2022-06-08T13:30-07:00,0.6835269993164668
2022-06-08T13:45-07:00,0.6417258328782024
2022-06-08T14:00-07:00,0.6300506779893228
2022-06-08T14:15-07:00,0.6818491749624921
2022-06-08T14:30-07:00,0.6818491749624921
2022-06-08T14:45-07:00,0.6924643584521385
2022-06-08T15:00-07:00,0.6947282386595831
2022-06-08T15:15-07:00,0.6990131578947368
2022-06-08T15:30-07:00,0.6812917291184023
2022-06-08T15:45-07:00,0.6824075337791666
2022-06-08T16:00-07:00,0.6975789905621665
2022-06-08T16:15-07:00,0.6554690700532568
2022-06-08T16:30-07:00,0.6952965235173824
2022-06-08T16:45-07:00,0.6950122649223222
2022-06-08T17:00-07:00,0.69416088199265
2022-06-08T17:15-07:00,0.7218741487333089
2022-06-08T17:30-07:00,0.6570841889117043
2022-06-08T17:45-07:00,0.6686681222707486
2022-06-08T18:00-07:00,0.6541291905151267
2022-06-08T18:15-07:00,0.6689419795221906
2022-06-08T18:30-07:00,0.6517311608961304
2022-06-08T18:45-07:00,0.6132461161079313
2022-06-08T19:00-07:00,0.6538618716796076
2022-06-08T19:15-07:00,0.6024921265233403
2022-06-08T19:30-07:00,0.6700396554081834
2022-06-08T19:45-07:00,0.6824075337791666
2022-06-08T20:00-07:00,0.6871907641561235
2022-06-08T20:15-07:00,0.6722458499108308
2022-06-08T20:30-07:00,0.6167763157894737
2022-06-08T20:45-07:00,0.6700396554081834
2022-06-08T21:00-07:00,0.6972928630024611
2022-06-08T21:15-07:00,0.6683944891556467
2022-06-08T21:30-07:00,0.6683944891556467
2022-06-08T21:45-07:00,0.6675749318801152
2022-06-08T22:00-07:00,0.667847894234707
2022-06-08T22:15-07:00,0.6796248470844032
2022-06-08T22:30-07:00,0.667847894234707
2022-06-08T22:45-07:00,0.6259355014287721
2022-06-08T23:00-07:00,0.6530612244897959
2022-06-08T23:15-07:00,0.6689419795221906
2022-06-08T23:30-07:00,0.6404142253712978
2022-06-08T23:45-07:00,0.6419887993443456
2022-06-09T00:00-07:00,0.6422519814156811
2022-06-09T00:15-07:00,0.6824075337791666
2022-06-09T00:30-07:00,0.6708652792990205
2022-06-09T00:45-07:00,0.6448957189901144
2022-06-09T01:00-07:00,0.6305688827964422
2022-06-09T01:15-07:00,0.6700396554081834
2022-06-09T01:30-07:00,0.6295333242096682
2022-06-09T01:45-07:00,0.6435711351499321
2022-06-09T02:00-07:00,0.6422519814156811
2022-06-09T02:15-07:00,0.6683944891556467
2022-06-09T02:30-07:00,0.6134969325153374
2022-06-09T02:45-07:00,0.6396298312465915
2022-06-09T03:00-07:00,0.6549324600900532
2022-06-09T03:15-07:00,0.5875119551851409
2022-06-09T03:30-07:00,0.6285011613608479
2022-06-09T03:45-07:00,0.6560065600656007
2022-06-09T04:00-07:00,0.6157635467980296
2022-06-09T04:15-07:00,0.6177924217462932
2022-06-09T04:30-07:00,0.6316078539063635
2022-06-09T04:45-07:00,0.6741882223445302
2022-06-09T05:00-07:00,0.6438356164383499
2022-06-09T05:15-07:00,0.6147540983606558
2022-06-09T05:30-07:00,0.6427789934354423
2022-06-09T05:45-07:00,0.6285011613608479
2022-06-09T06:00-07:00,0.65439672801636
2022-06-09T06:15-07:00,0.69416088199265
2022-06-09T06:30-07:00,0.6530612244897959
2022-06-09T06:45-07:00,0.6681210799018333
2022-06-09T07:00-07:00,0.6958657388456816
2022-06-09T07:15-07:00,0.6871907641561235
2022-06-09T07:30-07:00,0.6522625356706074
2022-06-09T07:45-07:00,0.6578947368421053
2022-06-09T08:00-07:00,0.6675749318801152
2022-06-09T08:15-07:00,0.6419887993443456
2022-06-09T08:30-07:00,0.6287588846364196
2022-06-09T08:45-07:00,0.6404142253712978
2022-06-09T09:00-07:00,0.6522625356706074
2022-06-09T09:15-07:00,0.6793478260869503
2022-06-09T09:30-07:00,0.6790710308298186
2022-06-09T09:45-07:00,0.6662134602311415
2022-06-09T10:00-07:00,0.6670296760141636
2022-06-09T10:15-07:00,0.6645870066458762
2022-06-09T10:30-07:00,0.6019975372827958
2022-06-09T10:45-07:00,0.6560065600656007
2022-06-09T11:00-07:00,0.6708652792990205
2022-06-09T11:15-07:00,0.6549324600900532
2022-06-09T11:30-07:00,0.6562756357670222
2022-06-09T11:45-07:00,0.6921824104234527
2022-06-09T12:00-07:00,0.6535947712418301
2022-06-09T12:15-07:00,0.6815703380588815
2022-06-09T12:30-07:00,0.6843690117711407
2022-06-09T12:45-07:00,0.6799020940984436
2022-06-09T13:00-07:00,0.7096069868995696
2022-06-09T13:15-07:00,0.6568144499178982
2022-06-09T13:30-07:00,0.5896873285792712
2022-06-09T13:45-07:00,0.6554690700532568
2022-06-09T14:00-07:00,0.604977313350743
2022-06-09T14:15-07:00,0.6849315068493088
2022-06-09T14:30-07:00,0.6155108740254411
2022-06-09T14:45-07:00,0.6662134602311415
2022-06-09T15:00-07:00,0.6818491749624921
2022-06-09T15:15-07:00,0.7081574288438031
2022-06-09T15:30-07:00,0.7070020394289661
2022-06-09T15:45-07:00,0.7218741487333089
2022-06-09T16:00-07:00,0.6824075337791666
2022-06-09T16:15-07:00,0.6981519507186859
2022-06-09T16:30-07:00,0.682966807813134
2022-06-09T16:45-07:00,0.723648279628612
2022-06-09T17:00-07:00,0.7098976109215079
2022-06-09T17:15-07:00,0.682966807813134
2022-06-09T17:30-07:00,0.7110624914535821
2022-06-09T17:45-07:00,0.6557377049180327
2022-06-09T18:00-07:00,0.6560065600656007
2022-06-09T18:15-07:00,0.6697648988518379
2022-06-09T18:30-07:00,0.7230559345156827
2022-06-09T18:45-07:00,0.6692160611854747
2022-06-09T19:00-07:00,0.7245386192754552
2022-06-09T19:15-07:00,0.6955810147299509
2022-06-09T19:30-07:00,0.7078682276068671
2022-06-09T19:45-07:00,0.6456930897101187
2022-06-09T20:00-07:00,0.6321286244331518
2022-06-09T20:15-07:00,0.6592501030078286
2022-06-09T20:30-07:00,0.6326502544354347
2022-06-09T20:45-07:00,0.6318681318681382
2022-06-09T21:00-07:00,0.6871907641561235
2022-06-09T21:15-07:00,0.6597938144329897
2022-06-09T21:30-07:00,0.7016095749071399
2022-06-09T21:45-07:00,0.6185567010309279
2022-06-09T22:00-07:00,0.6321286244331518
2022-06-09T22:15-07:00,0.6711409395973217
2022-06-09T22:30-07:00,0.6597938144329897
2022-06-09T22:45-07:00,0.6866245536940339
2022-06-09T23:00-07:00,0.6451612903225744
2022-06-09T23:15-07:00,0.6821282401091343
2022-06-09T23:30-07:00,0.6417258328782024
2022-06-09T23:45-07:00,0.6970069700697007
2022-06-10T00:00-07:00,0.6142506142506142
2022-06-10T00:15-07:00,0.6714168265278221
2022-06-10T00:30-07:00,0.6430428239157141
2022-06-10T00:45-07:00,0.6157635467980296
2022-06-10T01:00-07:00,0.6700396554081834
2022-06-10T01:15-07:00,0.6818491749624921
2022-06-10T01:30-07:00,0.6427789934354423
2022-06-10T01:45-07:00,0.6427789934354423
2022-06-10T02:00-07:00,0.6852131012744901
2022-06-10T02:15-07:00,0.682966807813134
2022-06-10T02:30-07:00,0.6022447303586032
2022-06-10T02:45-07:00,0.669490367536555
2022-06-10T03:00-07:00,0.6554690700532568
2022-06-10T03:15-07:00,0.6703146374829064
2022-06-10T03:30-07:00,0.6557377049180327
2022-06-10T03:45-07:00,0.6422519814156811
2022-06-10T04:00-07:00,0.6560065600656007
2022-06-10T04:15-07:00,0.6435711351499321
2022-06-10T04:30-07:00,0.6300506779893228
2022-06-10T04:45-07:00,0.6719692814042849
2022-06-10T05:00-07:00,0.6587072869493619
2022-06-10T05:15-07:00,0.6448957189901144
2022-06-10T05:30-07:00,0.65439672801636
2022-06-10T05:45-07:00,0.6535947712418301
2022-06-10T06:00-07:00,0.6527947776417788
2022-06-10T06:15-07:00,0.6955810147299509
2022-06-10T06:30-07:00,0.6404142253712978
2022-06-10T06:45-07:00,0.6714168265278221
2022-06-10T07:00-07:00,0.6300506779893228
2022-06-10T07:15-07:00,0.6292749658002799
2022-06-10T07:30-07:00,0.6565449322938038
2022-06-10T07:45-07:00,0.6560065600656007
2022-06-10T08:00-07:00,0.6261911244214601
2022-06-10T08:15-07:00,0.6433068710648719
2022-06-10T08:30-07:00,0.6267029972752106
2022-06-10T08:45-07:00,0.6139991813344249
2022-06-10T09:00-07:00,0.6007646095029976
2022-06-10T09:15-07:00,0.6404142253712978
2022-06-10T09:30-07:00,0.6398910823689522
2022-06-10T09:45-07:00,0.65439672801636
2022-06-10T10:00-07:00,0.6835269993164668
2022-06-10T10:15-07:00,0.6549324600900532
2022-06-10T10:30-07:00,0.5867903930131066
2022-06-10T10:45-07:00,0.5733005733005733
2022-06-10T11:00-07:00,0.6000272739669923
2022-06-10T11:15-07:00,0.6012571740912755
2022-06-10T11:30-07:00,0.5756578947368421
2022-06-10T11:45-07:00,0.6406761177753482
2022-06-10T12:00-07:00,0.6139991813344249
2022-06-10T12:15-07:00,0.6287588846364196
2022-06-10T12:30-07:00,0.6793478260869503
2022-06-10T12:45-07:00,0.7468766974470459
2022-06-10T13:00-07:00,0.6522625356706074
2022-06-10T13:15-07:00,0.6826870562534072
2022-06-10T13:30-07:00,0.6414630817524163
2022-06-10T13:45-07:00,0.6981519507186859
2022-06-10T14:00-07:00,0.6422519814156811
2022-06-10T14:15-07:00,0.69416088199265
2022-06-10T14:30-07:00,0.7224645583424147
2022-06-10T14:45-07:00,0.6562756357670222
2022-06-10T15:00-07:00,0.6419887993443456
2022-06-10T15:15-07:00,0.6422519814156811
2022-06-10T15:30-07:00,0.6308283049917781
2022-06-10T15:45-07:00,0.6506710044733631
2022-06-10T16:00-07:00,0.7218741487333089
2022-06-10T16:15-07:00,0.6554690700532568
2022-06-10T16:30-07:00,0.669490367536555
2022-06-10T16:45-07:00,0.6838074398249391
2022-06-10T17:00-07:00,0.6832467887400867
2022-06-10T17:15-07:00,0.6686681222707486
2022-06-10T17:30-07:00,0.6812917291184023
2022-06-10T17:45-07:00,0.6964358869315854
2022-06-10T18:00-07:00,0.7087365408205051
2022-06-10T18:15-07:00,0.6975789905621665
2022-06-10T18:30-07:00,0.7093166007366043
2022-06-10T18:45-07:00,0.7764609726195342
2022-06-10T19:00-07:00,0.7224645583424147
2022-06-10T19:15-07:00,0.6950122649223222
2022-06-10T19:30-07:00,0.7367990176013098
2022-06-10T19:45-07:00,0.7218741487333089
2022-06-10T20:00-07:00,0.7125239791723823
2022-06-10T20:15-07:00,0.7527028876419934
2022-06-10T20:30-07:00,0.7110624914535821
2022-06-10T20:45-07:00,0.710479573712262
2022-06-10T21:00-07:00,0.7098976109215079
2022-06-10T21:15-07:00,0.682966807813134
2022-06-10T21:30-07:00,0.710479573712262
2022-06-10T21:45-07:00,0.6689419795221906
2022-06-10T22:00-07:00,0.6970069700697007
2022-06-10T22:15-07:00,0.7508532423208254
2022-06-10T22:30-07:00,0.6832467887400867
2022-06-10T22:45-07:00,0.6708652792990205
2022-06-10T23:00-07:00,0.6425153793574784
2022-06-10T23:15-07:00,0.6955810147299509
2022-06-10T23:30-07:00,0.6826870562534072
2022-06-10T23:45-07:00,0.6958657388456816
2022-06-11T00:00-07:00,0.667847894234707
2022-06-11T00:15-07:00,0.7242415960644922
2022-06-11T00:30-07:00,0.6697648988518379
2022-06-11T00:45-07:00,0.6285011613608479
2022-06-11T01:00-07:00,0.6422519814156811
2022-06-11T01:15-07:00,0.6681210799018333
2022-06-11T01:30-07:00,0.6409382244647421
2022-06-11T01:45-07:00,0.6673021925643532
2022-06-11T02:00-07:00,0.6801795674057889
2022-06-11T02:15-07:00,0.6659418320195768
2022-06-11T02:30-07:00,0.6659418320195768
2022-06-11T02:45-07:00,0.6821282401091343
2022-06-11T03:00-07:00,0.6435711351499321
2022-06-11T03:15-07:00,0.6570841889117043
2022-06-11T03:30-07:00,0.6167763157894737
2022-06-11T03:45-07:00,0.6441003151980204
2022-06-11T04:00-07:00,0.6435711351499321
2022-06-11T04:15-07:00,0.6565449322938038
2022-06-11T04:30-07:00,0.6568144499178982
2022-06-11T04:45-07:00,0.6849315068493088
2022-06-11T05:00-07:00,0.6438356164383499
2022-06-11T05:15-07:00,0.629791894852142
2022-06-11T05:30-07:00,0.657354149548069
2022-06-11T05:45-07:00,0.6430428239157141
2022-06-11T06:00-07:00,0.6017505470459455
2022-06-11T06:15-07:00,0.6019975372827958
2022-06-11T06:30-07:00,0.5892025212387018
2022-06-11T06:45-07:00,0.6456930897101187
2022-06-11T07:00-07:00,0.6595218466611706
2022-06-11T07:15-07:00,0.6656704252139717
2022-06-11T07:30-07:00,0.5983138428066296
2022-06-11T07:45-07:00,0.6398910823689522
2022-06-11T08:00-07:00,0.6385869565217329
2022-06-11T08:15-07:00,0.6409382244647421
2022-06-11T08:30-07:00,0.5995367216241932
2022-06-11T08:45-07:00,0.6530612244897959
2022-06-11T09:00-07:00,0.6005186297256659
2022-06-11T09:15-07:00,0.6681210799018333
2022-06-11T09:30-07:00,0.6269592476489091
2022-06-11T09:45-07:00,0.6689419795221906
2022-06-11T10:00-07:00,0.6147540983606558
2022-06-11T10:15-07:00,0.6549324600900532
2022-06-11T10:30-07:00,0.6686681222707486
2022-06-11T10:45-07:00,0.6414630817524163
2022-06-11T11:00-07:00,0.6970069700697007
2022-06-11T11:15-07:00,0.6007646095029976
2022-06-11T11:30-07:00,0.6635071090047455
2022-06-11T11:45-07:00,0.6391079684525366
2022-06-11T12:00-07:00,0.6406761177753482
2022-06-11T12:15-07:00,0.6406761177753482
2022-06-11T12:30-07:00,0.6412005457025859
2022-06-11T12:45-07:00,0.6812917291184023
2022-06-11T13:00-07:00,0.6810133478616118
2022-06-11T13:15-07:00,0.6538618716796076
2022-06-11T13:30-07:00,0.6155108740254411
2022-06-11T13:45-07:00,0.6648575305291785
2022-06-11T14:00-07:00,0.6231373611487464
2022-06-11T14:15-07:00,0.6517311608961304
2022-06-11T14:30-07:00,0.7049891540130214
2022-06-11T14:45-07:00,0.6519967400162999
2022-06-11T15:00-07:00,0.6785181164337025
2022-06-11T15:15-07:00,0.6938775510204082
2022-06-11T15:30-07:00,0.6947282386595831
2022-06-11T15:45-07:00,0.6659418320195768
2022-06-11T16:00-07:00,0.6522625356706074
2022-06-11T16:15-07:00,0.6804572672836083
2022-06-11T16:30-07:00,0.6398910823689522
2022-06-11T16:45-07:00,0.6793478260869503
2022-06-11T17:00-07:00,0.6388473562593386
2022-06-11T17:15-07:00,0.6385869565217329
2022-06-11T17:30-07:00,0.6659418320195768
2022-06-11T17:45-07:00,0.6393687933614411
2022-06-11T18:00-07:00,0.6287588846364196
2022-06-11T18:15-07:00,0.7078682276068671
2022-06-11T18:30-07:00,0.6810133478616118
2022-06-11T18:45-07:00,0.6708652792990205
2022-06-11T19:00-07:00,0.6705898453537766
2022-06-11T19:15-07:00,0.6995884773662552
2022-06-11T19:30-07:00,0.6869075422448075
2022-06-11T19:45-07:00,0.6570841889117043
2022-06-11T20:00-07:00,0.6987258528565556
2022-06-11T20:15-07:00,0.6430428239157141
2022-06-11T20:30-07:00,0.658165364047717
2022-06-11T20:45-07:00,0.6835269993164668
2022-06-11T21:00-07:00,0.6557377049180327
2022-06-11T21:15-07:00,0.6560065600656007
2022-06-11T21:30-07:00,0.711646366497885
2022-06-11T21:45-07:00,0.6549324600900532
2022-06-11T22:00-07:00,0.710188473094789
2022-06-11T22:15-07:00,0.6716929403701228
2022-06-11T22:30-07:00,0.6576243321002877
2022-06-11T22:45-07:00,0.6700396554081834
2022-06-11T23:00-07:00,0.667847894234707
2022-06-11T23:15-07:00,0.6277292576419277
2022-06-11T23:30-07:00,0.6419887993443456
2022-06-11T23:45-07:00,0.6274723775746891
2022-06-12T00:00-07:00,0.6267029972752106
2022-06-12T00:15-07:00,0.6165228113440198
2022-06-12T00:30-07:00,0.6430428239157141
2022-06-12T00:45-07:00,0.6290168193627849
2022-06-12T01:00-07:00,0.6152584085315833
2022-06-12T01:15-07:00,0.6697648988518379
2022-06-12T01:30-07:00,0.6145022531749283
2022-06-12T01:45-07:00,0.667847894234707
2022-06-12T02:00-07:00,0.6425153793574784
2022-06-12T02:15-07:00,0.6840881105486324
2022-06-12T02:30-07:00,0.6427789934354423
2022-06-12T02:45-07:00,0.6835269993164668
2022-06-12T03:00-07:00,0.6433068710648719
2022-06-12T03:15-07:00,0.6292749658002799
2022-06-12T03:30-07:00,0.6700396554081834
2022-06-12T03:45-07:00,0.6557377049180327
2022-06-12T04:00-07:00,0.6714168265278221
2022-06-12T04:15-07:00,0.6700396554081834
2022-06-12T04:30-07:00,0.6972928630024611
2022-06-12T04:45-07:00,0.6562756357670222
2022-06-12T05:00-07:00,0.6978653530377669
2022-06-12T05:15-07:00,0.669490367536555
2022-06-12T05:30-07:00,0.6557377049180327
2022-06-12T05:45-07:00,0.6587072869493619
2022-06-12T06:00-07:00,0.6981519507186859
2022-06-12T06:15-07:00,0.6993006993006993
2022-06-12T06:30-07:00,0.6727996704654738
2022-06-12T06:45-07:00,0.6264469562849034
2022-06-12T07:00-07:00,0.6683944891556467
2022-06-12T07:15-07:00,0.6552006552006552
2022-06-12T07:30-07:00,0.6398910823689522
2022-06-12T07:45-07:00,0.6840881105486324
2022-06-12T08:00-07:00,0.6277292576419277
2022-06-12T08:15-07:00,0.6425153793574784
2022-06-12T08:30-07:00,0.6557377049180327
2022-06-12T08:45-07:00,0.6568144499178982
2022-06-12T09:00-07:00,0.6801795674057889
2022-06-12T09:15-07:00,0.6538618716796076
2022-06-12T09:30-07:00,0.6818491749624921
2022-06-12T09:45-07:00,0.6285011613608479
2022-06-12T10:00-07:00,0.6157635467980296
2022-06-12T10:15-07:00,0.6365113759479895
2022-06-12T10:30-07:00,0.6107491856677525
2022-06-12T10:45-07:00,0.5980698654342741
2022-06-12T11:00-07:00,0.5709624796084829
2022-06-12T11:15-07:00,0.6102522375915378
2022-06-12T11:30-07:00,0.6375474769397659
2022-06-12T11:45-07:00,0.6796248470844032
2022-06-12T12:00-07:00,0.6261911244214601
2022-06-12T12:15-07:00,0.6132461161079313
2022-06-12T12:30-07:00,0.583446404341933
2022-06-12T12:45-07:00,0.5978260869565155
2022-06-12T13:00-07:00,0.6236442516269043
2022-06-12T13:15-07:00,0.6117455138662317
2022-06-12T13:30-07:00,0.6122448979591837
2022-06-12T13:45-07:00,0.5988023952095746
2022-06-12T14:00-07:00,0.625424881033317
2022-06-12T14:15-07:00,0.6398910823689522
2022-06-12T14:30-07:00,0.6921824104234527
2022-06-12T14:45-07:00,0.6512006512006512
2022-06-12T15:00-07:00,0.6938775510204082
2022-06-12T15:15-07:00,0.638326768980029
2022-06-12T15:30-07:00,0.6504065040650406
2022-06-12T15:45-07:00,0.6910569105691057
2022-06-12T16:00-07:00,0.6902151847340642
2022-06-12T16:15-07:00,0.6782419967444322
2022-06-12T16:30-07:00,0.6385869565217329
2022-06-12T16:45-07:00,0.6388473562593386
2022-06-12T17:00-07:00,0.6670296760141636
2022-06-12T17:15-07:00,0.6385869565217329
2022-06-12T17:30-07:00,0.6398910823689522
2022-06-12T17:45-07:00,0.6664853101197016
2022-06-12T18:00-07:00,0.6527947776417788
2022-06-12T18:15-07:00,0.6793478260869503
2022-06-12T18:30-07:00,0.7064257573699287
2022-06-12T18:45-07:00,0.6398910823689522
2022-06-12T19:00-07:00,0.6670296760141636
2022-06-12T19:15-07:00,0.6804572672836083
2022-06-12T19:30-07:00,0.6793478260869503
2022-06-12T19:45-07:00,0.6838074398249391
2022-06-12T20:00-07:00,0.6978653530377669
2022-06-12T20:15-07:00,0.6708652792990205
2022-06-12T20:30-07:00,0.6435711351499321
2022-06-12T20:45-07:00,0.6978653530377669
2022-06-12T21:00-07:00,0.6838074398249391
2022-06-12T21:15-07:00,0.6970069700697007
2022-06-12T21:30-07:00,0.6557377049180327
2022-06-12T21:45-07:00,0.6406761177753482
2022-06-12T22:00-07:00,0.6409382244647421
2022-06-12T22:15-07:00,0.6562756357670222
2022-06-12T22:30-07:00,0.6570841889117043
2022-06-12T22:45-07:00,0.6700396554081834
2022-06-12T23:00-07:00,0.6549324600900532
2022-06-12T23:15-07:00,0.6412005457025859
2022-06-12T23:30-07:00,0.6414630817524163
2022-06-12T23:45-07:00,0.6145022531749283
2022-06-13T00:00-07:00,0.6419887993443456
2022-06-13T00:15-07:00,0.6714168265278221
2022-06-13T00:30-07:00,0.629791894852142
2022-06-13T00:45-07:00,0.6292749658002799
2022-06-13T01:00-07:00,0.629791894852142
2022-06-13T01:15-07:00,0.6560065600656007
2022-06-13T01:30-07:00,0.6730769230769293
2022-06-13T01:45-07:00,0.6730769230769293
2022-06-13T02:00-07:00,0.6454270804723914
2022-06-13T02:15-07:00,0.6725226461707446
2022-06-13T02:30-07:00,0.6459593183067557
2022-06-13T02:45-07:00,0.6725226461707446
2022-06-13T03:00-07:00,0.6321286244331518
2022-06-13T03:15-07:00,0.6435711351499321
2022-06-13T03:30-07:00,0.6549324600900532
2022-06-13T03:45-07:00,0.613747954173486
2022-06-13T04:00-07:00,0.6972928630024611
2022-06-13T04:15-07:00,0.6716929403701228
2022-06-13T04:30-07:00,0.658165364047717
2022-06-13T04:45-07:00,0.6673021925643532
2022-06-13T05:00-07:00,0.6430428239157141
2022-06-13T05:15-07:00,0.6430428239157141
2022-06-13T05:30-07:00,0.6300506779893228
2022-06-13T05:45-07:00,0.6801795674057889
2022-06-13T06:00-07:00,0.6541291905151267
2022-06-13T06:15-07:00,0.6409382244647421
2022-06-13T06:30-07:00,0.6546644844517185
2022-06-13T06:45-07:00,0.6308283049917781
2022-06-13T07:00-07:00,0.6375474769397659
2022-06-13T07:15-07:00,0.6002728512960375
2022-06-13T07:30-07:00,0.6264469562849034
2022-06-13T07:45-07:00,0.6122448979591837
2022-06-13T08:00-07:00,0.6119951040391677
2022-06-13T08:15-07:00,0.6117455138662317
2022-06-13T08:30-07:00,0.6129955046996322
2022-06-13T08:45-07:00,0.5858310626703059
2022-06-13T09:00-07:00,0.5721291377196567
2022-06-13T09:15-07:00,0.5735354362965998
2022-06-13T09:30-07:00,0.5735354362965998
2022-06-13T09:45-07:00,0.6000272739669923
2022-06-13T10:00-07:00,0.613747954173486
2022-06-13T10:15-07:00,0.5867903930131066
2022-06-13T10:30-07:00,0.6145022531749283
2022-06-13T10:45-07:00,0.5978260869565155
2022-06-13T11:00-07:00,0.586070601063111
2022-06-13T11:15-07:00,0.5990469707283804
2022-06-13T11:30-07:00,0.5970959424616575
2022-06-13T11:45-07:00,0.597339125712728
2022-06-13T12:00-07:00,0.5879939833173863
2022-06-13T12:15-07:00,0.6107491856677525
2022-06-13T12:30-07:00,0.6406761177753482
2022-06-13T12:45-07:00,0.5832090058320962
2022-06-13T13:00-07:00,0.5865502659937315
2022-06-13T13:15-07:00,0.6002728512960375
2022-06-13T13:30-07:00,0.5707297187117815
2022-06-13T13:45-07:00,0.595640990930006
2022-06-13T14:00-07:00,0.5980698654342741
2022-06-13T14:15-07:00,0.5853525728287565
2022-06-13T14:30-07:00,0.5853525728287565
2022-06-13T14:45-07:00,0.6546644844517185
2022-06-13T15:00-07:00,0.6675749318801152
2022-06-13T15:15-07:00,0.6406761177753482
2022-06-13T15:30-07:00,0.6527947776417788
2022-06-13T15:45-07:00,0.627215707662946
2022-06-13T16:00-07:00,0.6005186297256659
2022-06-13T16:15-07:00,0.627215707662946
2022-06-13T16:30-07:00,0.5855917200054536
2022-06-13T16:45-07:00,0.6412005457025859
2022-06-13T17:00-07:00,0.6412005457025859
2022-06-13T17:15-07:00,0.6256800870511487
2022-06-13T17:30-07:00,0.6267029972752106
2022-06-13T17:45-07:00,0.6670296760141636
2022-06-13T18:00-07:00,0.625424881033317
2022-06-13T18:15-07:00,0.5985580193170935
2022-06-13T18:30-07:00,0.6385869565217329
2022-06-13T18:45-07:00,0.6527947776417788
2022-06-13T19:00-07:00,0.6391079684525366
2022-06-13T19:15-07:00,0.597339125712728
2022-06-13T19:30-07:00,0.6109979633401222
2022-06-13T19:45-07:00,0.6525285481239804
2022-06-13T20:00-07:00,0.6519967400162999
2022-06-13T20:15-07:00,0.6391079684525366
2022-06-13T20:30-07:00,0.6129955046996322
2022-06-13T20:45-07:00,0.6259355014287721
2022-06-13T21:00-07:00,0.6807351940095241
2022-06-13T21:15-07:00,0.7326007326007326
2022-06-13T21:30-07:00,0.6409382244647421
2022-06-13T21:45-07:00,0.6414630817524163
2022-06-13T22:00-07:00,0.6422519814156811
2022-06-13T22:15-07:00,0.6433068710648719
2022-06-13T22:30-07:00,0.6441003151980204
2022-06-13T22:45-07:00,0.5892025212387018
2022-06-13T23:00-07:00,0.6308283049917781
2022-06-13T23:15-07:00,0.613747954173486
2022-06-13T23:30-07:00,0.6538618716796076
2022-06-13T23:45-07:00,0.6835269993164668
2022-06-14T00:00-07:00,0.6711409395973217
2022-06-14T00:15-07:00,0.6818491749624921
2022-06-14T00:30-07:00,0.6705898453537766
2022-06-14T00:45-07:00,0.6557377049180327
2022-06-14T01:00-07:00,0.6560065600656007
2022-06-14T01:15-07:00,0.6683944891556467
2022-06-14T01:30-07:00,0.6145022531749283
2022-06-14T01:45-07:00,0.6414630817524163
2022-06-14T02:00-07:00,0.6139991813344249
2022-06-14T02:15-07:00,0.6703146374829064
2022-06-14T02:30-07:00,0.5882352941176533
2022-06-14T02:45-07:00,0.6292749658002799
2022-06-14T03:00-07:00,0.630309673883262
2022-06-14T03:15-07:00,0.6313477902827402
2022-06-14T03:30-07:00,0.6451612903225744
2022-06-14T03:45-07:00,0.6279863481228731
2022-06-14T04:00-07:00,0.6012571740912755
2022-06-14T04:15-07:00,0.6019975372827958
2022-06-14T04:30-07:00,0.6310879407326171
2022-06-14T04:45-07:00,0.6589785831960461
2022-06-14T05:00-07:00,0.6287588846364196
2022-06-14T05:15-07:00,0.6310879407326171
2022-06-14T05:30-07:00,0.6037321624588302
2022-06-14T05:45-07:00,0.6568144499178982
2022-06-14T06:00-07:00,0.6425153793574784
2022-06-14T06:15-07:00,0.6570841889117043
2022-06-14T06:30-07:00,0.6160164271047228
2022-06-14T06:45-07:00,0.6560065600656007
2022-06-14T07:00-07:00,0.6554690700532568
2022-06-14T07:15-07:00,0.657354149548069
2022-06-14T07:30-07:00,0.6422519814156811
2022-06-14T07:45-07:00,0.6406761177753482
2022-06-14T08:00-07:00,0.6541291905151267
2022-06-14T08:15-07:00,0.6412005457025859
2022-06-14T08:30-07:00,0.6964358869315854
2022-06-14T08:45-07:00,0.5892025212387018
2022-06-14T09:00-07:00,0.6157635467980296
2022-06-14T09:15-07:00,0.6150061500615006
2022-06-14T09:30-07:00,0.6287588846364196
2022-06-14T09:45-07:00,0.602739726027391
2022-06-14T10:00-07:00,0.6267029972752106
2022-06-14T10:15-07:00,0.6557377049180327
2022-06-14T10:30-07:00,0.6422519814156811
2022-06-14T10:45-07:00,0.630309673883262
2022-06-14T11:00-07:00,0.65439672801636
2022-06-14T11:15-07:00,0.6233907033473433
2022-06-14T11:30-07:00,0.6921824104234527
2022-06-14T11:45-07:00,0.69416088199265
2022-06-14T12:00-07:00,0.6404142253712978
2022-06-14T12:15-07:00,0.6512006512006512
2022-06-14T12:30-07:00,0.6517311608961304
2022-06-14T12:45-07:00,0.6771397616467977
2022-06-14T13:00-07:00,0.6506710044733631
2022-06-14T13:15-07:00,0.6651282747387058
2022-06-14T13:30-07:00,0.637029005150441
2022-06-14T13:45-07:00,0.6522625356706074
2022-06-14T14:00-07:00,0.5985580193170935
2022-06-14T14:15-07:00,0.6259355014287721
2022-06-14T14:30-07:00,0.6274723775746891
2022-06-14T14:45-07:00,0.6142506142506142
2022-06-14T15:00-07:00,0.5721291377196567
2022-06-14T15:15-07:00,0.5875119551851409
2022-06-14T15:30-07:00,0.6287588846364196
2022-06-14T15:45-07:00,0.5747126436781609
2022-06-14T16:00-07:00,0.6142506142506142
2022-06-14T16:15-07:00,0.6117455138662317
2022-06-14T16:30-07:00,0.5851136209008091
2022-06-14T16:45-07:00,0.6124948958758677
2022-06-14T17:00-07:00,0.5980698654342741
2022-06-14T17:15-07:00,0.5992917461182177
2022-06-14T17:30-07:00,0.6404142253712978
2022-06-14T17:45-07:00,0.6119951040391677
2022-06-14T18:00-07:00,0.6114961271911945
2022-06-14T18:15-07:00,0.6279863481228731
2022-06-14T18:30-07:00,0.5884768030655598
2022-06-14T18:45-07:00,0.6430428239157141
2022-06-14T19:00-07:00,0.6029875291215505
2022-06-14T19:15-07:00,0.5894448252227615
2022-06-14T19:30-07:00,0.6417258328782024
2022-06-14T19:45-07:00,0.6167763157894737
2022-06-14T20:00-07:00,0.6295333242096682
2022-06-14T20:15-07:00,0.6422519814156811
2022-06-14T20:30-07:00,0.6019975372827958
2022-06-14T20:45-07:00,0.6843690117711407
2022-06-14T21:00-07:00,0.6812917291184023
2022-06-14T21:15-07:00,0.6427789934354423
2022-06-14T21:30-07:00,0.6568144499178982
2022-06-14T21:45-07:00,0.6554690700532568
2022-06-14T22:00-07:00,0.6305688827964422
2022-06-14T22:15-07:00,0.6279863481228731
2022-06-14T22:30-07:00,0.6419887993443456
2022-06-14T22:45-07:00,0.6554690700532568
2022-06-14T23:00-07:00,0.5872712373668459
2022-06-14T23:15-07:00,0.6267029972752106
2022-06-14T23:30-07:00,0.6435711351499321
2022-06-14T23:45-07:00,0.6425153793574784
2022-06-15T00:00-07:00,0.6022447303586032
2022-06-15T00:15-07:00,0.6838074398249391
2022-06-15T00:30-07:00,0.6681210799018333
2022-06-15T00:45-07:00,0.6422519814156811
2022-06-15T01:00-07:00,0.6295333242096682
2022-06-15T01:15-07:00,0.6427789934354423
2022-06-15T01:30-07:00,0.6147540983606558
2022-06-15T01:45-07:00,0.6419887993443456
2022-06-15T02:00-07:00,0.6552006552006552
2022-06-15T02:15-07:00,0.6313477902827402
2022-06-15T02:30-07:00,0.6279863481228731
2022-06-15T02:45-07:00,0.6404142253712978
2022-06-15T03:00-07:00,0.6406761177753482
2022-06-15T03:15-07:00,0.65439672801636
2022-06-15T03:30-07:00,0.6815703380588815
2022-06-15T03:45-07:00,0.6007646095029976
2022-06-15T04:00-07:00,0.6955810147299509
2022-06-15T04:15-07:00,0.6697648988518379
2022-06-15T04:30-07:00,0.6711409395973217
2022-06-15T04:45-07:00,0.6846501437765239
2022-06-15T05:00-07:00,0.6310879407326171
2022-06-15T05:15-07:00,0.6587072869493619
2022-06-15T05:30-07:00,0.6812917291184023
2022-06-15T05:45-07:00,0.6714168265278221
2022-06-15T06:00-07:00,0.6441003151980204
2022-06-15T06:15-07:00,0.6454270804723914
2022-06-15T06:30-07:00,0.6589785831960461
2022-06-15T06:45-07:00,0.6285011613608479
2022-06-15T07:00-07:00,0.6162695152013147
2022-06-15T07:15-07:00,0.6425153793574784
2022-06-15T07:30-07:00,0.6560065600656007
2022-06-15T07:45-07:00,0.630309673883262
2022-06-15T08:00-07:00,0.6295333242096682
2022-06-15T08:15-07:00,0.669490367536555
2022-06-15T08:30-07:00,0.6790710308298186
2022-06-15T08:45-07:00,0.6417258328782024
2022-06-15T09:00-07:00,0.6697648988518379
2022-06-15T09:15-07:00,0.6533278889342589
2022-06-15T09:30-07:00,0.6662134602311415
2022-06-15T09:45-07:00,0.6662134602311415
2022-06-15T10:00-07:00,0.6277292576419277
2022-06-15T10:15-07:00,0.6005186297256659
2022-06-15T10:30-07:00,0.6155108740254411
2022-06-15T10:45-07:00,0.6393687933614411
2022-06-15T11:00-07:00,0.6656704252139717
2022-06-15T11:15-07:00,0.6522625356706074
2022-06-15T11:30-07:00,0.6675749318801152
2022-06-15T11:45-07:00,0.6010107908755572
2022-06-15T12:00-07:00,0.6012571740912755
2022-06-15T12:15-07:00,0.6231373611487464
2022-06-15T12:30-07:00,0.6910569105691057
2022-06-15T12:45-07:00,0.6388473562593386
2022-06-15T13:00-07:00,0.6793478260869503
2022-06-15T13:15-07:00,0.6812917291184023
2022-06-15T13:30-07:00,0.6157635467980296
2022-06-15T13:45-07:00,0.6506710044733631
2022-06-15T14:00-07:00,0.6396298312465915
2022-06-15T14:15-07:00,0.6414630817524163
2022-06-15T14:30-07:00,0.6150061500615006
2022-06-15T14:45-07:00,0.6533278889342589
2022-06-15T15:00-07:00,0.6557377049180327
2022-06-15T15:15-07:00,0.6705898453537766
2022-06-15T15:30-07:00,0.6114961271911945
2022-06-15T15:45-07:00,0.6673021925643532
2022-06-15T16:00-07:00,0.6667573819567351
2022-06-15T16:15-07:00,0.6530612244897959
2022-06-15T16:30-07:00,0.6673021925643532
2022-06-15T16:45-07:00,0.6393687933614411
2022-06-15T17:00-07:00,0.6259355014287721
2022-06-15T17:15-07:00,0.6812917291184023
2022-06-15T17:30-07:00,0.7218741487333089
2022-06-15T17:45-07:00,0.6812917291184023
2022-06-15T18:00-07:00,0.6838074398249391
2022-06-15T18:15-07:00,0.6670296760141636
2022-06-15T18:30-07:00,0.6801795674057889
2022-06-15T18:45-07:00,0.7078682276068671
2022-06-15T19:00-07:00,0.6670296760141636
2022-06-15T19:15-07:00,0.6978653530377669
2022-06-15T19:30-07:00,0.711354309165533
2022-06-15T19:45-07:00,0.6972928630024611
2022-06-15T20:00-07:00,0.6832467887400867
2022-06-15T20:15-07:00,0.7093166007366043
2022-06-15T20:30-07:00,0.6958657388456816
2022-06-15T20:45-07:00,0.6955810147299509
2022-06-15T21:00-07:00,0.6675749318801152
2022-06-15T21:15-07:00,0.6944444444444444
2022-06-15T21:30-07:00,0.6838074398249391
2022-06-15T21:45-07:00,0.6425153793574784
2022-06-15T22:00-07:00,0.6686681222707486
2022-06-15T22:15-07:00,0.6285011613608479
2022-06-15T22:30-07:00,0.6295333242096682
2022-06-15T22:45-07:00,0.6568144499178982
2022-06-15T23:00-07:00,0.613747954173486
2022-06-15T23:15-07:00,0.6401525469899148
2022-06-15T23:30-07:00,0.6117455138662317
2022-06-15T23:45-07:00,0.6279863481228731
2022-06-16T00:00-07:00,0.6145022531749283
2022-06-16T00:15-07:00,0.6430428239157141
2022-06-16T00:30-07:00,0.6438356164383499
2022-06-16T00:45-07:00,0.6300506779893228
2022-06-16T01:00-07:00,0.6170300287947347
2022-06-16T01:15-07:00,0.6167763157894737
2022-06-16T01:30-07:00,0.5887185104052637
2022-06-16T01:45-07:00,0.6425153793574784
2022-06-16T02:00-07:00,0.6554690700532568
2022-06-16T02:15-07:00,0.6700396554081834
2022-06-16T02:30-07:00,0.6433068710648719
2022-06-16T02:45-07:00,0.6150061500615006
2022-06-16T03:00-07:00,0.6287588846364196
2022-06-16T03:15-07:00,0.6282436492761603
2022-06-16T03:30-07:00,0.6562756357670222
2022-06-16T03:45-07:00,0.6285011613608479
2022-06-16T04:00-07:00,0.6565449322938038
2022-06-16T04:15-07:00,0.6300506779893228
2022-06-16T04:30-07:00,0.6578947368421053
2022-06-16T04:45-07:00,0.658165364047717
2022-06-16T05:00-07:00,0.6587072869493619
2022-06-16T05:15-07:00,0.6422519814156811
2022-06-16T05:30-07:00,0.6277292576419277
2022-06-16T05:45-07:00,0.6796248470844032
2022-06-16T06:00-07:00,0.6568144499178982
2022-06-16T06:15-07:00,0.6675749318801152
2022-06-16T06:30-07:00,0.627215707662946
2022-06-16T06:45-07:00,0.6425153793574784
2022-06-16T07:00-07:00,0.6557377049180327
2022-06-16T07:15-07:00,0.6152584085315833
2022-06-16T07:30-07:00,0.6287588846364196
2022-06-16T07:45-07:00,0.6443652316972792
2022-06-16T08:00-07:00,0.5758946935417524
2022-06-16T08:15-07:00,0.6557377049180327
2022-06-16T08:30-07:00,0.6290168193627849
2022-06-16T08:45-07:00,0.6417258328782024
2022-06-16T09:00-07:00,0.5867903930131066
2022-06-16T09:15-07:00,0.6412005457025859
2022-06-16T09:30-07:00,0.5995367216241932
2022-06-16T09:45-07:00,0.6385869565217329
2022-06-16T10:00-07:00,0.613747954173486
2022-06-16T10:15-07:00,0.5462988254575315
2022-06-16T10:30-07:00,0.6107491856677525
2022-06-16T10:45-07:00,0.5704971475142624
2022-06-16T11:00-07:00,0.6656704252139717
2022-06-16T11:15-07:00,0.6517311608961304
2022-06-16T11:30-07:00,0.597339125712728
2022-06-16T11:45-07:00,0.6261911244214601
2022-06-16T12:00-07:00,0.69416088199265
2022-06-16T12:15-07:00,0.6546644844517185
2022-06-16T12:30-07:00,0.6282436492761603
2022-06-16T12:45-07:00,0.6282436492761603
2022-06-16T13:00-07:00,0.6552006552006552
2022-06-16T13:15-07:00,0.6422519814156811
2022-06-16T13:30-07:00,0.6256800870511487
2022-06-16T13:45-07:00,0.6285011613608479
2022-06-16T14:00-07:00,0.5707297187117815
2022-06-16T14:15-07:00,0.6005186297256659
2022-06-16T14:30-07:00,0.6145022531749283
2022-06-16T14:45-07:00,0.5471956224350267
2022-06-16T15:00-07:00,0.547870154773325
2022-06-16T15:15-07:00,0.5990469707283804
2022-06-16T15:30-07:00,0.5853525728287565
2022-06-16T15:45-07:00,0.6251698831204193
2022-06-16T16:00-07:00,0.6241519674355558
2022-06-16T16:15-07:00,0.6147540983606558
2022-06-16T16:30-07:00,0.6279863481228731
2022-06-16T16:45-07:00,0.6414630817524163
2022-06-16T17:00-07:00,0.6279863481228731
2022-06-16T17:15-07:00,0.6662134602311415
2022-06-16T17:30-07:00,0.6804572672836083
2022-06-16T17:45-07:00,0.682966807813134
2022-06-16T18:00-07:00,0.667847894234707
2022-06-16T18:15-07:00,0.6393687933614411
2022-06-16T18:30-07:00,0.6124948958758677
2022-06-16T18:45-07:00,0.6538618716796076
2022-06-16T19:00-07:00,0.6670296760141636
2022-06-16T19:15-07:00,0.6401525469899148
2022-06-16T19:30-07:00,0.6438356164383499
2022-06-16T19:45-07:00,0.6832467887400867
2022-06-16T20:00-07:00,0.6964358869315854
2022-06-16T20:15-07:00,0.6700396554081834
2022-06-16T20:30-07:00,0.6425153793574784
2022-06-16T20:45-07:00,0.7107709130672561
2022-06-16T21:00-07:00,0.69416088199265
2022-06-16T21:15-07:00,0.6316078539063635
2022-06-16T21:30-07:00,0.6703146374829064
2022-06-16T21:45-07:00,0.6443652316972792
2022-06-16T22:00-07:00,0.6692160611854747
2022-06-16T22:15-07:00,0.6670296760141636
2022-06-16T22:30-07:00,0.6264469562849034
2022-06-16T22:45-07:00,0.6821282401091343
2022-06-16T23:00-07:00,0.6145022531749283
2022-06-16T23:15-07:00,0.7242415960644922
2022-06-16T23:30-07:00,0.6269592476489091
2022-06-16T23:45-07:00,0.6689419795221906
2022-06-17T00:00-07:00,0.667847894234707
2022-06-17T00:15-07:00,0.6152584085315833
2022-06-17T00:30-07:00,0.6448957189901144
2022-06-17T00:45-07:00,0.6427789934354423
2022-06-17T01:00-07:00,0.5870307167235558
2022-06-17T01:15-07:00,0.6139991813344249
2022-06-17T01:30-07:00,0.6274723775746891
2022-06-17T01:45-07:00,0.6172839506172839
2022-06-17T02:00-07:00,0.6029875291215505
2022-06-17T02:15-07:00,0.6165228113440198
2022-06-17T02:30-07:00,0.6019975372827958
2022-06-17T02:45-07:00,0.6142506142506142
2022-06-17T03:00-07:00,0.6152584085315833
2022-06-17T03:15-07:00,0.6422519814156811
2022-06-17T03:30-07:00,0.6557377049180327
2022-06-17T03:45-07:00,0.6017505470459455
2022-06-17T04:00-07:00,0.6165228113440198
2022-06-17T04:15-07:00,0.6443652316972792
2022-06-17T04:30-07:00,0.6451612903225744
2022-06-17T04:45-07:00,0.6147540983606558
2022-06-17T05:00-07:00,0.6290168193627849
2022-06-17T05:15-07:00,0.6587072869493619
2022-06-17T05:30-07:00,0.6446303662049039
2022-06-17T05:45-07:00,0.6840881105486324
2022-06-17T06:00-07:00,0.6552006552006552
2022-06-17T06:15-07:00,0.6978653530377669
2022-06-17T06:30-07:00,0.6970069700697007
2022-06-17T06:45-07:00,0.6157635467980296
2022-06-17T07:00-07:00,0.6692160611854747
2022-06-17T07:15-07:00,0.7122312012053206
2022-06-17T07:30-07:00,0.6560065600656007
2022-06-17T07:45-07:00,0.6279863481228731
2022-06-17T08:00-07:00,0.5870307167235558
2022-06-17T08:15-07:00,0.6155108740254411
2022-06-17T08:30-07:00,0.6683944891556467
2022-06-17T08:45-07:00,0.6002728512960375
2022-06-17T09:00-07:00,0.6142506142506142
2022-06-17T09:15-07:00,0.6546644844517185
2022-06-17T09:30-07:00,0.5899300315544033
2022-06-17T09:45-07:00,0.5496770647244806
2022-06-17T10:00-07:00,0.5882352941176533
2022-06-17T10:15-07:00,0.6267029972752106
2022-06-17T10:30-07:00,0.6129955046996322
2022-06-17T10:45-07:00,0.6433068710648719
2022-06-17T11:00-07:00,0.6029875291215505
2022-06-17T11:15-07:00,0.584397934221262
2022-06-17T11:30-07:00,0.6372881355932142
2022-06-17T11:45-07:00,0.6393687933614411
2022-06-17T12:00-07:00,0.5980698654342741
2022-06-17T12:15-07:00,0.6787944610371918
2022-06-17T12:30-07:00,0.625424881033317
2022-06-17T12:45-07:00,0.6385869565217329
2022-06-17T13:00-07:00,0.6546644844517185
2022-06-17T13:15-07:00,0.6380667933749599
2022-06-17T13:30-07:00,0.6287588846364196
2022-06-17T13:45-07:00,0.5997818974918149
2022-06-17T14:00-07:00,0.6005186297256659
2022-06-17T14:15-07:00,0.5983138428066296
2022-06-17T14:30-07:00,0.6385869565217329
2022-06-17T14:45-07:00,0.6134969325153374
2022-06-17T15:00-07:00,0.6259355014287721
2022-06-17T15:15-07:00,0.6132461161079313
2022-06-17T15:30-07:00,0.6002728512960375
2022-06-17T15:45-07:00,0.5725971370143149
2022-06-17T16:00-07:00,0.5728314238952537
2022-06-17T16:15-07:00,0.5733005733005733
2022-06-17T16:30-07:00,0.5735354362965998
2022-06-17T16:45-07:00,0.613747954173486
2022-06-17T17:00-07:00,0.5454049631851712
2022-06-17T17:15-07:00,0.5841597609020576
2022-06-17T17:30-07:00,0.586070601063111
2022-06-17T17:45-07:00,0.5865502659937315
2022-06-17T18:00-07:00,0.5742411812961444
2022-06-17T18:15-07:00,0.60150375939849
2022-06-17T18:30-07:00,0.5863103354240586
2022-06-17T18:45-07:00,0.6019975372827958
2022-06-17T19:00-07:00,0.6401525469899148
2022-06-17T19:15-07:00,0.6414630817524163
2022-06-17T19:30-07:00,0.6282436492761603
2022-06-17T19:45-07:00,0.5756578947368421
2022-06-17T20:00-07:00,0.6308283049917781
2022-06-17T20:15-07:00,0.6438356164383499
2022-06-17T20:30-07:00,0.6165228113440198
2022-06-17T20:45-07:00,0.657354149548069
2022-06-17T21:00-07:00,0.6565449322938038
2022-06-17T21:15-07:00,0.6451612903225744
2022-06-17T21:30-07:00,0.5906593406593469
2022-06-17T21:45-07:00,0.604977313350743
2022-06-17T22:00-07:00,0.6683944891556467
2022-06-17T22:15-07:00,0.5887185104052637
2022-06-17T22:30-07:00,0.5751848808545604
2022-06-17T22:45-07:00,0.6430428239157141
2022-06-17T23:00-07:00,0.6692160611854747
2022-06-17T23:15-07:00,0.6145022531749283
2022-06-17T23:30-07:00,0.6269592476489091
2022-06-17T23:45-07:00,0.6438356164383499
2022-06-18T00:00-07:00,0.60150375939849
2022-06-18T00:15-07:00,0.6170300287947347
2022-06-18T00:30-07:00,0.6430428239157141
2022-06-18T00:45-07:00,0.6560065600656007
2022-06-18T01:00-07:00,0.6409382244647421
2022-06-18T01:15-07:00,0.6417258328782024
2022-06-18T01:30-07:00,0.6417258328782024
2022-06-18T01:45-07:00,0.6412005457025859
2022-06-18T02:00-07:00,0.6409382244647421
2022-06-18T02:15-07:00,0.6295333242096682
2022-06-18T02:30-07:00,0.6290168193627849
2022-06-18T02:45-07:00,0.6282436492761603
2022-06-18T03:00-07:00,0.6419887993443456
2022-06-18T03:15-07:00,0.6010107908755572
2022-06-18T03:30-07:00,0.6285011613608479
2022-06-18T03:45-07:00,0.6818491749624921
2022-06-18T04:00-07:00,0.65439672801636
2022-06-18T04:15-07:00,0.6277292576419277
2022-06-18T04:30-07:00,0.6145022531749283
2022-06-18T04:45-07:00,0.7392197125256673
2022-06-18T05:00-07:00,0.7122312012053206
2022-06-18T05:15-07:00,0.7125239791723823
2022-06-18T05:30-07:00,0.6846501437765239
2022-06-18T05:45-07:00,0.6981519507186859
2022-06-18T06:00-07:00,0.7251333971815507
2022-06-18T06:15-07:00,0.6570841889117043
2022-06-18T06:30-07:00,0.6987258528565556
2022-06-18T06:45-07:00,0.6857769853243663
2022-06-18T07:00-07:00,0.6972928630024611
2022-06-18T07:15-07:00,0.6958657388456816
2022-06-18T07:30-07:00,0.7527028876419934
2022-06-18T07:45-07:00,0.6984387838948234
2022-06-18T08:00-07:00,0.7266246229777836
2022-06-18T08:15-07:00,0.6871907641561235
2022-06-18T08:30-07:00,0.7087365408205051
2022-06-18T08:45-07:00,0.6686681222707486
2022-06-18T09:00-07:00,0.7358953393295176
2022-06-18T09:15-07:00,0.6961506961506961
2022-06-18T09:30-07:00,0.7358953393295176
2022-06-18T09:45-07:00,0.6821282401091343
2022-06-18T10:00-07:00,0.6425153793574784
2022-06-18T10:15-07:00,0.6290168193627849
2022-06-18T10:30-07:00,0.6267029972752106
2022-06-18T10:45-07:00,0.6129955046996322
2022-06-18T11:00-07:00,0.6129955046996322
2022-06-18T11:15-07:00,0.6264469562849034
2022-06-18T11:30-07:00,0.6538618716796076
2022-06-18T11:45-07:00,0.6675749318801152
2022-06-18T12:00-07:00,0.6686681222707486
2022-06-18T12:15-07:00,0.6142506142506142
2022-06-18T12:30-07:00,0.6388473562593386
2022-06-18T12:45-07:00,0.6385869565217329
2022-06-18T13:00-07:00,0.6919006919006919
2022-06-18T13:15-07:00,0.6643167028199628
2022-06-18T13:30-07:00,0.6393687933614411
2022-06-18T13:45-07:00,0.6406761177753482
2022-06-18T14:00-07:00,0.6000272739669923
2022-06-18T14:15-07:00,0.5832090058320962
2022-06-18T14:30-07:00,0.6097560975609756
2022-06-18T14:45-07:00,0.5832090058320962
2022-06-18T15:00-07:00,0.5975825071302396
2022-06-18T15:15-07:00,0.5961251862891145
2022-06-18T15:30-07:00,0.6241519674355558
2022-06-18T15:45-07:00,0.5983138428066296
2022-06-18T16:00-07:00,0.6401525469899148
2022-06-18T16:15-07:00,0.6249150930580146
2022-06-18T16:30-07:00,0.6259355014287721
2022-06-18T16:45-07:00,0.6517311608961304
2022-06-18T17:00-07:00,0.6261911244214601
2022-06-18T17:15-07:00,0.6261911244214601
2022-06-18T17:30-07:00,0.6565449322938038
2022-06-18T17:45-07:00,0.6145022531749283
2022-06-18T18:00-07:00,0.6438356164383499
2022-06-18T18:15-07:00,0.6295333242096682
2022-06-18T18:30-07:00,0.5621058404167747
2022-06-18T18:45-07:00,0.6172839506172839
2022-06-18T19:00-07:00,0.630309673883262
2022-06-18T19:15-07:00,0.6443652316972792
2022-06-18T19:30-07:00,0.629791894852142
2022-06-18T19:45-07:00,0.657354149548069
2022-06-18T20:00-07:00,0.60150375939849
2022-06-18T20:15-07:00,0.6422519814156811
2022-06-18T20:30-07:00,0.6454270804723914
2022-06-18T20:45-07:00,0.6177924217462932
2022-06-18T21:00-07:00,0.5899300315544033
2022-06-18T21:15-07:00,0.6054768129902235
2022-06-18T21:30-07:00,0.591634562465609
2022-06-18T21:45-07:00,0.6002728512960375
2022-06-18T22:00-07:00,0.657354149548069
2022-06-18T22:15-07:00,0.6435711351499321
2022-06-18T22:30-07:00,0.6562756357670222
2022-06-18T22:45-07:00,0.6414630817524163
2022-06-18T23:00-07:00,0.6139991813344249
2022-06-18T23:15-07:00,0.6162695152013147
2022-06-18T23:30-07:00,0.6427789934354423
2022-06-18T23:45-07:00,0.6686681222707486
2022-06-19T00:00-07:00,0.6277292576419277
2022-06-19T00:15-07:00,0.6427789934354423
2022-06-19T00:30-07:00,0.6576243321002877
2022-06-19T00:45-07:00,0.6157635467980296
2022-06-19T01:00-07:00,0.6427789934354423
2022-06-19T01:15-07:00,0.6409382244647421
2022-06-19T01:30-07:00,0.6714168265278221
2022-06-19T01:45-07:00,0.6446303662049039
2022-06-19T02:00-07:00,0.6578947368421053
2022-06-19T02:15-07:00,0.6446303662049039
2022-06-19T02:30-07:00,0.6435711351499321
2022-06-19T02:45-07:00,0.6170300287947347
2022-06-19T03:00-07:00,0.6576243321002877
2022-06-19T03:15-07:00,0.6714168265278221
2022-06-19T03:30-07:00,0.6570841889117043
2022-06-19T03:45-07:00,0.6430428239157141
2022-06-19T04:00-07:00,0.6568144499178982
2022-06-19T04:15-07:00,0.6300506779893228
2022-06-19T04:30-07:00,0.6852131012744901
2022-06-19T04:45-07:00,0.6849315068493088
2022-06-19T05:00-07:00,0.6300506779893228
2022-06-19T05:15-07:00,0.6162695152013147
2022-06-19T05:30-07:00,0.6716929403701228
2022-06-19T05:45-07:00,0.6441003151980204
2022-06-19T06:00-07:00,0.6705898453537766
2022-06-19T06:15-07:00,0.6157635467980296
2022-06-19T06:30-07:00,0.6427789934354423
2022-06-19T06:45-07:00,0.6435711351499321
2022-06-19T07:00-07:00,0.6300506779893228
2022-06-19T07:15-07:00,0.6279863481228731
2022-06-19T07:30-07:00,0.6549324600900532
2022-06-19T07:45-07:00,0.6554690700532568
2022-06-19T08:00-07:00,0.6927465362673186
2022-06-19T08:15-07:00,0.6815703380588815
2022-06-19T08:30-07:00,0.6546644844517185
2022-06-19T08:45-07:00,0.6560065600656007
2022-06-19T09:00-07:00,0.6419887993443456
2022-06-19T09:15-07:00,0.6292749658002799
2022-06-19T09:30-07:00,0.6134969325153374
2022-06-19T09:45-07:00,0.6414630817524163
2022-06-19T10:00-07:00,0.6285011613608479
2022-06-19T10:15-07:00,0.6419887993443456
2022-06-19T10:30-07:00,0.625424881033317
2022-06-19T10:45-07:00,0.6391079684525366
2022-06-19T11:00-07:00,0.6538618716796076
2022-06-19T11:15-07:00,0.6129955046996322
2022-06-19T11:30-07:00,0.6000272739669923
2022-06-19T11:45-07:00,0.6546644844517185
2022-06-19T12:00-07:00,0.627215707662946
2022-06-19T12:15-07:00,0.6012571740912755
2022-06-19T12:30-07:00,0.6549324600900532
2022-06-19T12:45-07:00,0.6010107908755572
2022-06-19T13:00-07:00,0.5997818974918149
2022-06-19T13:15-07:00,0.6277292576419277
2022-06-19T13:30-07:00,0.6145022531749283
2022-06-19T13:45-07:00,0.6514657980456026
2022-06-19T14:00-07:00,0.6670296760141636
2022-06-19T14:15-07:00,0.6409382244647421
2022-06-19T14:30-07:00,0.6269592476489091
2022-06-19T14:45-07:00,0.6549324600900532
2022-06-19T15:00-07:00,0.6675749318801152
2022-06-19T15:15-07:00,0.6549324600900532
2022-06-19T15:30-07:00,0.6279863481228731
2022-06-19T15:45-07:00,0.6290168193627849
2022-06-19T16:00-07:00,0.5887185104052637
2022-06-19T16:15-07:00,0.6147540983606558
2022-06-19T16:30-07:00,0.6029875291215505
2022-06-19T16:45-07:00,0.6124948958758677
2022-06-19T17:00-07:00,0.5737704918032787
2022-06-19T17:15-07:00,0.6398910823689522
2022-06-19T17:30-07:00,0.5707297187117815
2022-06-19T17:45-07:00,0.5851136209008091
2022-06-19T18:00-07:00,0.6404142253712978
2022-06-19T18:15-07:00,0.6132461161079313
2022-06-19T18:30-07:00,0.6264469562849034
2022-06-19T18:45-07:00,0.613747954173486
2022-06-19T19:00-07:00,0.6427789934354423
2022-06-19T19:15-07:00,0.6310879407326171
2022-06-19T19:30-07:00,0.657354149548069
2022-06-19T19:45-07:00,0.6535947712418301
2022-06-19T20:00-07:00,0.6697648988518379
2022-06-19T20:15-07:00,0.6552006552006552
2022-06-19T20:30-07:00,0.6554690700532568
2022-06-19T20:45-07:00,0.6826870562534072
2022-06-19T21:00-07:00,0.6287588846364196
2022-06-19T21:15-07:00,0.6826870562534072
2022-06-19T21:30-07:00,0.6958657388456816
2022-06-19T21:45-07:00,0.6404142253712978
2022-06-19T22:00-07:00,0.6388473562593386
2022-06-19T22:15-07:00,0.6525285481239804
2022-06-19T22:30-07:00,0.6282436492761603
2022-06-19T22:45-07:00,0.6267029972752106
2022-06-19T23:00-07:00,0.6433068710648719
2022-06-19T23:15-07:00,0.6019975372827958
2022-06-19T23:30-07:00,0.6292749658002799
2022-06-19T23:45-07:00,0.6147540983606558
2022-06-20T00:00-07:00,0.6554690700532568
2022-06-20T00:15-07:00,0.613747954173486
2022-06-20T00:30-07:00,0.5621058404167747
2022-06-20T00:45-07:00,0.6034837470854415
2022-06-20T01:00-07:00,0.6160164271047228
2022-06-20T01:15-07:00,0.6157635467980296
2022-06-20T01:30-07:00,0.6279863481228731
2022-06-20T01:45-07:00,0.6546644844517185
2022-06-20T02:00-07:00,0.6185567010309279
2022-06-20T02:15-07:00,0.6024921265233403
2022-06-20T02:30-07:00,0.6562756357670222
2022-06-20T02:45-07:00,0.6012571740912755
2022-06-20T03:00-07:00,0.6425153793574784
2022-06-20T03:15-07:00,0.6560065600656007
2022-06-20T03:30-07:00,0.6703146374829064
2022-06-20T03:45-07:00,0.6562756357670222
2022-06-20T04:00-07:00,0.6697648988518379
2022-06-20T04:15-07:00,0.6703146374829064
2022-06-20T04:30-07:00,0.6835269993164668
2022-06-20T04:45-07:00,0.6995884773662552
2022-06-20T05:00-07:00,0.6448957189901144
2022-06-20T05:15-07:00,0.6578947368421053
2022-06-20T05:30-07:00,0.6846501437765239
2022-06-20T05:45-07:00,0.6972928630024611
2022-06-20T06:00-07:00,0.6955810147299509
2022-06-20T06:15-07:00,0.6554690700532568
2022-06-20T06:30-07:00,0.6438356164383499
2022-06-20T06:45-07:00,0.6454270804723914
2022-06-20T07:00-07:00,0.6972928630024611
2022-06-20T07:15-07:00,0.6587072869493619
2022-06-20T07:30-07:00,0.6719692814042849
2022-06-20T07:45-07:00,0.6527947776417788
2022-06-20T08:00-07:00,0.6398910823689522
2022-06-20T08:15-07:00,0.7221692328655067
2022-06-20T08:30-07:00,0.7093166007366043
2022-06-20T08:45-07:00,0.6824075337791666
2022-06-20T09:00-07:00,0.6546644844517185
2022-06-20T09:15-07:00,0.6000272739669923
2022-06-20T09:30-07:00,0.6129955046996322
2022-06-20T09:45-07:00,0.6132461161079313
2022-06-20T10:00-07:00,0.6264469562849034
2022-06-20T10:15-07:00,0.6114961271911945
2022-06-20T10:30-07:00,0.6673021925643532
2022-06-20T10:45-07:00,0.667847894234707
2022-06-20T11:00-07:00,0.6117455138662317
2022-06-20T11:15-07:00,0.6277292576419277
2022-06-20T11:30-07:00,0.6139991813344249
2022-06-20T11:45-07:00,0.6249150930580146
2022-06-20T12:00-07:00,0.6259355014287721
2022-06-20T12:15-07:00,0.6246605105920757
2022-06-20T12:30-07:00,0.6127450980392157
2022-06-20T12:45-07:00,0.6142506142506142
2022-06-20T13:00-07:00,0.638326768980029
2022-06-20T13:15-07:00,0.613747954173486
2022-06-20T13:30-07:00,0.6653992395437325
2022-06-20T13:45-07:00,0.6522625356706074
2022-06-20T14:00-07:00,0.6404142253712978
2022-06-20T14:15-07:00,0.6538618716796076
2022-06-20T14:30-07:00,0.6527947776417788
2022-06-20T14:45-07:00,0.6398910823689522
2022-06-20T15:00-07:00,0.6667573819567351
2022-06-20T15:15-07:00,0.6801795674057889
2022-06-20T15:30-07:00,0.6535947712418301
2022-06-20T15:45-07:00,0.6947282386595831
2022-06-20T16:00-07:00,0.7098976109215079
2022-06-20T16:15-07:00,0.7224645583424147
2022-06-20T16:30-07:00,0.7072905331882543
2022-06-20T16:45-07:00,0.6681210799018333
2022-06-20T17:00-07:00,0.6448957189901144
2022-06-20T17:15-07:00,0.6139991813344249
2022-06-20T17:30-07:00,0.6692160611854747
2022-06-20T17:45-07:00,0.6560065600656007
2022-06-20T18:00-07:00,0.6264469562849034
2022-06-20T18:15-07:00,0.6147540983606558
2022-06-20T18:30-07:00,0.6417258328782024
2022-06-20T18:45-07:00,0.699876492383697
2022-06-20T19:00-07:00,0.7010309278350515
2022-06-20T19:15-07:00,0.7266246229777836
2022-06-20T19:30-07:00,0.7425742574257426
2022-06-20T19:45-07:00,0.7517769272826744
2022-06-20T20:00-07:00,0.710479573712262
2022-06-20T20:15-07:00,0.6970069700697007
2022-06-20T20:30-07:00,0.7245386192754552
2022-06-20T20:45-07:00,0.7646095030038168
2022-06-20T21:00-07:00,0.6703146374829064
2022-06-20T21:15-07:00,0.7505458515283905
2022-06-20T21:30-07:00,0.710188473094789
2022-06-20T21:45-07:00,0.7254311524774095
2022-06-20T22:00-07:00,0.6425153793574784
2022-06-20T22:15-07:00,0.6425153793574784
2022-06-20T22:30-07:00,0.6433068710648719
2022-06-20T22:45-07:00,0.6967213114754098
2022-06-20T23:00-07:00,0.6832467887400867
2022-06-20T23:15-07:00,0.667847894234707
2022-06-20T23:30-07:00,0.6964358869315854
2022-06-20T23:45-07:00,0.6815703380588815
2022-06-21T00:00-07:00,0.6279863481228731
2022-06-21T00:15-07:00,0.6527947776417788
2022-06-21T00:30-07:00,0.6285011613608479
2022-06-21T00:45-07:00,0.6012571740912755
2022-06-21T01:00-07:00,0.6727996704654738
2022-06-21T01:15-07:00,0.6584362139917695
2022-06-21T01:30-07:00,0.6866245536940339
2022-06-21T01:45-07:00,0.6725226461707446
2022-06-21T02:00-07:00,0.6708652792990205
2022-06-21T02:15-07:00,0.7248358862144357
2022-06-21T02:30-07:00,0.6595218466611706
2022-06-21T02:45-07:00,0.699876492383697
2022-06-21T03:00-07:00,0.7018992568125516
2022-06-21T03:15-07:00,0.6329113924050696
2022-06-21T03:30-07:00,0.660338423442014
2022-06-21T03:45-07:00,0.6719692814042849
2022-06-21T04:00-07:00,0.7272228320526831
2022-06-21T04:15-07:00,0.686341798215505
2022-06-21T04:30-07:00,0.6318681318681382
2022-06-21T04:45-07:00,0.6689419795221906
2022-06-21T05:00-07:00,0.6730769230769293
2022-06-21T05:15-07:00,0.6860592755213988
2022-06-21T05:30-07:00,0.6987258528565556
2022-06-21T05:45-07:00,0.6719692814042849
2022-06-21T06:00-07:00,0.6970069700697007
2022-06-21T06:15-07:00,0.7142857142857206
2022-06-21T06:30-07:00,0.6597938144329897
2022-06-21T06:45-07:00,0.6821282401091343
2022-06-21T07:00-07:00,0.6446303662049039
2022-06-21T07:15-07:00,0.6860592755213988
2022-06-21T07:30-07:00,0.6412005457025859
2022-06-21T07:45-07:00,0.6700396554081834
2022-06-21T08:00-07:00,0.6824075337791666
2022-06-21T08:15-07:00,0.6821282401091343
2022-06-21T08:30-07:00,0.7245386192754552
2022-06-21T08:45-07:00,0.6435711351499321
2022-06-21T09:00-07:00,0.6285011613608479
2022-06-21T09:15-07:00,0.6422519814156811
2022-06-21T09:30-07:00,0.6279863481228731
2022-06-21T09:45-07:00,0.6295333242096682
2022-06-21T10:00-07:00,0.5711954304365565
2022-06-21T10:15-07:00,0.6114961271911945
2022-06-21T10:30-07:00,0.6256800870511487
2022-06-21T10:45-07:00,0.6393687933614411
2022-06-21T11:00-07:00,0.5980698654342741
2022-06-21T11:15-07:00,0.6409382244647421
2022-06-21T11:30-07:00,0.7087365408205051
2022-06-21T11:45-07:00,0.6978653530377669
2022-06-21T12:00-07:00,0.6525285481239804
2022-06-21T12:15-07:00,0.6538618716796076
2022-06-21T12:30-07:00,0.6538618716796076
2022-06-21T12:45-07:00,0.6689419795221906
2022-06-21T13:00-07:00,0.5990469707283804
2022-06-21T13:15-07:00,0.6269592476489091
2022-06-21T13:30-07:00,0.6673021925643532
2022-06-21T13:45-07:00,0.6409382244647421
2022-06-21T14:00-07:00,0.6279863481228731
2022-06-21T14:15-07:00,0.6554690700532568
2022-06-21T14:30-07:00,0.6554690700532568
2022-06-21T14:45-07:00,0.6538618716796076
2022-06-21T15:00-07:00,0.667847894234707
2022-06-21T15:15-07:00,0.6546644844517185
2022-06-21T15:30-07:00,0.6818491749624921
2022-06-21T15:45-07:00,0.6409382244647421
2022-06-21T16:00-07:00,0.6538618716796076
2022-06-21T16:15-07:00,0.6145022531749283
2022-06-21T16:30-07:00,0.6419887993443456
2022-06-21T16:45-07:00,0.6180469715698393
2022-06-21T17:00-07:00,0.6589785831960461
2022-06-21T17:15-07:00,0.6044786371754299
2022-06-21T17:30-07:00,0.6692160611854747
2022-06-21T17:45-07:00,0.6697648988518379
2022-06-21T18:00-07:00,0.713697502058749
2022-06-21T18:15-07:00,0.6967213114754098
2022-06-21T18:30-07:00,0.7230559345156827
2022-06-21T18:45-07:00,0.7107709130672561
2022-06-21T19:00-07:00,0.6975789905621665
2022-06-21T19:15-07:00,0.6984387838948234
2022-06-21T19:30-07:00,0.7918088737201427
2022-06-21T19:45-07:00,0.7658643326039325
2022-06-21T20:00-07:00,0.7377049180327869
2022-06-21T20:15-07:00,0.723648279628612
2022-06-21T20:30-07:00,0.6692160611854747
2022-06-21T20:45-07:00,0.723648279628612
2022-06-21T21:00-07:00,0.6961506961506961
2022-06-21T21:15-07:00,0.7087365408205051
2022-06-21T21:30-07:00,0.7093166007366043
2022-06-21T21:45-07:00,0.6950122649223222
2022-06-21T22:00-07:00,0.6838074398249391
2022-06-21T22:15-07:00,0.7380073800738007
2022-06-21T22:30-07:00,0.6984387838948234
2022-06-21T22:45-07:00,0.6689419795221906
2022-06-21T23:00-07:00,0.7230559345156827
2022-06-21T23:15-07:00,0.7087365408205051
2022-06-21T23:30-07:00,0.6944444444444444
2022-06-21T23:45-07:00,0.6576243321002877
2022-06-22T00:00-07:00,0.6727996704654738
2022-06-22T00:15-07:00,0.710479573712262
2022-06-22T00:30-07:00,0.6700396554081834
2022-06-22T00:45-07:00,0.6843690117711407
2022-06-22T01:00-07:00,0.6606110652353427
2022-06-22T01:15-07:00,0.6866245536940339
2022-06-22T01:30-07:00,0.6725226461707446
2022-06-22T01:45-07:00,0.6987258528565556
2022-06-22T02:00-07:00,0.6854949273375315
2022-06-22T02:15-07:00,0.699876492383697
2022-06-22T02:30-07:00,0.6854949273375315
2022-06-22T02:45-07:00,0.7134037590890445
2022-06-22T03:00-07:00,0.6857769853243663
2022-06-22T03:15-07:00,0.6852131012744901
2022-06-22T03:30-07:00,0.6703146374829064
2022-06-22T03:45-07:00,0.7128169979438034
2022-06-22T04:00-07:00,0.6981519507186859
2022-06-22T04:15-07:00,0.686341798215505
2022-06-22T04:30-07:00,0.6454270804723914
2022-06-22T04:45-07:00,0.6736321143799898
2022-06-22T05:00-07:00,0.6838074398249391
2022-06-22T05:15-07:00,0.6456930897101187
2022-06-22T05:30-07:00,0.6727996704654738
2022-06-22T05:45-07:00,0.6313477902827402
2022-06-22T06:00-07:00,0.7007419620774938
2022-06-22T06:15-07:00,0.713697502058749
2022-06-22T06:30-07:00,0.6703146374829064
2022-06-22T06:45-07:00,0.6592501030078286
2022-06-22T07:00-07:00,0.7148748968930501
2022-06-22T07:15-07:00,0.6670296760141636
2022-06-22T07:30-07:00,0.6877579092159497
2022-06-22T07:45-07:00,0.6990131578947368
2022-06-22T08:00-07:00,0.6871907641561235
2022-06-22T08:15-07:00,0.6719692814042849
2022-06-22T08:30-07:00,0.7218741487333089
2022-06-22T08:45-07:00,0.699876492383697
2022-06-22T09:00-07:00,0.6568144499178982
2022-06-22T09:15-07:00,0.6700396554081834
2022-06-22T09:30-07:00,0.7107709130672561
2022-06-22T09:45-07:00,0.6711409395973217
2022-06-22T10:00-07:00,0.6970069700697007
2022-06-22T10:15-07:00,0.707579262484698
2022-06-22T10:30-07:00,0.6810133478616118
2022-06-22T10:45-07:00,0.711354309165533
2022-06-22T11:00-07:00,0.6824075337791666
2022-06-22T11:15-07:00,0.6818491749624921
2022-06-22T11:30-07:00,0.6568144499178982
2022-06-22T11:45-07:00,0.7087365408205051
2022-06-22T12:00-07:00,0.6675749318801152
2022-06-22T12:15-07:00,0.6818491749624921
2022-06-22T12:30-07:00,0.6826870562534072
2022-06-22T12:45-07:00,0.711646366497885
2022-06-22T13:00-07:00,0.6568144499178982
2022-06-22T13:15-07:00,0.6568144499178982
2022-06-22T13:30-07:00,0.6799020940984436
2022-06-22T13:45-07:00,0.7061379684953891
2022-06-22T14:00-07:00,0.6824075337791666
2022-06-22T14:15-07:00,0.6538618716796076
2022-06-22T14:30-07:00,0.6821282401091343
2022-06-22T14:45-07:00,0.69359445124439
2022-06-22T15:00-07:00,0.6659418320195768
2022-06-22T15:15-07:00,0.6938775510204082
2022-06-22T15:30-07:00,0.6722458499108308
2022-06-22T15:45-07:00,0.6570841889117043
2022-06-22T16:00-07:00,0.682966807813134
2022-06-22T16:15-07:00,0.658165364047717
2022-06-22T16:30-07:00,0.6801795674057889
2022-06-22T16:45-07:00,0.6391079684525366
2022-06-22T17:00-07:00,0.6675749318801152
2022-06-22T17:15-07:00,0.7128169979438034
2022-06-22T17:30-07:00,0.6978653530377669
2022-06-22T17:45-07:00,0.710479573712262
2022-06-22T18:00-07:00,0.7646095030038168
2022-06-22T18:15-07:00,0.710479573712262
2022-06-22T18:30-07:00,0.6838074398249391
2022-06-22T18:45-07:00,0.711938663745899
2022-06-22T19:00-07:00,0.711354309165533
2022-06-22T19:15-07:00,0.6975789905621665
2022-06-22T19:30-07:00,0.6967213114754098
2022-06-22T19:45-07:00,0.6993006993006993
2022-06-22T20:00-07:00,0.7364975450081833
2022-06-22T20:15-07:00,0.7087365408205051
2022-06-22T20:30-07:00,0.6952965235173824
2022-06-22T20:45-07:00,0.710479573712262
2022-06-22T21:00-07:00,0.6835269993164668
2022-06-22T21:15-07:00,0.7257291524031158
2022-06-22T21:30-07:00,0.6978653530377669
2022-06-22T21:45-07:00,0.7254311524774095
2022-06-22T22:00-07:00,0.6838074398249391
2022-06-22T22:15-07:00,0.7422680412371134
2022-06-22T22:30-07:00,0.7013201320132013
2022-06-22T22:45-07:00,0.6719692814042849
2022-06-22T23:00-07:00,0.6568144499178982
2022-06-22T23:15-07:00,0.7122312012053206
2022-06-22T23:30-07:00,0.6736321143799898
2022-06-22T23:45-07:00,0.6846501437765239
2022-06-23T00:00-07:00,0.6730769230769293
2022-06-23T00:15-07:00,0.6995884773662552
2022-06-23T00:30-07:00,0.6993006993006993
2022-06-23T00:45-07:00,0.6990131578947368
2022-06-23T01:00-07:00,0.7251333971815507
2022-06-23T01:15-07:00,0.682966807813134
2022-06-23T01:30-07:00,0.6970069700697007
2022-06-23T01:45-07:00,0.6557377049180327
2022-06-23T02:00-07:00,0.6967213114754098
2022-06-23T02:15-07:00,0.6697648988518379
2022-06-23T02:30-07:00,0.6435711351499321
2022-06-23T02:45-07:00,0.6840881105486324
2022-06-23T03:00-07:00,0.7110624914535821
2022-06-23T03:15-07:00,0.6427789934354423
2022-06-23T03:30-07:00,0.6697648988518379
2022-06-23T03:45-07:00,0.6840881105486324
2022-06-23T04:00-07:00,0.6705898453537766
2022-06-23T04:15-07:00,0.6725226461707446
2022-06-23T04:30-07:00,0.6869075422448075
2022-06-23T04:45-07:00,0.6874742197167544
2022-06-23T05:00-07:00,0.714580184141823
2022-06-23T05:15-07:00,0.6804572672836083
2022-06-23T05:30-07:00,0.6546644844517185
2022-06-23T05:45-07:00,0.6815703380588815
2022-06-23T06:00-07:00,0.6689419795221906
2022-06-23T06:15-07:00,0.6964358869315854
2022-06-23T06:30-07:00,0.6984387838948234
2022-06-23T06:45-07:00,0.6975789905621665
2022-06-23T07:00-07:00,0.6570841889117043
2022-06-23T07:15-07:00,0.6438356164383499
2022-06-23T07:30-07:00,0.6846501437765239
2022-06-23T07:45-07:00,0.6438356164383499
2022-06-23T08:00-07:00,0.6673021925643532
2022-06-23T08:15-07:00,0.6667573819567351
2022-06-23T08:30-07:00,0.6810133478616118
2022-06-23T08:45-07:00,0.6812917291184023
2022-06-23T09:00-07:00,0.6565449322938038
2022-06-23T09:15-07:00,0.6683944891556467
2022-06-23T09:30-07:00,0.669490367536555
2022-06-23T09:45-07:00,0.6838074398249391
2022-06-23T10:00-07:00,0.6952965235173824
2022-06-23T10:15-07:00,0.6821282401091343
2022-06-23T10:30-07:00,0.6541291905151267
2022-06-23T10:45-07:00,0.711646366497885
2022-06-23T11:00-07:00,0.7070020394289661
2022-06-23T11:15-07:00,0.6692160611854747
2022-06-23T11:30-07:00,0.6821282401091343
2022-06-23T11:45-07:00,0.6681210799018333
2022-06-23T12:00-07:00,0.6970069700697007
2022-06-23T12:15-07:00,0.6570841889117043
2022-06-23T12:30-07:00,0.7090264521407207
2022-06-23T12:45-07:00,0.6703146374829064
2022-06-23T13:00-07:00,0.718644067796604
2022-06-23T13:15-07:00,0.6796248470844032
2022-06-23T13:30-07:00,0.7212847033206252
2022-06-23T13:45-07:00,0.707579262484698
2022-06-23T14:00-07:00,0.6396298312465915
2022-06-23T14:15-07:00,0.6818491749624921
2022-06-23T14:30-07:00,0.6533278889342589
2022-06-23T14:45-07:00,0.7084468664850199
2022-06-23T15:00-07:00,0.6686681222707486
2022-06-23T15:15-07:00,0.6981519507186859
2022-06-23T15:30-07:00,0.6804572672836083
2022-06-23T15:45-07:00,0.667847894234707
2022-06-23T16:00-07:00,0.6812917291184023
2022-06-23T16:15-07:00,0.6924643584521385
2022-06-23T16:30-07:00,0.6522625356706074
2022-06-23T16:45-07:00,0.6406761177753482
2022-06-23T17:00-07:00,0.6557377049180327
2022-06-23T17:15-07:00,0.6675749318801152
2022-06-23T17:30-07:00,0.6700396554081834
2022-06-23T17:45-07:00,0.6557377049180327
2022-06-23T18:00-07:00,0.657354149548069
2022-06-23T18:15-07:00,0.6295333242096682
2022-06-23T18:30-07:00,0.6295333242096682
2022-06-23T18:45-07:00,0.6414630817524163
2022-06-23T19:00-07:00,0.6826870562534072
2022-06-23T19:15-07:00,0.6681210799018333
2022-06-23T19:30-07:00,0.6984387838948234
2022-06-23T19:45-07:00,0.6414630817524163
2022-06-23T20:00-07:00,0.6560065600656007
2022-06-23T20:15-07:00,0.6409382244647421
2022-06-23T20:30-07:00,0.6417258328782024
2022-06-23T20:45-07:00,0.7087365408205051
2022-06-23T21:00-07:00,0.6947282386595831
2022-06-23T21:15-07:00,0.6981519507186859
2022-06-23T21:30-07:00,0.711938663745899
2022-06-23T21:45-07:00,0.6689419795221906
2022-06-23T22:00-07:00,0.7096069868995696
2022-06-23T22:15-07:00,0.6818491749624921
2022-06-23T22:30-07:00,0.6700396554081834
2022-06-23T22:45-07:00,0.6826870562534072
2022-06-23T23:00-07:00,0.6560065600656007
2022-06-23T23:15-07:00,0.6801795674057889
2022-06-23T23:30-07:00,0.6703146374829064
2022-06-23T23:45-07:00,0.6711409395973217
2022-06-24T00:00-07:00,0.6419887993443456
2022-06-24T00:15-07:00,0.6443652316972792
2022-06-24T00:30-07:00,0.64675932296683
2022-06-24T00:45-07:00,0.6310879407326171
2022-06-24T01:00-07:00,0.6446303662049039
2022-06-24T01:15-07:00,0.6438356164383499
2022-06-24T01:30-07:00,0.590172934394736
2022-06-24T01:45-07:00,0.6162695152013147
2022-06-24T02:00-07:00,0.6430428239157141
2022-06-24T02:15-07:00,0.6422519814156811
2022-06-24T02:30-07:00,0.6282436492761603
2022-06-24T02:45-07:00,0.6412005457025859
2022-06-24T03:00-07:00,0.64675932296683
2022-06-24T03:15-07:00,0.6326502544354347
2022-06-24T03:30-07:00,0.6305688827964422
2022-06-24T03:45-07:00,0.630309673883262
2022-06-24T04:00-07:00,0.630309673883262
2022-06-24T04:15-07:00,0.6034837470854415
2022-06-24T04:30-07:00,0.6310879407326171
2022-06-24T04:45-07:00,0.6047278724573879
2022-06-24T05:00-07:00,0.5637288601677374
2022-06-24T05:15-07:00,0.669490367536555
2022-06-24T05:30-07:00,0.6010107908755572
2022-06-24T05:45-07:00,0.6849315068493088
2022-06-24T06:00-07:00,0.6279863481228731
2022-06-24T06:15-07:00,0.6024921265233403
2022-06-24T06:30-07:00,0.630309673883262
2022-06-24T06:45-07:00,0.5889604163813239
2022-06-24T07:00-07:00,0.6435711351499321
2022-06-24T07:15-07:00,0.6459593183067557
2022-06-24T07:30-07:00,0.6127450980392157
2022-06-24T07:45-07:00,0.5884768030655598
2022-06-24T08:00-07:00,0.6002728512960375
2022-06-24T08:15-07:00,0.6129955046996322
2022-06-24T08:30-07:00,0.6799020940984436
2022-06-24T08:45-07:00,0.6562756357670222
2022-06-24T09:00-07:00,0.6541291905151267
2022-06-24T09:15-07:00,0.6010107908755572
2022-06-24T09:30-07:00,0.6017505470459455
2022-06-24T09:45-07:00,0.6162695152013147
2022-06-24T10:00-07:00,0.5593451568894889
2022-06-24T10:15-07:00,0.5591163234692423
2022-06-24T10:30-07:00,0.5582028590878086
2022-06-24T10:45-07:00,0.5983138428066296
2022-06-24T11:00-07:00,0.6372881355932142
2022-06-24T11:15-07:00,0.638326768980029
2022-06-24T11:30-07:00,0.6692160611854747
2022-06-24T11:45-07:00,0.6549324600900532
2022-06-24T12:00-07:00,0.6653992395437325
2022-06-24T12:15-07:00,0.6530612244897959
2022-06-24T12:30-07:00,0.7067137809187342
2022-06-24T12:45-07:00,0.7221692328655067
2022-06-24T13:00-07:00,0.6549324600900532
2022-06-24T13:15-07:00,0.7052760070527663
2022-06-24T13:30-07:00,0.7061379684953891
2022-06-24T13:45-07:00,0.7090264521407207
2022-06-24T14:00-07:00,0.6961506961506961
2022-06-24T14:15-07:00,0.7367990176013098
2022-06-24T14:30-07:00,0.6838074398249391
2022-06-24T14:45-07:00,0.6849315068493088
2022-06-24T15:00-07:00,0.7090264521407207
2022-06-24T15:15-07:00,0.7367990176013098
2022-06-24T15:30-07:00,0.682966807813134
2022-06-24T15:45-07:00,0.6570841889117043
2022-06-24T16:00-07:00,0.7614903453902576
2022-06-24T16:15-07:00,0.6832467887400867
2022-06-24T16:30-07:00,0.6675749318801152
2022-06-24T16:45-07:00,0.707579262484698
2022-06-24T17:00-07:00,0.6975789905621665
2022-06-24T17:15-07:00,0.6952965235173824
2022-06-24T17:30-07:00,0.6697648988518379
2022-06-24T17:45-07:00,0.7352941176470589
2022-06-24T18:00-07:00,0.6683944891556467
2022-06-24T18:15-07:00,0.7224645583424147
2022-06-24T18:30-07:00,0.6560065600656007
2022-06-24T18:45-07:00,0.7349938750510412
2022-06-24T19:00-07:00,0.7134037590890445
2022-06-24T19:15-07:00,0.6860592755213988
2022-06-24T19:30-07:00,0.7245386192754552
2022-06-24T19:45-07:00,0.7269236044438285
2022-06-24T20:00-07:00,0.6987258528565556
2022-06-24T20:15-07:00,0.6681210799018333
2022-06-24T20:30-07:00,0.6683944891556467
2022-06-24T20:45-07:00,0.6815703380588815
2022-06-24T21:00-07:00,0.667847894234707
2022-06-24T21:15-07:00,0.7248358862144357
2022-06-24T21:30-07:00,0.711938663745899
2022-06-24T21:45-07:00,0.7649228247507108
2022-06-24T22:00-07:00,0.710479573712262
2022-06-24T22:15-07:00,0.7290233837689071
2022-06-24T22:30-07:00,0.6975789905621665
2022-06-24T22:45-07:00,0.7221692328655067
2022-06-24T23:00-07:00,0.6700396554081834
2022-06-24T23:15-07:00,0.6955810147299509
2022-06-24T23:30-07:00,0.6832467887400867
2022-06-24T23:45-07:00,0.669490367536555
2022-06-25T00:00-07:00,0.6964358869315854
2022-06-25T00:15-07:00,0.6681210799018333
2022-06-25T00:30-07:00,0.6409382244647421
2022-06-25T00:45-07:00,0.6670296760141636
2022-06-25T01:00-07:00,0.6044786371754299
2022-06-25T01:15-07:00,0.6981519507186859
2022-06-25T01:30-07:00,0.6592501030078286
2022-06-25T01:45-07:00,0.658165364047717
2022-06-25T02:00-07:00,0.6589785831960461
2022-06-25T02:15-07:00,0.6719692814042849
2022-06-25T02:30-07:00,0.6326502544354347
2022-06-25T02:45-07:00,0.6183017312448474
2022-06-25T03:00-07:00,0.629791894852142
2022-06-25T03:15-07:00,0.6964358869315854
2022-06-25T03:30-07:00,0.6987258528565556
2022-06-25T03:45-07:00,0.6849315068493088
2022-06-25T04:00-07:00,0.6981519507186859
2022-06-25T04:15-07:00,0.6852131012744901
2022-06-25T04:30-07:00,0.6578947368421053
2022-06-25T04:45-07:00,0.6708652792990205
2022-06-25T05:00-07:00,0.6970069700697007
2022-06-25T05:15-07:00,0.6981519507186859
2022-06-25T05:30-07:00,0.6852131012744901
2022-06-25T05:45-07:00,0.7389162561576355
2022-06-25T06:00-07:00,0.6840881105486324
2022-06-25T06:15-07:00,0.6978653530377669
2022-06-25T06:30-07:00,0.6425153793574784
2022-06-25T06:45-07:00,0.6838074398249391
2022-06-25T07:00-07:00,0.7251333971815507
2022-06-25T07:15-07:00,0.6570841889117043
2022-06-25T07:30-07:00,0.6995884773662552
2022-06-25T07:45-07:00,0.6716929403701228
2022-06-25T08:00-07:00,0.6978653530377669
2022-06-25T08:15-07:00,0.6857769853243663
2022-06-25T08:30-07:00,0.6801795674057889
2022-06-25T08:45-07:00,0.7087365408205051
2022-06-25T09:00-07:00,0.6967213114754098
2022-06-25T09:15-07:00,0.6705898453537766
2022-06-25T09:30-07:00,0.6807351940095241
2022-06-25T09:45-07:00,0.6279863481228731
2022-06-25T10:00-07:00,0.6944444444444444
2022-06-25T10:15-07:00,0.6554690700532568
2022-06-25T10:30-07:00,0.6970069700697007
2022-06-25T10:45-07:00,0.6419887993443456
2022-06-25T11:00-07:00,0.6930289441500204
2022-06-25T11:15-07:00,0.7218741487333089
2022-06-25T11:30-07:00,0.6549324600900532
2022-06-25T11:45-07:00,0.7049891540130214
2022-06-25T12:00-07:00,0.6785181164337025
2022-06-25T12:15-07:00,0.6512006512006512
2022-06-25T12:30-07:00,0.6517311608961304
2022-06-25T12:45-07:00,0.6670296760141636
2022-06-25T13:00-07:00,0.6785181164337025
2022-06-25T13:15-07:00,0.7047025342187351
2022-06-25T13:30-07:00,0.7055630936228013
2022-06-25T13:45-07:00,0.707579262484698
2022-06-25T14:00-07:00,0.6796248470844032
2022-06-25T14:15-07:00,0.6815703380588815
2022-06-25T14:30-07:00,0.6955810147299509
2022-06-25T14:45-07:00,0.6807351940095241
2022-06-25T15:00-07:00,0.6670296760141636
2022-06-25T15:15-07:00,0.6824075337791666
2022-06-25T15:30-07:00,0.6562756357670222
2022-06-25T15:45-07:00,0.7668081610297075
2022-06-25T16:00-07:00,0.6950122649223222
2022-06-25T16:15-07:00,0.7087365408205051
2022-06-25T16:30-07:00,0.6955810147299509
2022-06-25T16:45-07:00,0.7224645583424147
2022-06-25T17:00-07:00,0.7224645583424147
2022-06-25T17:15-07:00,0.6952965235173824
2022-06-25T17:30-07:00,0.7361963190184049
2022-06-25T17:45-07:00,0.699876492383697
2022-06-25T18:00-07:00,0.7251333971815507
2022-06-25T18:15-07:00,0.7090264521407207
2022-06-25T18:30-07:00,0.6970069700697007
2022-06-25T18:45-07:00,0.69416088199265
2022-06-25T19:00-07:00,0.6818491749624921
2022-06-25T19:15-07:00,0.7377049180327869
2022-06-25T19:30-07:00,0.711938663745899
2022-06-25T19:45-07:00,0.6824075337791666
2022-06-25T20:00-07:00,0.7790077900779008
2022-06-25T20:15-07:00,0.7263258873509598
2022-06-25T20:30-07:00,0.6993006993006993
2022-06-25T20:45-07:00,0.7404360345536816
2022-06-25T21:00-07:00,0.7134037590890445
2022-06-25T21:15-07:00,0.7251333971815507
2022-06-25T21:30-07:00,0.6978653530377669
2022-06-25T21:45-07:00,0.7533214628133196
2022-06-25T22:00-07:00,0.7239448162819224
2022-06-25T22:15-07:00,0.6807351940095241
2022-06-25T22:30-07:00,0.7520853274989807
2022-06-25T22:45-07:00,0.7090264521407207
2022-06-25T23:00-07:00,0.7251333971815507
2022-06-25T23:15-07:00,0.713697502058749
2022-06-25T23:30-07:00,0.6866245536940339
2022-06-25T23:45-07:00,0.7004532344458179
2022-06-26T00:00-07:00,0.6993006993006993
2022-06-26T00:15-07:00,0.7269236044438285
2022-06-26T00:30-07:00,0.7154650522839909
2022-06-26T00:45-07:00,0.7154650522839909
2022-06-26T01:00-07:00,0.713697502058749
2022-06-26T01:15-07:00,0.7395234182415776
2022-06-26T01:30-07:00,0.7278220269156762
2022-06-26T01:45-07:00,0.7275223061084357
2022-06-26T02:00-07:00,0.713697502058749
2022-06-26T02:15-07:00,0.7257291524031158
2022-06-26T02:30-07:00,0.7395234182415776
2022-06-26T02:45-07:00,0.6981519507186859
2022-06-26T03:00-07:00,0.7514687798879691
2022-06-26T03:15-07:00,0.7263258873509598
2022-06-26T03:30-07:00,0.6993006993006993
2022-06-26T03:45-07:00,0.7134037590890445
2022-06-26T04:00-07:00,0.7134037590890445
2022-06-26T04:15-07:00,0.7266246229777836
2022-06-26T04:30-07:00,0.6993006993006993
2022-06-26T04:45-07:00,0.7398273736128237
2022-06-26T05:00-07:00,0.713697502058749
2022-06-26T05:15-07:00,0.7134037590890445
2022-06-26T05:30-07:00,0.713991487024584
2022-06-26T05:45-07:00,0.7257291524031158
2022-06-26T06:00-07:00,0.6990131578947368
2022-06-26T06:15-07:00,0.7266246229777836
2022-06-26T06:30-07:00,0.6857769853243663
2022-06-26T06:45-07:00,0.7683863885839674
2022-06-26T07:00-07:00,0.7419620774938169
2022-06-26T07:15-07:00,0.723648279628612
2022-06-26T07:30-07:00,0.7251333971815507
2022-06-26T07:45-07:00,0.7257291524031158
2022-06-26T08:00-07:00,0.69359445124439
2022-06-26T08:15-07:00,0.69416088199265
2022-06-26T08:30-07:00,0.6815703380588815
2022-06-26T08:45-07:00,0.6818491749624921
2022-06-26T09:00-07:00,0.7326007326007326
2022-06-26T09:15-07:00,0.69359445124439
2022-06-26T09:30-07:00,0.6944444444444444
2022-06-26T09:45-07:00,0.7084468664850199
2022-06-26T10:00-07:00,0.7227601254602419
2022-06-26T10:15-07:00,0.6807351940095241
2022-06-26T10:30-07:00,0.6801795674057889
2022-06-26T10:45-07:00,0.6815703380588815
2022-06-26T11:00-07:00,0.7064257573699287
2022-06-26T11:15-07:00,0.6412005457025859
2022-06-26T11:30-07:00,0.7067137809187342
2022-06-26T11:45-07:00,0.6821282401091343
2022-06-26T12:00-07:00,0.6913379422529483
2022-06-26T12:15-07:00,0.7058504140084221
2022-06-26T12:30-07:00,0.6653992395437325
2022-06-26T12:45-07:00,0.7352941176470589
2022-06-26T13:00-07:00,0.7084468664850199
2022-06-26T13:15-07:00,0.7209903414501366
2022-06-26T13:30-07:00,0.7320048800325335
2022-06-26T13:45-07:00,0.7047025342187351
2022-06-26T14:00-07:00,0.7456616052060799
2022-06-26T14:15-07:00,0.734094616639478
2022-06-26T14:30-07:00,0.7593220338982989
2022-06-26T14:45-07:00,0.7474857298178915
2022-06-26T15:00-07:00,0.7630467366126112
2022-06-26T15:15-07:00,0.7658643326039325
2022-06-26T15:30-07:00,0.7364975450081833
2022-06-26T15:45-07:00,0.762734949605006
2022-06-26T16:00-07:00,0.7355946056395587
2022-06-26T16:15-07:00,0.7914847161572115
2022-06-26T16:30-07:00,0.7505458515283905
2022-06-26T16:45-07:00,0.7224645583424147
2022-06-26T17:00-07:00,0.7636710759579919
2022-06-26T17:15-07:00,0.7361963190184049
2022-06-26T17:30-07:00,0.7248358862144357
2022-06-26T17:45-07:00,0.7383100902379
2022-06-26T18:00-07:00,0.7508532423208254
2022-06-26T18:15-07:00,0.7221692328655067
2022-06-26T18:30-07:00,0.748401143012661
2022-06-26T18:45-07:00,0.7523939808481594
2022-06-26T19:00-07:00,0.7096069868995696
2022-06-26T19:15-07:00,0.762734949605006
2022-06-26T19:30-07:00,0.7818930041152263
2022-06-26T19:45-07:00,0.711938663745899
2022-06-26T20:00-07:00,0.7508532423208254
2022-06-26T20:15-07:00,0.6990131578947368
2022-06-26T20:30-07:00,0.6995884773662552
2022-06-26T20:45-07:00,0.7474857298178915
2022-06-26T21:00-07:00,0.6538618716796076
2022-06-26T21:15-07:00,0.6670296760141636
2022-06-26T21:30-07:00,0.6840881105486324
2022-06-26T21:45-07:00,0.6587072869493619
2022-06-26T22:00-07:00,0.6727996704654738
2022-06-26T22:15-07:00,0.6716929403701228
2022-06-26T22:30-07:00,0.6944444444444444
2022-06-26T22:45-07:00,0.7107709130672561
2022-06-26T23:00-07:00,0.6871907641561235
2022-06-26T23:15-07:00,0.699876492383697
2022-06-26T23:30-07:00,0.6576243321002877
2022-06-26T23:45-07:00,0.6874742197167544
2022-06-27T00:00-07:00,0.7010309278350515
2022-06-27T00:15-07:00,0.6608839322593969
2022-06-27T00:30-07:00,0.6978653530377669
2022-06-27T00:45-07:00,0.6552006552006552
2022-06-27T01:00-07:00,0.6821282401091343
2022-06-27T01:15-07:00,0.6681210799018333
2022-06-27T01:30-07:00,0.7093166007366043
2022-06-27T01:45-07:00,0.6533278889342589
2022-06-27T02:00-07:00,0.7070020394289661
2022-06-27T02:15-07:00,0.6404142253712978
2022-06-27T02:30-07:00,0.6535947712418301
2022-06-27T02:45-07:00,0.69359445124439
2022-06-27T03:00-07:00,0.6448957189901144
2022-06-27T03:15-07:00,0.6185567010309279
2022-06-27T03:30-07:00,0.6857769853243663
2022-06-27T03:45-07:00,0.6404142253712978
2022-06-27T04:00-07:00,0.6398910823689522
2022-06-27T04:15-07:00,0.6958657388456816
2022-06-27T04:30-07:00,0.6546644844517185
2022-06-27T04:45-07:00,0.6689419795221906
2022-06-27T05:00-07:00,0.6689419795221906
2022-06-27T05:15-07:00,0.6433068710648719
2022-06-27T05:30-07:00,0.6562756357670222
2022-06-27T05:45-07:00,0.7096069868995696
2022-06-27T06:00-07:00,0.6810133478616118
2022-06-27T06:15-07:00,0.6560065600656007
2022-06-27T06:30-07:00,0.6557377049180327
2022-06-27T06:45-07:00,0.5889604163813239
2022-06-27T07:00-07:00,0.6180469715698393
2022-06-27T07:15-07:00,0.6310879407326171
2022-06-27T07:30-07:00,0.629791894852142
2022-06-27T07:45-07:00,0.6443652316972792
2022-06-27T08:00-07:00,0.669490367536555
2022-06-27T08:15-07:00,0.6162695152013147
2022-06-27T08:30-07:00,0.6282436492761603
2022-06-27T08:45-07:00,0.6961506961506961
2022-06-27T09:00-07:00,0.657354149548069
2022-06-27T09:15-07:00,0.6541291905151267
2022-06-27T09:30-07:00,0.6142506142506142
2022-06-27T09:45-07:00,0.6150061500615006
2022-06-27T10:00-07:00,0.6019975372827958
2022-06-27T10:15-07:00,0.6686681222707486
2022-06-27T10:30-07:00,0.6414630817524163
2022-06-27T10:45-07:00,0.6419887993443456
2022-06-27T11:00-07:00,0.6433068710648719
2022-06-27T11:15-07:00,0.6975789905621665
2022-06-27T11:30-07:00,0.6944444444444444
2022-06-27T11:45-07:00,0.7096069868995696
2022-06-27T12:00-07:00,0.6675749318801152
2022-06-27T12:15-07:00,0.6835269993164668
2022-06-27T12:30-07:00,0.6517311608961304
2022-06-27T12:45-07:00,0.69416088199265
2022-06-27T13:00-07:00,0.7233519858059171
2022-06-27T13:15-07:00,0.6560065600656007
2022-06-27T13:30-07:00,0.6656704252139717
2022-06-27T13:45-07:00,0.6824075337791666
2022-06-27T14:00-07:00,0.7072905331882543
2022-06-27T14:15-07:00,0.7087365408205051
2022-06-27T14:30-07:00,0.6675749318801152
2022-06-27T14:45-07:00,0.69416088199265
2022-06-27T15:00-07:00,0.6930289441500204
2022-06-27T15:15-07:00,0.7204023379094677
2022-06-27T15:30-07:00,0.762734949605006
2022-06-27T15:45-07:00,0.7206962197443506
2022-06-27T16:00-07:00,0.7468766974470459
2022-06-27T16:15-07:00,0.7496251874063031
2022-06-27T16:30-07:00,0.723648279628612
2022-06-27T16:45-07:00,0.7230559345156827
2022-06-27T17:00-07:00,0.7245386192754552
2022-06-27T17:15-07:00,0.7367990176013098
2022-06-27T17:30-07:00,0.7680702235632909
2022-06-27T17:45-07:00,0.6981519507186859
2022-06-27T18:00-07:00,0.7649228247507108
2022-06-27T18:15-07:00,0.7377049180327869
2022-06-27T18:30-07:00,0.7227601254602419
2022-06-27T18:45-07:00,0.7395234182415776
2022-06-27T19:00-07:00,0.7248358862144357
2022-06-27T19:15-07:00,0.7392197125256673
2022-06-27T19:30-07:00,0.6978653530377669
2022-06-27T19:45-07:00,0.7649228247507108
2022-06-27T20:00-07:00,0.700164744645799
2022-06-27T20:15-07:00,0.7401315789473685
2022-06-27T20:30-07:00,0.6993006993006993
2022-06-27T20:45-07:00,0.7404360345536816
2022-06-27T21:00-07:00,0.7389162561576355
2022-06-27T21:15-07:00,0.6981519507186859
2022-06-27T21:30-07:00,0.711646366497885
2022-06-27T21:45-07:00,0.711354309165533
2022-06-27T22:00-07:00,0.7245386192754552
2022-06-27T22:15-07:00,0.6818491749624921
2022-06-27T22:30-07:00,0.711938663745899
2022-06-27T22:45-07:00,0.6446303662049039
2022-06-27T23:00-07:00,0.6854949273375315
2022-06-27T23:15-07:00,0.7087365408205051
2022-06-27T23:30-07:00,0.6860592755213988
2022-06-27T23:45-07:00,0.6587072869493619
2022-06-28T00:00-07:00,0.699876492383697
2022-06-28T00:15-07:00,0.6981519507186859
2022-06-28T00:30-07:00,0.6990131578947368
2022-06-28T00:45-07:00,0.6708652792990205
2022-06-28T01:00-07:00,0.7110624914535821
2022-06-28T01:15-07:00,0.6818491749624921
2022-06-28T01:30-07:00,0.6703146374829064
2022-06-28T01:45-07:00,0.6692160611854747
2022-06-28T02:00-07:00,0.6869075422448075
2022-06-28T02:15-07:00,0.6456930897101187
2022-06-28T02:30-07:00,0.686341798215505
2022-06-28T02:45-07:00,0.6446303662049039
2022-06-28T03:00-07:00,0.6308283049917781
2022-06-28T03:15-07:00,0.6584362139917695
2022-06-28T03:30-07:00,0.7128169979438034
2022-06-28T03:45-07:00,0.6849315068493088
2022-06-28T04:00-07:00,0.6441003151980204
2022-06-28T04:15-07:00,0.6725226461707446
2022-06-28T04:30-07:00,0.6866245536940339
2022-06-28T04:45-07:00,0.6736321143799898
2022-06-28T05:00-07:00,0.6600660066006601
2022-06-28T05:15-07:00,0.7096069868995696
2022-06-28T05:30-07:00,0.6681210799018333
2022-06-28T05:45-07:00,0.6958657388456816
2022-06-28T06:00-07:00,0.6812917291184023
2022-06-28T06:15-07:00,0.6689419795221906
2022-06-28T06:30-07:00,0.6419887993443456
2022-06-28T06:45-07:00,0.6162695152013147
2022-06-28T07:00-07:00,0.6846501437765239
2022-06-28T07:15-07:00,0.6716929403701228
2022-06-28T07:30-07:00,0.6708652792990205
2022-06-28T07:45-07:00,0.6587072869493619
2022-06-28T08:00-07:00,0.6565449322938038
2022-06-28T08:15-07:00,0.6305688827964422
2022-06-28T08:30-07:00,0.6404142253712978
2022-06-28T08:45-07:00,0.6538618716796076
2022-06-28T09:00-07:00,0.6804572672836083
2022-06-28T09:15-07:00,0.6552006552006552
2022-06-28T09:30-07:00,0.6427789934354423
2022-06-28T09:45-07:00,0.630309673883262
2022-06-28T10:00-07:00,0.6689419795221906
2022-06-28T10:15-07:00,0.6560065600656007
2022-06-28T10:30-07:00,0.6127450980392157
2022-06-28T10:45-07:00,0.6697648988518379
2022-06-28T11:00-07:00,0.6430428239157141
2022-06-28T11:15-07:00,0.713697502058749
2022-06-28T11:30-07:00,0.6919006919006919
2022-06-28T11:45-07:00,0.6782419967444322
2022-06-28T12:00-07:00,0.7201086956521677
2022-06-28T12:15-07:00,0.748401143012661
2022-06-28T12:30-07:00,0.7337953526294333
2022-06-28T12:45-07:00,0.6958657388456816
2022-06-28T13:00-07:00,0.6970069700697007
2022-06-28T13:15-07:00,0.6944444444444444
2022-06-28T13:30-07:00,0.6406761177753482
2022-06-28T13:45-07:00,0.6673021925643532
2022-06-28T14:00-07:00,0.6406761177753482
2022-06-28T14:15-07:00,0.6406761177753482
2022-06-28T14:30-07:00,0.6843690117711407
2022-06-28T14:45-07:00,0.6570841889117043
2022-06-28T15:00-07:00,0.629791894852142
2022-06-28T15:15-07:00,0.6703146374829064
2022-06-28T15:30-07:00,0.6435711351499321
2022-06-28T15:45-07:00,0.6700396554081834
2022-06-28T16:00-07:00,0.7096069868995696
2022-06-28T16:15-07:00,0.699876492383697
2022-06-28T16:30-07:00,0.7284222100054912
2022-06-28T16:45-07:00,0.6451612903225744
2022-06-28T17:00-07:00,0.6736321143799898
2022-06-28T17:15-07:00,0.7013201320132013
2022-06-28T17:30-07:00,0.7007419620774938
2022-06-28T17:45-07:00,0.7254311524774095
2022-06-28T18:00-07:00,0.630309673883262
2022-06-28T18:15-07:00,0.713991487024584
2022-06-28T18:30-07:00,0.657354149548069
2022-06-28T18:45-07:00,0.6739100536377453
2022-06-28T19:00-07:00,0.7361963190184049
2022-06-28T19:15-07:00,0.7134037590890445
2022-06-28T19:30-07:00,0.7272228320526831
2022-06-28T19:45-07:00,0.6708652792990205
2022-06-28T20:00-07:00,0.7257291524031158
2022-06-28T20:15-07:00,0.6454270804723914
2022-06-28T20:30-07:00,0.6736321143799898
2022-06-28T20:45-07:00,0.6722458499108308
2022-06-28T21:00-07:00,0.7251333971815507
2022-06-28T21:15-07:00,0.699876492383697
2022-06-28T21:30-07:00,0.6727996704654738
2022-06-28T21:45-07:00,0.6433068710648719
2022-06-28T22:00-07:00,0.6708652792990205
2022-06-28T22:15-07:00,0.658165364047717
2022-06-28T22:30-07:00,0.6441003151980204
2022-06-28T22:45-07:00,0.6560065600656007
2022-06-28T23:00-07:00,0.6279863481228731
2022-06-28T23:15-07:00,0.667847894234707
2022-06-28T23:30-07:00,0.6462257665337487
2022-06-28T23:45-07:00,0.6568144499178982
2022-06-29T00:00-07:00,0.6714168265278221
2022-06-29T00:15-07:00,0.7125239791723823
2022-06-29T00:30-07:00,0.657354149548069
2022-06-29T00:45-07:00,0.6826870562534072
2022-06-29T01:00-07:00,0.682966807813134
2022-06-29T01:15-07:00,0.6546644844517185
2022-06-29T01:30-07:00,0.6950122649223222
2022-06-29T01:45-07:00,0.669490367536555
2022-06-29T02:00-07:00,0.6139991813344249
2022-06-29T02:15-07:00,0.65439672801636
2022-06-29T02:30-07:00,0.6404142253712978
2022-06-29T02:45-07:00,0.6535947712418301
2022-06-29T03:00-07:00,0.6527947776417788
2022-06-29T03:15-07:00,0.6576243321002877
2022-06-29T03:30-07:00,0.6705898453537766
2022-06-29T03:45-07:00,0.6331727460426766
2022-06-29T04:00-07:00,0.6310879407326171
2022-06-29T04:15-07:00,0.5894448252227615
2022-06-29T04:30-07:00,0.6310879407326171
2022-06-29T04:45-07:00,0.6409382244647421
2022-06-29T05:00-07:00,0.6554690700532568
2022-06-29T05:15-07:00,0.6300506779893228
2022-06-29T05:30-07:00,0.6570841889117043
2022-06-29T05:45-07:00,0.6290168193627849
2022-06-29T06:00-07:00,0.6427789934354423
2022-06-29T06:15-07:00,0.6435711351499321
2022-06-29T06:30-07:00,0.6435711351499321
2022-06-29T06:45-07:00,0.6438356164383499
2022-06-29T07:00-07:00,0.6568144499178982
2022-06-29T07:15-07:00,0.6285011613608479
2022-06-29T07:30-07:00,0.6292749658002799
2022-06-29T07:45-07:00,0.603235536057027
2022-06-29T08:00-07:00,0.6659418320195768
2022-06-29T08:15-07:00,0.6533278889342589
2022-06-29T08:30-07:00,0.6533278889342589
2022-06-29T08:45-07:00,0.6406761177753482
2022-06-29T09:00-07:00,0.6683944891556467
2022-06-29T09:15-07:00,0.6012571740912755
2022-06-29T09:30-07:00,0.6549324600900532
2022-06-29T09:45-07:00,0.6700396554081834
2022-06-29T10:00-07:00,0.6560065600656007
2022-06-29T10:15-07:00,0.6409382244647421
2022-06-29T10:30-07:00,0.6683944891556467
2022-06-29T10:45-07:00,0.6427789934354423
2022-06-29T11:00-07:00,0.65439672801636
2022-06-29T11:15-07:00,0.625424881033317
2022-06-29T11:30-07:00,0.5995367216241932
2022-06-29T11:45-07:00,0.7093166007366043
2022-06-29T12:00-07:00,0.6664853101197016
2022-06-29T12:15-07:00,0.6535947712418301
2022-06-29T12:30-07:00,0.625424881033317
2022-06-29T12:45-07:00,0.6554690700532568
2022-06-29T13:00-07:00,0.6295333242096682
2022-06-29T13:15-07:00,0.6570841889117043
2022-06-29T13:30-07:00,0.6565449322938038
2022-06-29T13:45-07:00,0.6412005457025859
2022-06-29T14:00-07:00,0.6653992395437325
2022-06-29T14:15-07:00,0.6378070294476801
2022-06-29T14:30-07:00,0.6530612244897959
2022-06-29T14:45-07:00,0.6385869565217329
2022-06-29T15:00-07:00,0.6385869565217329
2022-06-29T15:15-07:00,0.6557377049180327
2022-06-29T15:30-07:00,0.6417258328782024
2022-06-29T15:45-07:00,0.6422519814156811
2022-06-29T16:00-07:00,0.6022447303586032
2022-06-29T16:15-07:00,0.6300506779893228
2022-06-29T16:30-07:00,0.6852131012744901
2022-06-29T16:45-07:00,0.6866245536940339
2022-06-29T17:00-07:00,0.6854949273375315
2022-06-29T17:15-07:00,0.6972928630024611
2022-06-29T17:30-07:00,0.7093166007366043
2022-06-29T17:45-07:00,0.6552006552006552
2022-06-29T18:00-07:00,0.7251333971815507
2022-06-29T18:15-07:00,0.7122312012053206
2022-06-29T18:30-07:00,0.6697648988518379
2022-06-29T18:45-07:00,0.6810133478616118
2022-06-29T19:00-07:00,0.6857769853243663
2022-06-29T19:15-07:00,0.7239448162819224
2022-06-29T19:30-07:00,0.7520853274989807
2022-06-29T19:45-07:00,0.6854949273375315
2022-06-29T20:00-07:00,0.6995884773662552
2022-06-29T20:15-07:00,0.6854949273375315
2022-06-29T20:30-07:00,0.753941055517484
2022-06-29T20:45-07:00,0.6857769853243663
2022-06-29T21:00-07:00,0.6871907641561235
2022-06-29T21:15-07:00,0.6846501437765239
2022-06-29T21:30-07:00,0.6975789905621665
2022-06-29T21:45-07:00,0.7090264521407207
2022-06-29T22:00-07:00,0.6952965235173824
2022-06-29T22:15-07:00,0.6835269993164668
2022-06-29T22:30-07:00,0.6557377049180327
2022-06-29T22:45-07:00,0.6843690117711407
2022-06-29T23:00-07:00,0.6427789934354423
2022-06-29T23:15-07:00,0.6860592755213988
2022-06-29T23:30-07:00,0.7134037590890445
2022-06-29T23:45-07:00,0.6978653530377669
2022-06-30T00:00-07:00,0.7380073800738007
2022-06-30T00:15-07:00,0.7093166007366043
2022-06-30T00:30-07:00,0.6568144499178982
2022-06-30T00:45-07:00,0.6826870562534072
2022-06-30T01:00-07:00,0.6950122649223222
2022-06-30T01:15-07:00,0.6807351940095241
2022-06-30T01:30-07:00,0.6961506961506961
2022-06-30T01:45-07:00,0.7218741487333089
2022-06-30T02:00-07:00,0.6810133478616118
2022-06-30T02:15-07:00,0.6975789905621665
2022-06-30T02:30-07:00,0.6975789905621665
2022-06-30T02:45-07:00,0.6692160611854747
2022-06-30T03:00-07:00,0.6692160611854747
2022-06-30T03:15-07:00,0.6560065600656007
2022-06-30T03:30-07:00,0.6425153793574784
2022-06-30T03:45-07:00,0.667847894234707
2022-06-30T04:00-07:00,0.6681210799018333
2022-06-30T04:15-07:00,0.6433068710648719
2022-06-30T04:30-07:00,0.6427789934354423
2022-06-30T04:45-07:00,0.6155108740254411
2022-06-30T05:00-07:00,0.6711409395973217
2022-06-30T05:15-07:00,0.6608839322593969
2022-06-30T05:30-07:00,0.6733544042874874
2022-06-30T05:45-07:00,0.6047278724573879
2022-06-30T06:00-07:00,0.6595218466611706
2022-06-30T06:15-07:00,0.657354149548069
2022-06-30T06:30-07:00,0.6852131012744901
2022-06-30T06:45-07:00,0.6044786371754299
2022-06-30T07:00-07:00,0.657354149548069
2022-06-30T07:15-07:00,0.605226960110035
2022-06-30T07:30-07:00,0.5909028445788163
2022-06-30T07:45-07:00,0.629791894852142
2022-06-30T08:00-07:00,0.6000272739669923
2022-06-30T08:15-07:00,0.6549324600900532
2022-06-30T08:30-07:00,0.6425153793574784
2022-06-30T08:45-07:00,0.6815703380588815
2022-06-30T09:00-07:00,0.6812917291184023
2022-06-30T09:15-07:00,0.6259355014287721
2022-06-30T09:30-07:00,0.6541291905151267
2022-06-30T09:45-07:00,0.6570841889117043
2022-06-30T10:00-07:00,0.6279863481228731
2022-06-30T10:15-07:00,0.6277292576419277
2022-06-30T10:30-07:00,0.6287588846364196
2022-06-30T10:45-07:00,0.6560065600656007
2022-06-30T11:00-07:00,0.6277292576419277
2022-06-30T11:15-07:00,0.6022447303586032
2022-06-30T11:30-07:00,0.6282436492761603
2022-06-30T11:45-07:00,0.6557377049180327
2022-06-30T12:00-07:00,0.710188473094789
2022-06-30T12:15-07:00,0.6703146374829064
2022-06-30T12:30-07:00,0.6692160611854747
2022-06-30T12:45-07:00,0.6835269993164668
2022-06-30T13:00-07:00,0.6541291905151267
2022-06-30T13:15-07:00,0.6821282401091343
2022-06-30T13:30-07:00,0.6514657980456026
2022-06-30T13:45-07:00,0.6689419795221906
2022-06-30T14:00-07:00,0.6419887993443456
2022-06-30T14:15-07:00,0.6401525469899148
2022-06-30T14:30-07:00,0.667847894234707
2022-06-30T14:45-07:00,0.6264469562849034
2022-06-30T15:00-07:00,0.6145022531749283
2022-06-30T15:15-07:00,0.6422519814156811
2022-06-30T15:30-07:00,0.6127450980392157
2022-06-30T15:45-07:00,0.6259355014287721
2022-06-30T16:00-07:00,0.6119951040391677
2022-06-30T16:15-07:00,0.6139991813344249
2022-06-30T16:30-07:00,0.6664853101197016
2022-06-30T16:45-07:00,0.6396298312465915
2022-06-30T17:00-07:00,0.6538618716796076
2022-06-30T17:15-07:00,0.6142506142506142
2022-06-30T17:30-07:00,0.6142506142506142
2022-06-30T17:45-07:00,0.6438356164383499
2022-06-30T18:00-07:00,0.6162695152013147
2022-06-30T18:15-07:00,0.6414630817524163
2022-06-30T18:30-07:00,0.7072905331882543
2022-06-30T18:45-07:00,0.6295333242096682
2022-06-30T19:00-07:00,0.6560065600656007
2022-06-30T19:15-07:00,0.6843690117711407
2022-06-30T19:30-07:00,0.6716929403701228
2022-06-30T19:45-07:00,0.6700396554081834
2022-06-30T20:00-07:00,0.6697648988518379
2022-06-30T20:15-07:00,0.6546644844517185
2022-06-30T20:30-07:00,0.6430428239157141
2022-06-30T20:45-07:00,0.6560065600656007
2022-06-30T21:00-07:00,0.6970069700697007
2022-06-30T21:15-07:00,0.6824075337791666
2022-06-30T21:30-07:00,0.6849315068493088
2022-06-30T21:45-07:00,0.6433068710648719
2022-06-30T22:00-07:00,0.6700396554081834
2022-06-30T22:15-07:00,0.6546644844517185
2022-06-30T22:30-07:00,0.603235536057027
2022-06-30T22:45-07:00,0.6443652316972792
2022-06-30T23:00-07:00,0.6175380815150268
2022-06-30T23:15-07:00,0.6700396554081834
2022-06-30T23:30-07:00,0.6285011613608479
2022-06-30T23:45-07:00,0.6541291905151267
2022-07-01T00:00-07:00,0.6824075337791666
2022-07-01T00:15-07:00,0.6292749658002799
2022-07-01T00:30-07:00,0.6578947368421053
2022-07-01T00:45-07:00,0.6568144499178982
2022-07-01T01:00-07:00,0.6703146374829064
2022-07-01T01:15-07:00,0.6422519814156811
2022-07-01T01:30-07:00,0.6165228113440198
2022-07-01T01:45-07:00,0.6290168193627849
2022-07-01T02:00-07:00,0.6323893318669296
2022-07-01T02:15-07:00,0.5904160373472533
2022-07-01T02:30-07:00,0.6454270804723914
2022-07-01T02:45-07:00,0.6172839506172839
2022-07-01T03:00-07:00,0.6308283049917781
2022-07-01T03:15-07:00,0.6584362139917695
2022-07-01T03:30-07:00,0.6725226461707446
2022-07-01T03:45-07:00,0.658165364047717
2022-07-01T04:00-07:00,0.6170300287947347
2022-07-01T04:15-07:00,0.6587072869493619
2022-07-01T04:30-07:00,0.6433068710648719
2022-07-01T04:45-07:00,0.6438356164383499
2022-07-01T05:00-07:00,0.6578947368421053
2022-07-01T05:15-07:00,0.6430428239157141
2022-07-01T05:30-07:00,0.657354149548069
2022-07-01T05:45-07:00,0.6279863481228731
2022-07-01T06:00-07:00,0.669490367536555
2022-07-01T06:15-07:00,0.6034837470854415
2022-07-01T06:30-07:00,0.6024921265233403
2022-07-01T06:45-07:00,0.6425153793574784
2022-07-01T07:00-07:00,0.6147540983606558
2022-07-01T07:15-07:00,0.6422519814156811
2022-07-01T07:30-07:00,0.5858310626703059
2022-07-01T07:45-07:00,0.5855917200054536
2022-07-01T08:00-07:00,0.6246605105920757
2022-07-01T08:15-07:00,0.613747954173486
2022-07-01T08:30-07:00,0.6007646095029976
2022-07-01T08:45-07:00,0.6142506142506142
2022-07-01T09:00-07:00,0.6152584085315833
2022-07-01T09:15-07:00,0.6127450980392157
2022-07-01T09:30-07:00,0.6269592476489091
2022-07-01T09:45-07:00,0.5733005733005733
2022-07-01T10:00-07:00,0.5704971475142624
2022-07-01T10:15-07:00,0.5995367216241932
2022-07-01T10:30-07:00,0.6546644844517185
2022-07-01T10:45-07:00,0.5958829902491812
2022-07-01T11:00-07:00,0.613747954173486
2022-07-01T11:15-07:00,0.5725971370143149
2022-07-01T11:30-07:00,0.5449591280654014
2022-07-01T11:45-07:00,0.6274723775746891
2022-07-01T12:00-07:00,0.6134969325153374
2022-07-01T12:15-07:00,0.6522625356706074
2022-07-01T12:30-07:00,0.6238980062389863
2022-07-01T12:45-07:00,0.6122448979591837
2022-07-01T13:00-07:00,0.6000272739669923
2022-07-01T13:15-07:00,0.6388473562593386
2022-07-01T13:30-07:00,0.6100040666937779
2022-07-01T13:45-07:00,0.5836839961992732
2022-07-01T14:00-07:00,0.6527947776417788
2022-07-01T14:15-07:00,0.6127450980392157
2022-07-01T14:30-07:00,0.6527947776417788
2022-07-01T14:45-07:00,0.6670296760141636
2022-07-01T15:00-07:00,0.6815703380588815
2022-07-01T15:15-07:00,0.6554690700532568
2022-07-01T15:30-07:00,0.6406761177753482
2022-07-01T15:45-07:00,0.6554690700532568
2022-07-01T16:00-07:00,0.6256800870511487
2022-07-01T16:15-07:00,0.6412005457025859
2022-07-01T16:30-07:00,0.6824075337791666
2022-07-01T16:45-07:00,0.5737704918032787
2022-07-01T17:00-07:00,0.5870307167235558
2022-07-01T17:15-07:00,0.6129955046996322
2022-07-01T17:30-07:00,0.6295333242096682
2022-07-01T17:45-07:00,0.6292749658002799
2022-07-01T18:00-07:00,0.657354149548069
2022-07-01T18:15-07:00,0.6538618716796076
2022-07-01T18:30-07:00,0.6409382244647421
2022-07-01T18:45-07:00,0.6285011613608479
2022-07-01T19:00-07:00,0.6675749318801152
2022-07-01T19:15-07:00,0.6821282401091343
2022-07-01T19:30-07:00,0.6700396554081834
2022-07-01T19:45-07:00,0.6552006552006552
2022-07-01T20:00-07:00,0.6454270804723914
2022-07-01T20:15-07:00,0.669490367536555
2022-07-01T20:30-07:00,0.6835269993164668
2022-07-01T20:45-07:00,0.6152584085315833
2022-07-01T21:00-07:00,0.6700396554081834
2022-07-01T21:15-07:00,0.6675749318801152
2022-07-01T21:30-07:00,0.7122312012053206
2022-07-01T21:45-07:00,0.6308283049917781
2022-07-01T22:00-07:00,0.6995884773662552
2022-07-01T22:15-07:00,0.6570841889117043
2022-07-01T22:30-07:00,0.6849315068493088
2022-07-01T22:45-07:00,0.6587072869493619
2022-07-01T23:00-07:00,0.6162695152013147
2022-07-01T23:15-07:00,0.6838074398249391
2022-07-01T23:30-07:00,0.6430428239157141
2022-07-01T23:45-07:00,0.6716929403701228
2022-07-02T00:00-07:00,0.6300506779893228
2022-07-02T00:15-07:00,0.6846501437765239
2022-07-02T00:30-07:00,0.6323893318669296
2022-07-02T00:45-07:00,0.6730769230769293
2022-07-02T01:00-07:00,0.658165364047717
2022-07-02T01:15-07:00,0.6321286244331518
2022-07-02T01:30-07:00,0.6047278724573879
2022-07-02T01:45-07:00,0.6044786371754299
2022-07-02T02:00-07:00,0.6313477902827402
2022-07-02T02:15-07:00,0.6305688827964422
2022-07-02T02:30-07:00,0.6584362139917695
2022-07-02T02:45-07:00,0.6576243321002877
2022-07-02T03:00-07:00,0.6705898453537766
2022-07-02T03:15-07:00,0.6705898453537766
2022-07-02T03:30-07:00,0.6300506779893228
2022-07-02T03:45-07:00,0.6843690117711407
2022-07-02T04:00-07:00,0.6705898453537766
2022-07-02T04:15-07:00,0.6433068710648719
2022-07-02T04:30-07:00,0.6849315068493088
2022-07-02T04:45-07:00,0.6170300287947347
2022-07-02T05:00-07:00,0.6305688827964422
2022-07-02T05:15-07:00,0.6708652792990205
2022-07-02T05:30-07:00,0.6443652316972792
2022-07-02T05:45-07:00,0.6425153793574784
2022-07-02T06:00-07:00,0.6686681222707486
2022-07-02T06:15-07:00,0.6546644844517185
2022-07-02T06:30-07:00,0.7131102578167918
2022-07-02T06:45-07:00,0.6587072869493619
2022-07-02T07:00-07:00,0.6972928630024611
2022-07-02T07:15-07:00,0.6425153793574784
2022-07-02T07:30-07:00,0.630309673883262
2022-07-02T07:45-07:00,0.6267029972752106
2022-07-02T08:00-07:00,0.613747954173486
2022-07-02T08:15-07:00,0.6927465362673186
2022-07-02T08:30-07:00,0.6256800870511487
2022-07-02T08:45-07:00,0.6412005457025859
2022-07-02T09:00-07:00,0.6282436492761603
2022-07-02T09:15-07:00,0.6538618716796076
2022-07-02T09:30-07:00,0.6127450980392157
2022-07-02T09:45-07:00,0.5990469707283804
2022-07-02T10:00-07:00,0.6139991813344249
2022-07-02T10:15-07:00,0.6546644844517185
2022-07-02T10:30-07:00,0.6412005457025859
2022-07-02T10:45-07:00,0.6417258328782024
2022-07-02T11:00-07:00,0.6236442516269043
2022-07-02T11:15-07:00,0.677966101694909
2022-07-02T11:30-07:00,0.6233907033473433
2022-07-02T11:45-07:00,0.6378070294476801
2022-07-02T12:00-07:00,0.6249150930580146
2022-07-02T12:15-07:00,0.5853525728287565
2022-07-02T12:30-07:00,0.6264469562849034
2022-07-02T12:45-07:00,0.6007646095029976
2022-07-02T13:00-07:00,0.6662134602311415
2022-07-02T13:15-07:00,0.5970959424616575
2022-07-02T13:30-07:00,0.5990469707283804
2022-07-02T13:45-07:00,0.5858310626703059
2022-07-02T14:00-07:00,0.5865502659937315
2022-07-02T14:15-07:00,0.6259355014287721
2022-07-02T14:30-07:00,0.5822613405551856
2022-07-02T14:45-07:00,0.6102522375915378
2022-07-02T15:00-07:00,0.5975825071302396
2022-07-02T15:15-07:00,0.6249150930580146
2022-07-02T15:30-07:00,0.6249150930580146
2022-07-02T15:45-07:00,0.6259355014287721
2022-07-02T16:00-07:00,0.6514657980456026
2022-07-02T16:15-07:00,0.6557377049180327
2022-07-02T16:30-07:00,0.6022447303586032
2022-07-02T16:45-07:00,0.629791894852142
2022-07-02T17:00-07:00,0.6277292576419277
2022-07-02T17:15-07:00,0.5456281544127739
2022-07-02T17:30-07:00,0.6005186297256659
2022-07-02T17:45-07:00,0.627215707662946
2022-07-02T18:00-07:00,0.5884768030655598
2022-07-02T18:15-07:00,0.5582028590878086
2022-07-02T18:30-07:00,0.5851136209008091
2022-07-02T18:45-07:00,0.5855917200054536
2022-07-02T19:00-07:00,0.5995367216241932
2022-07-02T19:15-07:00,0.6170300287947347
2022-07-02T19:30-07:00,0.6150061500615006
2022-07-02T19:45-07:00,0.5761316872427984
2022-07-02T20:00-07:00,0.6139991813344249
2022-07-02T20:15-07:00,0.6396298312465915
2022-07-02T20:30-07:00,0.6568144499178982
2022-07-02T20:45-07:00,0.6292749658002799
2022-07-02T21:00-07:00,0.6150061500615006
2022-07-02T21:15-07:00,0.6703146374829064
2022-07-02T21:30-07:00,0.6448957189901144
2022-07-02T21:45-07:00,0.6024921265233403
2022-07-02T22:00-07:00,0.6300506779893228
2022-07-02T22:15-07:00,0.6162695152013147
2022-07-02T22:30-07:00,0.6010107908755572
2022-07-02T22:45-07:00,0.5992917461182177
2022-07-02T23:00-07:00,0.6535947712418301
2022-07-02T23:15-07:00,0.6162695152013147
2022-07-02T23:30-07:00,0.5884768030655598
2022-07-02T23:45-07:00,0.5899300315544033
2022-07-03T00:00-07:00,0.6034837470854415
2022-07-03T00:15-07:00,0.6185567010309279
2022-07-03T00:30-07:00,0.5894448252227615
2022-07-03T00:45-07:00,0.5894448252227615
2022-07-03T01:00-07:00,0.6162695152013147
2022-07-03T01:15-07:00,0.5879939833173863
2022-07-03T01:30-07:00,0.6155108740254411
2022-07-03T01:45-07:00,0.5872712373668459
2022-07-03T02:00-07:00,0.5870307167235558
2022-07-03T02:15-07:00,0.5853525728287565
2022-07-03T02:30-07:00,0.6124948958758677
2022-07-03T02:45-07:00,0.6282436492761603
2022-07-03T03:00-07:00,0.603235536057027
2022-07-03T03:15-07:00,0.6448957189901144
2022-07-03T03:30-07:00,0.5758946935417524
2022-07-03T03:45-07:00,0.6438356164383499
2022-07-03T04:00-07:00,0.5775577557755776
2022-07-03T04:15-07:00,0.604977313350743
2022-07-03T04:30-07:00,0.6019975372827958
2022-07-03T04:45-07:00,0.6019975372827958
2022-07-03T05:00-07:00,0.6155108740254411
2022-07-03T05:15-07:00,0.5997818974918149
2022-07-03T05:30-07:00,0.6134969325153374
2022-07-03T05:45-07:00,0.6127450980392157
2022-07-03T06:00-07:00,0.6409382244647421
2022-07-03T06:15-07:00,0.6570841889117043
2022-07-03T06:30-07:00,0.6316078539063635
2022-07-03T06:45-07:00,0.5887185104052637
2022-07-03T07:00-07:00,0.6393687933614411
2022-07-03T07:15-07:00,0.6396298312465915
2022-07-03T07:30-07:00,0.6139991813344249
2022-07-03T07:45-07:00,0.6261911244214601
2022-07-03T08:00-07:00,0.6267029972752106
2022-07-03T08:15-07:00,0.6285011613608479
2022-07-03T08:30-07:00,0.6277292576419277
2022-07-03T08:45-07:00,0.6414630817524163
2022-07-03T09:00-07:00,0.6549324600900532
2022-07-03T09:15-07:00,0.6127450980392157
2022-07-03T09:30-07:00,0.5851136209008091
2022-07-03T09:45-07:00,0.6404142253712978
2022-07-03T10:00-07:00,0.5858310626703059
2022-07-03T10:15-07:00,0.613747954173486
2022-07-03T10:30-07:00,0.6279863481228731
2022-07-03T10:45-07:00,0.5870307167235558
2022-07-03T11:00-07:00,0.6127450980392157
2022-07-03T11:15-07:00,0.6002728512960375
2022-07-03T11:30-07:00,0.6246605105920757
2022-07-03T11:45-07:00,0.5975825071302396
2022-07-03T12:00-07:00,0.5704971475142624
2022-07-03T12:15-07:00,0.677966101694909
2022-07-03T12:30-07:00,0.6246605105920757
2022-07-03T12:45-07:00,0.5853525728287565
2022-07-03T13:00-07:00,0.5853525728287565
2022-07-03T13:15-07:00,0.5995367216241932
2022-07-03T13:30-07:00,0.5875119551851409
2022-07-03T13:45-07:00,0.6000272739669923
2022-07-03T14:00-07:00,0.6127450980392157
2022-07-03T14:15-07:00,0.5841597609020576
2022-07-03T14:30-07:00,0.5855917200054536
2022-07-03T14:45-07:00,0.5591163234692423
2022-07-03T15:00-07:00,0.5707297187117815
2022-07-03T15:15-07:00,0.5716619028174765
2022-07-03T15:30-07:00,0.5997818974918149
2022-07-03T15:45-07:00,0.5604921394395016
2022-07-03T16:00-07:00,0.5985580193170935
2022-07-03T16:15-07:00,0.6290168193627849
2022-07-03T16:30-07:00,0.5990469707283804
2022-07-03T16:45-07:00,0.6127450980392157
2022-07-03T17:00-07:00,0.6396298312465915
2022-07-03T17:15-07:00,0.6142506142506142
2022-07-03T17:30-07:00,0.5877528704210013
2022-07-03T17:45-07:00,0.6295333242096682
2022-07-03T18:00-07:00,0.5630321340291066
2022-07-03T18:15-07:00,0.5887185104052637
2022-07-03T18:30-07:00,0.6017505470459455
2022-07-03T18:45-07:00,0.6412005457025859
2022-07-03T19:00-07:00,0.6124948958758677
2022-07-03T19:15-07:00,0.613747954173486
2022-07-03T19:30-07:00,0.5877528704210013
2022-07-03T19:45-07:00,0.5863103354240586
2022-07-03T20:00-07:00,0.6414630817524163
2022-07-03T20:15-07:00,0.6417258328782024
2022-07-03T20:30-07:00,0.5867903930131066
2022-07-03T20:45-07:00,0.6145022531749283
2022-07-03T21:00-07:00,0.627215707662946
2022-07-03T21:15-07:00,0.5865502659937315
2022-07-03T21:30-07:00,0.6005186297256659
2022-07-03T21:45-07:00,0.5744768157570784
2022-07-03T22:00-07:00,0.6010107908755572
2022-07-03T22:15-07:00,0.5877528704210013
2022-07-03T22:30-07:00,0.6139991813344249
2022-07-03T22:45-07:00,0.6119951040391677
2022-07-03T23:00-07:00,0.5892025212387018
2022-07-03T23:15-07:00,0.6183017312448474
2022-07-03T23:30-07:00,0.5499037668408091
2022-07-03T23:45-07:00,0.6313477902827402
2022-07-04T00:00-07:00,0.6165228113440198
2022-07-04T00:15-07:00,0.6562756357670222
2022-07-04T00:30-07:00,0.6155108740254411
2022-07-04T00:45-07:00,0.6282436492761603
2022-07-04T01:00-07:00,0.6435711351499321
2022-07-04T01:15-07:00,0.6549324600900532
2022-07-04T01:30-07:00,0.6269592476489091
2022-07-04T01:45-07:00,0.6419887993443456
2022-07-04T02:00-07:00,0.6012571740912755
2022-07-04T02:15-07:00,0.6282436492761603
2022-07-04T02:30-07:00,0.6277292576419277
2022-07-04T02:45-07:00,0.6406761177753482
2022-07-04T03:00-07:00,0.6269592476489091
2022-07-04T03:15-07:00,0.6000272739669923
2022-07-04T03:30-07:00,0.6134969325153374
2022-07-04T03:45-07:00,0.6269592476489091
2022-07-04T04:00-07:00,0.6129955046996322
2022-07-04T04:15-07:00,0.6401525469899148
2022-07-04T04:30-07:00,0.613747954173486
2022-07-04T04:45-07:00,0.6142506142506142
2022-07-04T05:00-07:00,0.6139991813344249
2022-07-04T05:15-07:00,0.6290168193627849
2022-07-04T05:30-07:00,0.6422519814156811
2022-07-04T05:45-07:00,0.6122448979591837
2022-07-04T06:00-07:00,0.6277292576419277
2022-07-04T06:15-07:00,0.6557377049180327
2022-07-04T06:30-07:00,0.6565449322938038
2022-07-04T06:45-07:00,0.6157635467980296
2022-07-04T07:00-07:00,0.657354149548069
2022-07-04T07:15-07:00,0.6560065600656007
2022-07-04T07:30-07:00,0.6287588846364196
2022-07-04T07:45-07:00,0.6425153793574784
2022-07-04T08:00-07:00,0.6295333242096682
2022-07-04T08:15-07:00,0.6430428239157141
2022-07-04T08:30-07:00,0.6659418320195768
2022-07-04T08:45-07:00,0.6667573819567351
2022-07-04T09:00-07:00,0.6801795674057889
2022-07-04T09:15-07:00,0.5992917461182177
2022-07-04T09:30-07:00,0.6530612244897959
2022-07-04T09:45-07:00,0.6124948958758677
2022-07-04T10:00-07:00,0.5855917200054536
2022-07-04T10:15-07:00,0.5867903930131066
2022-07-04T10:30-07:00,0.6393687933614411
2022-07-04T10:45-07:00,0.6406761177753482
2022-07-04T11:00-07:00,0.6132461161079313
2022-07-04T11:15-07:00,0.6109979633401222
2022-07-04T11:30-07:00,0.5841597609020576
2022-07-04T11:45-07:00,0.5985580193170935
2022-07-04T12:00-07:00,0.6246605105920757
2022-07-04T12:15-07:00,0.6249150930580146
2022-07-04T12:30-07:00,0.5846363018354923
2022-07-04T12:45-07:00,0.6664853101197016
2022-07-04T13:00-07:00,0.584397934221262
2022-07-04T13:15-07:00,0.6000272739669923
2022-07-04T13:30-07:00,0.6117455138662317
2022-07-04T13:45-07:00,0.5858310626703059
2022-07-04T14:00-07:00,0.6267029972752106
2022-07-04T14:15-07:00,0.6150061500615006
2022-07-04T14:30-07:00,0.6398910823689522
2022-07-04T14:45-07:00,0.5997818974918149
2022-07-04T15:00-07:00,0.5872712373668459
2022-07-04T15:15-07:00,0.5744768157570784
2022-07-04T15:30-07:00,0.6385869565217329
2022-07-04T15:45-07:00,0.5700325732899023
2022-07-04T16:00-07:00,0.6533278889342589
2022-07-04T16:15-07:00,0.6287588846364196
2022-07-04T16:30-07:00,0.6007646095029976
2022-07-04T16:45-07:00,0.6012571740912755
2022-07-04T17:00-07:00,0.6549324600900532
2022-07-04T17:15-07:00,0.6285011613608479
2022-07-04T17:30-07:00,0.6282436492761603
2022-07-04T17:45-07:00,0.6282436492761603
2022-07-04T18:00-07:00,0.613747954173486
2022-07-04T18:15-07:00,0.613747954173486
2022-07-04T18:30-07:00,0.6821282401091343
2022-07-04T18:45-07:00,0.5894448252227615
2022-07-04T19:00-07:00,0.6145022531749283
2022-07-04T19:15-07:00,0.5877528704210013
2022-07-04T19:30-07:00,0.6565449322938038
2022-07-04T19:45-07:00,0.6546644844517185
2022-07-04T20:00-07:00,0.6419887993443456
2022-07-04T20:15-07:00,0.6024921265233403
2022-07-04T20:30-07:00,0.6039807824296437
2022-07-04T20:45-07:00,0.5763688760806917
2022-07-04T21:00-07:00,0.6180469715698393
2022-07-04T21:15-07:00,0.6419887993443456
2022-07-04T21:30-07:00,0.6147540983606558
2022-07-04T21:45-07:00,0.6145022531749283
2022-07-04T22:00-07:00,0.5621058404167747
2022-07-04T22:15-07:00,0.6019975372827958
2022-07-04T22:30-07:00,0.6708652792990205
2022-07-04T22:45-07:00,0.6441003151980204
2022-07-04T23:00-07:00,0.6329113924050696
2022-07-04T23:15-07:00,0.6716929403701228
2022-07-04T23:30-07:00,0.6441003151980204
2022-07-04T23:45-07:00,0.6430428239157141
2022-07-05T00:00-07:00,0.6295333242096682
2022-07-05T00:15-07:00,0.6549324600900532
2022-07-05T00:30-07:00,0.6054768129902235
2022-07-05T00:45-07:00,0.630309673883262
2022-07-05T01:00-07:00,0.6846501437765239
2022-07-05T01:15-07:00,0.6703146374829064
2022-07-05T01:30-07:00,0.6557377049180327
2022-07-05T01:45-07:00,0.65439672801636
2022-07-05T02:00-07:00,0.6552006552006552
2022-07-05T02:15-07:00,0.6541291905151267
2022-07-05T02:30-07:00,0.6673021925643532
2022-07-05T02:45-07:00,0.6703146374829064
2022-07-05T03:00-07:00,0.6843690117711407
2022-07-05T03:15-07:00,0.6034837470854415
2022-07-05T03:30-07:00,0.6727996704654738
2022-07-05T03:45-07:00,0.6448957189901144
2022-07-05T04:00-07:00,0.6592501030078286
2022-07-05T04:15-07:00,0.6318681318681382
2022-07-05T04:30-07:00,0.6568144499178982
2022-07-05T04:45-07:00,0.6990131578947368
2022-07-05T05:00-07:00,0.6716929403701228
2022-07-05T05:15-07:00,0.6849315068493088
2022-07-05T05:30-07:00,0.6843690117711407
2022-07-05T05:45-07:00,0.657354149548069
2022-07-05T06:00-07:00,0.669490367536555
2022-07-05T06:15-07:00,0.6155108740254411
2022-07-05T06:30-07:00,0.6705898453537766
2022-07-05T06:45-07:00,0.6326502544354347
2022-07-05T07:00-07:00,0.5911465493538693
2022-07-05T07:15-07:00,0.6152584085315833
2022-07-05T07:30-07:00,0.6264469562849034
2022-07-05T07:45-07:00,0.6152584085315833
2022-07-05T08:00-07:00,0.5754212905877517
2022-07-05T08:15-07:00,0.6134969325153374
2022-07-05T08:30-07:00,0.6538618716796076
2022-07-05T08:45-07:00,0.6139991813344249
2022-07-05T09:00-07:00,0.6000272739669923
2022-07-05T09:15-07:00,0.5855917200054536
2022-07-05T09:30-07:00,0.5718954248366013
2022-07-05T09:45-07:00,0.5863103354240586
2022-07-05T10:00-07:00,0.627215707662946
2022-07-05T10:15-07:00,0.5863103354240586
2022-07-05T10:30-07:00,0.5865502659937315
2022-07-05T10:45-07:00,0.5341002465078061
2022-07-05T11:00-07:00,0.5865502659937315
2022-07-05T11:15-07:00,0.6425153793574784
2022-07-05T11:30-07:00,0.5611825896523343
2022-07-05T11:45-07:00,0.6282436492761603
2022-07-05T12:00-07:00,0.6287588846364196
2022-07-05T12:15-07:00,0.6024921265233403
2022-07-05T12:30-07:00,0.5334427574887156
2022-07-05T12:45-07:00,0.5983138428066296
2022-07-05T13:00-07:00,0.6249150930580146
2022-07-05T13:15-07:00,0.6419887993443456
2022-07-05T13:30-07:00,0.6560065600656007
2022-07-05T13:45-07:00,0.5997818974918149
2022-07-05T14:00-07:00,0.6117455138662317
2022-07-05T14:15-07:00,0.6264469562849034
2022-07-05T14:30-07:00,0.6122448979591837
2022-07-05T14:45-07:00,0.6256800870511487
2022-07-05T15:00-07:00,0.6124948958758677
2022-07-05T15:15-07:00,0.6562756357670222
2022-07-05T15:30-07:00,0.6435711351499321
2022-07-05T15:45-07:00,0.6152584085315833
2022-07-05T16:00-07:00,0.6552006552006552
2022-07-05T16:15-07:00,0.6264469562849034
2022-07-05T16:30-07:00,0.6807351940095241
2022-07-05T16:45-07:00,0.6412005457025859
2022-07-05T17:00-07:00,0.6554690700532568
2022-07-05T17:15-07:00,0.6541291905151267
2022-07-05T17:30-07:00,0.5887185104052637
2022-07-05T17:45-07:00,0.6703146374829064
2022-07-05T18:00-07:00,0.6279863481228731
2022-07-05T18:15-07:00,0.6401525469899148
2022-07-05T18:30-07:00,0.6700396554081834
2022-07-05T18:45-07:00,0.6557377049180327
2022-07-05T19:00-07:00,0.686341798215505
2022-07-05T19:15-07:00,0.6029875291215505
2022-07-05T19:30-07:00,0.6433068710648719
2022-07-05T19:45-07:00,0.682966807813134
2022-07-05T20:00-07:00,0.6846501437765239
2022-07-05T20:15-07:00,0.686341798215505
2022-07-05T20:30-07:00,0.7010309278350515
2022-07-05T20:45-07:00,0.6725226461707446
2022-07-05T21:00-07:00,0.6451612903225744
2022-07-05T21:15-07:00,0.6448957189901144
2022-07-05T21:30-07:00,0.6193228736581338
2022-07-05T21:45-07:00,0.6739100536377453
2022-07-05T22:00-07:00,0.6639004149377593
2022-07-05T22:15-07:00,0.6430428239157141
2022-07-05T22:30-07:00,0.6430428239157141
2022-07-05T22:45-07:00,0.6414630817524163
2022-07-05T23:00-07:00,0.6152584085315833
2022-07-05T23:15-07:00,0.6172839506172839
2022-07-05T23:30-07:00,0.6448957189901144
2022-07-05T23:45-07:00,0.6448957189901144
2022-07-06T00:00-07:00,0.6464924346629923
2022-07-06T00:15-07:00,0.6308283049917781
2022-07-06T00:30-07:00,0.6290168193627849
2022-07-06T00:45-07:00,0.5995367216241932
2022-07-06T01:00-07:00,0.6155108740254411
2022-07-06T01:15-07:00,0.6329113924050696
2022-07-06T01:30-07:00,0.6456930897101187
2022-07-06T01:45-07:00,0.6730769230769293
2022-07-06T02:00-07:00,0.6316078539063635
2022-07-06T02:15-07:00,0.6167763157894737
2022-07-06T02:30-07:00,0.6448957189901144
2022-07-06T02:45-07:00,0.6305688827964422
2022-07-06T03:00-07:00,0.6587072869493619
2022-07-06T03:15-07:00,0.6719692814042849
2022-07-06T03:30-07:00,0.6172839506172839
2022-07-06T03:45-07:00,0.6316078539063635
2022-07-06T04:00-07:00,0.6578947368421053
2022-07-06T04:15-07:00,0.6595218466611706
2022-07-06T04:30-07:00,0.660338423442014
2022-07-06T04:45-07:00,0.6578947368421053
2022-07-06T05:00-07:00,0.6401525469899148
2022-07-06T05:15-07:00,0.6279863481228731
2022-07-06T05:30-07:00,0.6277292576419277
2022-07-06T05:45-07:00,0.6554690700532568
2022-07-06T06:00-07:00,0.682966807813134
2022-07-06T06:15-07:00,0.6435711351499321
2022-07-06T06:30-07:00,0.6568144499178982
2022-07-06T06:45-07:00,0.6722458499108308
2022-07-06T07:00-07:00,0.6010107908755572
2022-07-06T07:15-07:00,0.6533278889342589
2022-07-06T07:30-07:00,0.6404142253712978
2022-07-06T07:45-07:00,0.627215707662946
2022-07-06T08:00-07:00,0.6443652316972792
2022-07-06T08:15-07:00,0.6568144499178982
2022-07-06T08:30-07:00,0.6295333242096682
2022-07-06T08:45-07:00,0.6530612244897959
2022-07-06T09:00-07:00,0.5896873285792712
2022-07-06T09:15-07:00,0.6406761177753482
2022-07-06T09:30-07:00,0.5863103354240586
2022-07-06T09:45-07:00,0.6552006552006552
2022-07-06T10:00-07:00,0.6244061354689895
2022-07-06T10:15-07:00,0.6525285481239804
2022-07-06T10:30-07:00,0.6127450980392157
2022-07-06T10:45-07:00,0.6404142253712978
2022-07-06T11:00-07:00,0.6683944891556467
2022-07-06T11:15-07:00,0.6150061500615006
2022-07-06T11:30-07:00,0.6129955046996322
2022-07-06T11:45-07:00,0.6267029972752106
2022-07-06T12:00-07:00,0.6145022531749283
2022-07-06T12:15-07:00,0.6419887993443456
2022-07-06T12:30-07:00,0.6165228113440198
2022-07-06T12:45-07:00,0.6251698831204193
2022-07-06T13:00-07:00,0.6246605105920757
2022-07-06T13:15-07:00,0.5855917200054536
2022-07-06T13:30-07:00,0.6007646095029976
2022-07-06T13:45-07:00,0.5832090058320962
2022-07-06T14:00-07:00,0.6114961271911945
2022-07-06T14:15-07:00,0.6119951040391677
2022-07-06T14:30-07:00,0.5988023952095746
2022-07-06T14:45-07:00,0.6810133478616118
2022-07-06T15:00-07:00,0.6404142253712978
2022-07-06T15:15-07:00,0.6546644844517185
2022-07-06T15:30-07:00,0.6142506142506142
2022-07-06T15:45-07:00,0.6150061500615006
2022-07-06T16:00-07:00,0.6134969325153374
2022-07-06T16:15-07:00,0.5894448252227615
2022-07-06T16:30-07:00,0.5855917200054536
2022-07-06T16:45-07:00,0.6037321624588302
2022-07-06T17:00-07:00,0.6417258328782024
2022-07-06T17:15-07:00,0.6396298312465915
2022-07-06T17:30-07:00,0.6546644844517185
2022-07-06T17:45-07:00,0.6005186297256659
2022-07-06T18:00-07:00,0.6560065600656007
2022-07-06T18:15-07:00,0.6417258328782024
2022-07-06T18:30-07:00,0.60150375939849
2022-07-06T18:45-07:00,0.6419887993443456
2022-07-06T19:00-07:00,0.6290168193627849
2022-07-06T19:15-07:00,0.6597938144329897
2022-07-06T19:30-07:00,0.6716929403701228
2022-07-06T19:45-07:00,0.6592501030078286
2022-07-06T20:00-07:00,0.6727996704654738
2022-07-06T20:15-07:00,0.6433068710648719
2022-07-06T20:30-07:00,0.6438356164383499
2022-07-06T20:45-07:00,0.6470264317180554
2022-07-06T21:00-07:00,0.6964358869315854
2022-07-06T21:15-07:00,0.6818491749624921
2022-07-06T21:30-07:00,0.6812917291184023
2022-07-06T21:45-07:00,0.6719692814042849
2022-07-06T22:00-07:00,0.630309673883262
2022-07-06T22:15-07:00,0.6705898453537766
2022-07-06T22:30-07:00,0.6857769853243663
2022-07-06T22:45-07:00,0.6438356164383499
2022-07-06T23:00-07:00,0.6295333242096682
2022-07-06T23:15-07:00,0.6401525469899148
2022-07-06T23:30-07:00,0.6568144499178982
2022-07-06T23:45-07:00,0.6427789934354423
2022-07-07T00:00-07:00,0.6409382244647421
2022-07-07T00:15-07:00,0.6705898453537766
2022-07-07T00:30-07:00,0.6570841889117043
2022-07-07T00:45-07:00,0.6323893318669296
2022-07-07T01:00-07:00,0.6456930897101187
2022-07-07T01:15-07:00,0.6846501437765239
2022-07-07T01:30-07:00,0.6427789934354423
2022-07-07T01:45-07:00,0.6689419795221906
2022-07-07T02:00-07:00,0.7098976109215079
2022-07-07T02:15-07:00,0.6826870562534072
2022-07-07T02:30-07:00,0.6689419795221906
2022-07-07T02:45-07:00,0.7233519858059171
2022-07-07T03:00-07:00,0.7371007371007371
2022-07-07T03:15-07:00,0.710479573712262
2022-07-07T03:30-07:00,0.710479573712262
2022-07-07T03:45-07:00,0.7110624914535821
2022-07-07T04:00-07:00,0.6689419795221906
2022-07-07T04:15-07:00,0.6826870562534072
2022-07-07T04:30-07:00,0.6835269993164668
2022-07-07T04:45-07:00,0.6981519507186859
2022-07-07T05:00-07:00,0.6849315068493088
2022-07-07T05:15-07:00,0.7134037590890445
2022-07-07T05:30-07:00,-0.0
2022-07-07T05:45-07:00,-0.0
2022-07-07T06:00-07:00,-0.0
2022-07-07T06:15-07:00,-0.0
2022-07-07T06:30-07:00,-0.0
2022-07-07T06:45-07:00,-0.0
2022-07-07T07:00-07:00,-0.0
2022-07-07T07:15-07:00,-0.0
2022-07-07T07:30-07:00,-0.0
2022-07-07T07:45-07:00,-0.0
2022-07-07T08:00-07:00,-0.0
2022-07-07T08:15-07:00,-0.0
2022-07-07T08:30-07:00,-0.0
2022-07-07T08:45-07:00,-0.0
2022-07-07T09:00-07:00,-0.0
2022-07-07T09:15-07:00,0.6527947776417788
2022-07-07T09:30-07:00,0.6675749318801152
2022-07-07T09:45-07:00,0.6129955046996322
2022-07-07T10:00-07:00,0.6826870562534072
2022-07-07T10:15-07:00,0.6007646095029976
2022-07-07T10:30-07:00,0.6419887993443456
2022-07-07T10:45-07:00,0.6147540983606558
2022-07-07T11:00-07:00,0.6527947776417788
2022-07-07T11:15-07:00,0.6557377049180327
2022-07-07T11:30-07:00,0.6147540983606558
2022-07-07T11:45-07:00,0.6152584085315833
2022-07-07T12:00-07:00,0.6430428239157141
2022-07-07T12:15-07:00,0.6938775510204082
2022-07-07T12:30-07:00,0.6930289441500204
2022-07-07T12:45-07:00,0.6801795674057889
2022-07-07T13:00-07:00,0.6396298312465915
2022-07-07T13:15-07:00,0.6244061354689895
2022-07-07T13:30-07:00,0.6554690700532568
2022-07-07T13:45-07:00,0.6697648988518379
2022-07-07T14:00-07:00,0.6683944891556467
2022-07-07T14:15-07:00,0.6552006552006552
2022-07-07T14:30-07:00,0.6838074398249391
2022-07-07T14:45-07:00,0.7125239791723823
2022-07-07T15:00-07:00,0.6812917291184023
2022-07-07T15:15-07:00,0.6716929403701228
2022-07-07T15:30-07:00,0.6838074398249391
2022-07-07T15:45-07:00,0.6716929403701228
2022-07-07T16:00-07:00,0.6427789934354423
2022-07-07T16:15-07:00,0.6852131012744901
2022-07-07T16:30-07:00,0.6279863481228731
2022-07-07T16:45-07:00,0.6961506961506961
2022-07-07T17:00-07:00,0.6560065600656007
2022-07-07T17:15-07:00,0.6300506779893228
2022-07-07T17:30-07:00,0.6433068710648719
2022-07-07T17:45-07:00,0.6165228113440198
2022-07-07T18:00-07:00,0.6584362139917695
2022-07-07T18:15-07:00,0.6019975372827958
2022-07-07T18:30-07:00,0.7087365408205051
2022-07-07T18:45-07:00,0.6849315068493088
2022-07-07T19:00-07:00,0.6981519507186859
2022-07-07T19:15-07:00,0.6565449322938038
2022-07-07T19:30-07:00,0.6703146374829064
2022-07-07T19:45-07:00,0.6562756357670222
2022-07-07T20:00-07:00,0.6448957189901144
2022-07-07T20:15-07:00,0.6446303662049039
2022-07-07T20:30-07:00,0.6177924217462932
2022-07-07T20:45-07:00,0.6162695152013147
2022-07-07T21:00-07:00,0.6554690700532568
2022-07-07T21:15-07:00,0.6578947368421053
2022-07-07T21:30-07:00,0.6292749658002799
2022-07-07T21:45-07:00,0.6835269993164668
2022-07-07T22:00-07:00,0.6549324600900532
2022-07-07T22:15-07:00,0.6139991813344249
2022-07-07T22:30-07:00,0.6175380815150268
2022-07-07T22:45-07:00,0.5747126436781609
2022-07-07T23:00-07:00,0.6029875291215505
2022-07-07T23:15-07:00,0.6134969325153374
2022-07-07T23:30-07:00,0.6152584085315833
2022-07-07T23:45-07:00,0.5997818974918149
2022-07-08T00:00-07:00,0.5740057400574006
2022-07-08T00:15-07:00,0.6541291905151267
2022-07-08T00:30-07:00,0.6005186297256659
2022-07-08T00:45-07:00,0.6414630817524163
2022-07-08T01:00-07:00,0.603235536057027
2022-07-08T01:15-07:00,0.6433068710648719
2022-07-08T01:30-07:00,0.6427789934354423
2022-07-08T01:45-07:00,0.6142506142506142
2022-07-08T02:00-07:00,0.6005186297256659
2022-07-08T02:15-07:00,0.613747954173486
2022-07-08T02:30-07:00,0.6134969325153374
2022-07-08T02:45-07:00,0.6127450980392157
2022-07-08T03:00-07:00,0.6565449322938038
2022-07-08T03:15-07:00,0.6425153793574784
2022-07-08T03:30-07:00,0.6316078539063635
2022-07-08T03:45-07:00,0.6175380815150268
2022-07-08T04:00-07:00,0.6183017312448474
2022-07-08T04:15-07:00,0.6162695152013147
2022-07-08T04:30-07:00,0.6165228113440198
2022-07-08T04:45-07:00,0.6047278724573879
2022-07-08T05:00-07:00,0.6584362139917695
2022-07-08T05:15-07:00,0.6404142253712978
2022-07-08T05:30-07:00,0.6401525469899148
2022-07-08T05:45-07:00,0.6150061500615006
2022-07-08T06:00-07:00,0.6305688827964422
2022-07-08T06:15-07:00,0.6584362139917695
2022-07-08T06:30-07:00,0.6711409395973217
2022-07-08T06:45-07:00,0.6318681318681382
2022-07-08T07:00-07:00,0.6321286244331518
2022-07-08T07:15-07:00,0.6595218466611706
2022-07-08T07:30-07:00,0.6554690700532568
2022-07-08T07:45-07:00,0.6557377049180327
2022-07-08T08:00-07:00,0.6292749658002799
2022-07-08T08:15-07:00,0.7134037590890445
2022-07-08T08:30-07:00,0.60150375939849
2022-07-08T08:45-07:00,0.6697648988518379
2022-07-08T09:00-07:00,0.6157635467980296
2022-07-08T09:15-07:00,0.6557377049180327
2022-07-08T09:30-07:00,0.6132461161079313
2022-07-08T09:45-07:00,0.613747954173486
2022-07-08T10:00-07:00,0.6683944891556467
2022-07-08T10:15-07:00,0.6560065600656007
2022-07-08T10:30-07:00,0.6274723775746891
2022-07-08T10:45-07:00,0.6562756357670222
2022-07-08T11:00-07:00,0.6549324600900532
2022-07-08T11:15-07:00,0.6562756357670222
2022-07-08T11:30-07:00,0.6292749658002799
2022-07-08T11:45-07:00,0.5990469707283804
2022-07-08T12:00-07:00,0.6675749318801152
2022-07-08T12:15-07:00,0.6406761177753482
2022-07-08T12:30-07:00,0.6279863481228731
2022-07-08T12:45-07:00,0.6401525469899148
2022-07-08T13:00-07:00,0.6422519814156811
2022-07-08T13:15-07:00,0.6124948958758677
2022-07-08T13:30-07:00,0.6380667933749599
2022-07-08T13:45-07:00,0.6157635467980296
2022-07-08T14:00-07:00,0.6295333242096682
2022-07-08T14:15-07:00,0.6826870562534072
2022-07-08T14:30-07:00,0.6290168193627849
2022-07-08T14:45-07:00,0.6165228113440198
2022-07-08T15:00-07:00,0.6170300287947347
2022-07-08T15:15-07:00,0.6305688827964422
2022-07-08T15:30-07:00,0.6533278889342589
2022-07-08T15:45-07:00,0.6295333242096682
2022-07-08T16:00-07:00,0.6438356164383499
2022-07-08T16:15-07:00,0.6300506779893228
2022-07-08T16:30-07:00,0.6170300287947347
2022-07-08T16:45-07:00,0.6024921265233403
2022-07-08T17:00-07:00,0.6292749658002799
2022-07-08T17:15-07:00,0.6443652316972792
2022-07-08T17:30-07:00,0.630309673883262
2022-07-08T17:45-07:00,0.6451612903225744
2022-07-08T18:00-07:00,0.6446303662049039
2022-07-08T18:15-07:00,0.6549324600900532
2022-07-08T18:30-07:00,0.6290168193627849
2022-07-08T18:45-07:00,0.6697648988518379
2022-07-08T19:00-07:00,0.6446303662049039
2022-07-08T19:15-07:00,0.6714168265278221
2022-07-08T19:30-07:00,0.6441003151980204
2022-07-08T19:45-07:00,0.6714168265278221
2022-07-08T20:00-07:00,0.6854949273375315
2022-07-08T20:15-07:00,0.711938663745899
2022-07-08T20:30-07:00,0.6441003151980204
2022-07-08T20:45-07:00,0.6849315068493088
2022-07-08T21:00-07:00,0.629791894852142
2022-07-08T21:15-07:00,0.6419887993443456
2022-07-08T21:30-07:00,0.6000272739669923
2022-07-08T21:45-07:00,0.5992917461182177
2022-07-08T22:00-07:00,0.6568144499178982
2022-07-08T22:15-07:00,0.6152584085315833
2022-07-08T22:30-07:00,0.6147540983606558
2022-07-08T22:45-07:00,0.6005186297256659
2022-07-08T23:00-07:00,0.5997818974918149
2022-07-08T23:15-07:00,0.5892025212387018
2022-07-08T23:30-07:00,0.6433068710648719
2022-07-08T23:45-07:00,0.6409382244647421
2022-07-09T00:00-07:00,0.5877528704210013
2022-07-09T00:15-07:00,0.6269592476489091
2022-07-09T00:30-07:00,0.6127450980392157
2022-07-09T00:45-07:00,0.6044786371754299
2022-07-09T01:00-07:00,0.6180469715698393
2022-07-09T01:15-07:00,0.5904160373472533
2022-07-09T01:30-07:00,0.604229607250749
2022-07-09T01:45-07:00,0.6310879407326171
2022-07-09T02:00-07:00,0.5904160373472533
2022-07-09T02:15-07:00,0.5894448252227615
2022-07-09T02:30-07:00,0.5896873285792712
2022-07-09T02:45-07:00,0.5889604163813239
2022-07-09T03:00-07:00,0.6308283049917781
2022-07-09T03:15-07:00,0.629791894852142
2022-07-09T03:30-07:00,0.669490367536555
2022-07-09T03:45-07:00,0.6565449322938038
2022-07-09T04:00-07:00,0.6451612903225744
2022-07-09T04:15-07:00,0.6188118811881188
2022-07-09T04:30-07:00,0.6597938144329897
2022-07-09T04:45-07:00,0.6404142253712978
2022-07-09T05:00-07:00,0.6290168193627849
2022-07-09T05:15-07:00,0.6313477902827402
2022-07-09T05:30-07:00,0.6044786371754299
2022-07-09T05:45-07:00,0.5904160373472533
2022-07-09T06:00-07:00,0.6172839506172839
2022-07-09T06:15-07:00,0.6165228113440198
2022-07-09T06:30-07:00,0.5889604163813239
2022-07-09T06:45-07:00,0.5904160373472533
2022-07-09T07:00-07:00,0.6155108740254411
2022-07-09T07:15-07:00,0.5899300315544033
2022-07-09T07:30-07:00,0.6047278724573879
2022-07-09T07:45-07:00,0.6160164271047228
2022-07-09T08:00-07:00,0.5758946935417524
2022-07-09T08:15-07:00,0.5751848808545604
2022-07-09T08:30-07:00,0.5744768157570784
2022-07-09T08:45-07:00,0.6000272739669923
2022-07-09T09:00-07:00,0.5992917461182177
2022-07-09T09:15-07:00,0.5598033861277928
2022-07-09T09:30-07:00,0.5875119551851409
2022-07-09T09:45-07:00,0.5476451259583852
2022-07-09T10:00-07:00,0.5607221006564489
2022-07-09T10:15-07:00,0.5604921394395016
2022-07-09T10:30-07:00,0.5598033861277928
2022-07-09T10:45-07:00,0.5445140212360531
2022-07-09T11:00-07:00,0.5985580193170935
2022-07-09T11:15-07:00,0.5604921394395016
2022-07-09T11:30-07:00,0.5988023952095746
2022-07-09T11:45-07:00,0.5602623667668699
2022-07-09T12:00-07:00,0.5829718004338457
2022-07-09T12:15-07:00,0.5171475231355409
2022-07-09T12:30-07:00,0.5707297187117815
2022-07-09T12:45-07:00,0.5730659025787965
2022-07-09T13:00-07:00,0.5321326238231683
2022-07-09T13:15-07:00,0.5704971475142624
2022-07-09T13:30-07:00,0.5700325732899023
2022-07-09T13:45-07:00,0.6122448979591837
2022-07-09T14:00-07:00,0.5725971370143149
2022-07-09T14:15-07:00,0.5730659025787965
2022-07-09T14:30-07:00,0.5593451568894889
2022-07-09T14:45-07:00,0.5704971475142624
2022-07-09T15:00-07:00,0.6256800870511487
2022-07-09T15:15-07:00,0.6274723775746891
2022-07-09T15:30-07:00,0.5858310626703059
2022-07-09T15:45-07:00,0.6656704252139717
2022-07-09T16:00-07:00,0.6525285481239804
2022-07-09T16:15-07:00,0.627215707662946
2022-07-09T16:30-07:00,0.6129955046996322
2022-07-09T16:45-07:00,0.6417258328782024
2022-07-09T17:00-07:00,0.6549324600900532
2022-07-09T17:15-07:00,0.6673021925643532
2022-07-09T17:30-07:00,0.6538618716796076
2022-07-09T17:45-07:00,0.667847894234707
2022-07-09T18:00-07:00,0.6705898453537766
2022-07-09T18:15-07:00,0.6557377049180327
2022-07-09T18:30-07:00,0.6546644844517185
2022-07-09T18:45-07:00,0.6546644844517185
2022-07-09T19:00-07:00,0.6944444444444444
2022-07-09T19:15-07:00,0.6700396554081834
2022-07-09T19:30-07:00,0.7122312012053206
2022-07-09T19:45-07:00,0.7087365408205051
2022-07-09T20:00-07:00,0.6719692814042849
2022-07-09T20:15-07:00,0.6435711351499321
2022-07-09T20:30-07:00,0.6313477902827402
2022-07-09T20:45-07:00,0.6570841889117043
2022-07-09T21:00-07:00,0.6835269993164668
2022-07-09T21:15-07:00,0.6145022531749283
2022-07-09T21:30-07:00,0.6832467887400867
2022-07-09T21:45-07:00,0.7364975450081833
2022-07-09T22:00-07:00,0.6810133478616118
2022-07-09T22:15-07:00,0.669490367536555
2022-07-09T22:30-07:00,0.6430428239157141
2022-07-09T22:45-07:00,0.6835269993164668
2022-07-09T23:00-07:00,0.6419887993443456
2022-07-09T23:15-07:00,0.6554690700532568
2022-07-09T23:30-07:00,0.6062276109120907
2022-07-09T23:45-07:00,0.630309673883262
2022-07-10T00:00-07:00,0.6705898453537766
2022-07-10T00:15-07:00,0.6722458499108308
2022-07-10T00:30-07:00,0.6459593183067557
2022-07-10T00:45-07:00,0.6589785831960461
2022-07-10T01:00-07:00,0.6165228113440198
2022-07-10T01:15-07:00,0.6308283049917781
2022-07-10T01:30-07:00,0.6295333242096682
2022-07-10T01:45-07:00,0.6427789934354423
2022-07-10T02:00-07:00,0.6287588846364196
2022-07-10T02:15-07:00,0.6412005457025859
2022-07-10T02:30-07:00,0.6535947712418301
2022-07-10T02:45-07:00,0.6393687933614411
2022-07-10T03:00-07:00,0.6139991813344249
2022-07-10T03:15-07:00,0.6538618716796076
2022-07-10T03:30-07:00,0.6570841889117043
2022-07-10T03:45-07:00,0.6565449322938038
2022-07-10T04:00-07:00,0.6433068710648719
2022-07-10T04:15-07:00,0.669490367536555
2022-07-10T04:30-07:00,0.6142506142506142
2022-07-10T04:45-07:00,0.6274723775746891
2022-07-10T05:00-07:00,0.6274723775746891
2022-07-10T05:15-07:00,0.7084468664850199
2022-07-10T05:30-07:00,0.6565449322938038
2022-07-10T05:45-07:00,0.6422519814156811
2022-07-10T06:00-07:00,0.6562756357670222
2022-07-10T06:15-07:00,0.6562756357670222
2022-07-10T06:30-07:00,0.5754212905877517
2022-07-10T06:45-07:00,0.6708652792990205
2022-07-10T07:00-07:00,0.6435711351499321
2022-07-10T07:15-07:00,0.6406761177753482
2022-07-10T07:30-07:00,0.6274723775746891
2022-07-10T07:45-07:00,0.6145022531749283
2022-07-10T08:00-07:00,0.6525285481239804
2022-07-10T08:15-07:00,0.6000272739669923
2022-07-10T08:30-07:00,0.6147540983606558
2022-07-10T08:45-07:00,0.6157635467980296
2022-07-10T09:00-07:00,0.6391079684525366
2022-07-10T09:15-07:00,0.6530612244897959
2022-07-10T09:30-07:00,0.6517311608961304
2022-07-10T09:45-07:00,0.6519967400162999
2022-07-10T10:00-07:00,0.6264469562849034
2022-07-10T10:15-07:00,0.6412005457025859
2022-07-10T10:30-07:00,0.6793478260869503
2022-07-10T10:45-07:00,0.6804572672836083
2022-07-10T11:00-07:00,0.6670296760141636
2022-07-10T11:15-07:00,0.6249150930580146
2022-07-10T11:30-07:00,0.6527947776417788
2022-07-10T11:45-07:00,0.6404142253712978
2022-07-10T12:00-07:00,0.6535947712418301
2022-07-10T12:15-07:00,0.6417258328782024
2022-07-10T12:30-07:00,0.6380667933749599
2022-07-10T12:45-07:00,0.6675749318801152
2022-07-10T13:00-07:00,0.6541291905151267
2022-07-10T13:15-07:00,0.6651282747387058
2022-07-10T13:30-07:00,0.6826870562534072
2022-07-10T13:45-07:00,0.6843690117711407
2022-07-10T14:00-07:00,0.6530612244897959
2022-07-10T14:15-07:00,0.6804572672836083
2022-07-10T14:30-07:00,0.6409382244647421
2022-07-10T14:45-07:00,0.710479573712262
2022-07-10T15:00-07:00,0.7198152926796081
2022-07-10T15:15-07:00,0.7334963325183375
2022-07-10T15:30-07:00,0.7334963325183375
2022-07-10T15:45-07:00,0.7334963325183375
2022-07-10T16:00-07:00,0.6801795674057889
2022-07-10T16:15-07:00,0.6832467887400867
2022-07-10T16:30-07:00,0.7514687798879691
2022-07-10T16:45-07:00,0.7110624914535821
2022-07-10T17:00-07:00,0.6835269993164668
2022-07-10T17:15-07:00,0.7093166007366043
2022-07-10T17:30-07:00,0.7107709130672561
2022-07-10T17:45-07:00,0.710479573712262
2022-07-10T18:00-07:00,0.6947282386595831
2022-07-10T18:15-07:00,0.7386130488305294
2022-07-10T18:30-07:00,0.6840881105486324
2022-07-10T18:45-07:00,0.7499318243796081
2022-07-10T19:00-07:00,0.711938663745899
2022-07-10T19:15-07:00,0.7263258873509598
2022-07-10T19:30-07:00,0.7658643326039325
2022-07-10T19:45-07:00,0.7642964378326674
2022-07-10T20:00-07:00,0.723648279628612
2022-07-10T20:15-07:00,0.723648279628612
2022-07-10T20:30-07:00,0.669490367536555
2022-07-10T20:45-07:00,0.7093166007366043
2022-07-10T21:00-07:00,0.7212847033206252
2022-07-10T21:15-07:00,0.7355946056395587
2022-07-10T21:30-07:00,0.7215793056500959
2022-07-10T21:45-07:00,0.7148748968930501
2022-07-10T22:00-07:00,0.7230559345156827
2022-07-10T22:15-07:00,0.6578947368421053
2022-07-10T22:30-07:00,0.6313477902827402
2022-07-10T22:45-07:00,0.6568144499178982
2022-07-10T23:00-07:00,0.6700396554081834
2022-07-10T23:15-07:00,0.6326502544354347
2022-07-10T23:30-07:00,0.6716929403701228
2022-07-10T23:45-07:00,0.6565449322938038
2022-07-11T00:00-07:00,0.6970069700697007
2022-07-11T00:15-07:00,0.6570841889117043
2022-07-11T00:30-07:00,0.658165364047717
2022-07-11T00:45-07:00,0.6990131578947368
2022-07-11T01:00-07:00,0.6310879407326171
2022-07-11T01:15-07:00,0.630309673883262
2022-07-11T01:30-07:00,0.6987258528565556
2022-07-11T01:45-07:00,0.6972928630024611
2022-07-11T02:00-07:00,0.6185567010309279
2022-07-11T02:15-07:00,0.6587072869493619
2022-07-11T02:30-07:00,0.6443652316972792
2022-07-11T02:45-07:00,0.657354149548069
2022-07-11T03:00-07:00,0.6854949273375315
2022-07-11T03:15-07:00,0.6589785831960461
2022-07-11T03:30-07:00,0.6589785831960461
2022-07-11T03:45-07:00,0.6318681318681382
2022-07-11T04:00-07:00,0.6739100536377453
2022-07-11T04:15-07:00,0.6697648988518379
2022-07-11T04:30-07:00,0.6292749658002799
2022-07-11T04:45-07:00,0.6846501437765239
2022-07-11T05:00-07:00,0.6714168265278221
2022-07-11T05:15-07:00,0.6318681318681382
2022-07-11T05:30-07:00,0.6459593183067557
2022-07-11T05:45-07:00,0.6308283049917781
2022-07-11T06:00-07:00,0.6981519507186859
2022-07-11T06:15-07:00,0.6435711351499321
2022-07-11T06:30-07:00,0.6576243321002877
2022-07-11T06:45-07:00,0.6188118811881188
2022-07-11T07:00-07:00,0.630309673883262
2022-07-11T07:15-07:00,0.6007646095029976
2022-07-11T07:30-07:00,0.6017505470459455
2022-07-11T07:45-07:00,0.6152584085315833
2022-07-11T08:00-07:00,0.6022447303586032
2022-07-11T08:15-07:00,0.6570841889117043
2022-07-11T08:30-07:00,0.6404142253712978
2022-07-11T08:45-07:00,0.6261911244214601
2022-07-11T09:00-07:00,0.6002728512960375
2022-07-11T09:15-07:00,0.6675749318801152
2022-07-11T09:30-07:00,0.6122448979591837
2022-07-11T09:45-07:00,0.6417258328782024
2022-07-11T10:00-07:00,0.6538618716796076
2022-07-11T10:15-07:00,0.6404142253712978
2022-07-11T10:30-07:00,0.5988023952095746
2022-07-11T10:45-07:00,0.5858310626703059
2022-07-11T11:00-07:00,0.6406761177753482
2022-07-11T11:15-07:00,0.6700396554081834
2022-07-11T11:30-07:00,0.5887185104052637
2022-07-11T11:45-07:00,0.6134969325153374
2022-07-11T12:00-07:00,0.6659418320195768
2022-07-11T12:15-07:00,0.6538618716796076
2022-07-11T12:30-07:00,0.6404142253712978
2022-07-11T12:45-07:00,0.6562756357670222
2022-07-11T13:00-07:00,0.6300506779893228
2022-07-11T13:15-07:00,0.6947282386595831
2022-07-11T13:30-07:00,0.6659418320195768
2022-07-11T13:45-07:00,0.7096069868995696
2022-07-11T14:00-07:00,0.6412005457025859
2022-07-11T14:15-07:00,0.6162695152013147
2022-07-11T14:30-07:00,0.6162695152013147
2022-07-11T14:45-07:00,0.6554690700532568
2022-07-11T15:00-07:00,0.6412005457025859
2022-07-11T15:15-07:00,0.6708652792990205
2022-07-11T15:30-07:00,0.6433068710648719
2022-07-11T15:45-07:00,0.6295333242096682
2022-07-11T16:00-07:00,0.6145022531749283
2022-07-11T16:15-07:00,0.6430428239157141
2022-07-11T16:30-07:00,0.6152584085315833
2022-07-11T16:45-07:00,0.5863103354240586
2022-07-11T17:00-07:00,0.6538618716796076
2022-07-11T17:15-07:00,0.6664853101197016
2022-07-11T17:30-07:00,0.6689419795221906
2022-07-11T17:45-07:00,0.667847894234707
2022-07-11T18:00-07:00,0.6425153793574784
2022-07-11T18:15-07:00,0.6835269993164668
2022-07-11T18:30-07:00,0.6675749318801152
2022-07-11T18:45-07:00,0.6692160611854747
2022-07-11T19:00-07:00,0.737402703809914
2022-07-11T19:15-07:00,0.6824075337791666
2022-07-11T19:30-07:00,0.711354309165533
2022-07-11T19:45-07:00,0.6995884773662552
2022-07-11T20:00-07:00,0.7128169979438034
2022-07-11T20:15-07:00,0.711938663745899
2022-07-11T20:30-07:00,0.6852131012744901
2022-07-11T20:45-07:00,0.6560065600656007
2022-07-11T21:00-07:00,0.6961506961506961
2022-07-11T21:15-07:00,0.7084468664850199
2022-07-11T21:30-07:00,0.6950122649223222
2022-07-11T21:45-07:00,0.6705898453537766
2022-07-11T22:00-07:00,0.6160164271047228
2022-07-11T22:15-07:00,0.6448957189901144
2022-07-11T22:30-07:00,0.6430428239157141
2022-07-11T22:45-07:00,0.6846501437765239
2022-07-11T23:00-07:00,0.6406761177753482
2022-07-11T23:15-07:00,0.6978653530377669
2022-07-11T23:30-07:00,0.6587072869493619
2022-07-11T23:45-07:00,0.6967213114754098
2022-07-12T00:00-07:00,0.6719692814042849
2022-07-12T00:15-07:00,0.6714168265278221
2022-07-12T00:30-07:00,0.6869075422448075
2022-07-12T00:45-07:00,0.6435711351499321
2022-07-12T01:00-07:00,0.6843690117711407
2022-07-12T01:15-07:00,0.6826870562534072
2022-07-12T01:30-07:00,0.6565449322938038
2022-07-12T01:45-07:00,0.6562756357670222
2022-07-12T02:00-07:00,0.6692160611854747
2022-07-12T02:15-07:00,0.6282436492761603
2022-07-12T02:30-07:00,0.6417258328782024
2022-07-12T02:45-07:00,0.6686681222707486
2022-07-12T03:00-07:00,0.6274723775746891
2022-07-12T03:15-07:00,0.6292749658002799
2022-07-12T03:30-07:00,0.6719692814042849
2022-07-12T03:45-07:00,0.6987258528565556
2022-07-12T04:00-07:00,0.658165364047717
2022-07-12T04:15-07:00,0.6589785831960461
2022-07-12T04:30-07:00,0.6866245536940339
2022-07-12T04:45-07:00,0.7013201320132013
2022-07-12T05:00-07:00,0.6600660066006601
2022-07-12T05:15-07:00,0.6459593183067557
2022-07-12T05:30-07:00,0.699876492383697
2022-07-12T05:45-07:00,0.6308283049917781
2022-07-12T06:00-07:00,0.7410456978180321
2022-07-12T06:15-07:00,0.6454270804723914
2022-07-12T06:30-07:00,0.6995884773662552
2022-07-12T06:45-07:00,0.6326502544354347
2022-07-12T07:00-07:00,0.6331727460426766
2022-07-12T07:15-07:00,0.6443652316972792
2022-07-12T07:30-07:00,0.6443652316972792
2022-07-12T07:45-07:00,0.6155108740254411
2022-07-12T08:00-07:00,0.6406761177753482
2022-07-12T08:15-07:00,0.6978653530377669
2022-07-12T08:30-07:00,0.65439672801636
2022-07-12T08:45-07:00,0.6972928630024611
2022-07-12T09:00-07:00,0.6019975372827958
2022-07-12T09:15-07:00,0.6417258328782024
2022-07-12T09:30-07:00,0.6427789934354423
2022-07-12T09:45-07:00,0.6546644844517185
2022-07-12T10:00-07:00,0.6406761177753482
2022-07-12T10:15-07:00,0.6019975372827958
2022-07-12T10:30-07:00,0.6274723775746891
2022-07-12T10:45-07:00,0.6409382244647421
2022-07-12T11:00-07:00,0.6560065600656007
2022-07-12T11:15-07:00,0.6952965235173824
2022-07-12T11:30-07:00,0.6546644844517185
2022-07-12T11:45-07:00,0.6269592476489091
2022-07-12T12:00-07:00,0.6527947776417788
2022-07-12T12:15-07:00,0.6533278889342589
2022-07-12T12:30-07:00,0.6821282401091343
2022-07-12T12:45-07:00,0.6697648988518379
2022-07-12T13:00-07:00,0.6835269993164668
2022-07-12T13:15-07:00,0.657354149548069
2022-07-12T13:30-07:00,0.6843690117711407
2022-07-12T13:45-07:00,0.6705898453537766
2022-07-12T14:00-07:00,0.6700396554081834
2022-07-12T14:15-07:00,0.6155108740254411
2022-07-12T14:30-07:00,0.6287588846364196
2022-07-12T14:45-07:00,0.6697648988518379
2022-07-12T15:00-07:00,0.6703146374829064
2022-07-12T15:15-07:00,0.6589785831960461
2022-07-12T15:30-07:00,0.65439672801636
2022-07-12T15:45-07:00,0.6812917291184023
2022-07-12T16:00-07:00,0.6815703380588815
2022-07-12T16:15-07:00,0.65439672801636
2022-07-12T16:30-07:00,0.6565449322938038
2022-07-12T16:45-07:00,0.6843690117711407
2022-07-12T17:00-07:00,0.6438356164383499
2022-07-12T17:15-07:00,0.6838074398249391
2022-07-12T17:30-07:00,0.6160164271047228
2022-07-12T17:45-07:00,0.6417258328782024
2022-07-12T18:00-07:00,0.6964358869315854
2022-07-12T18:15-07:00,0.6860592755213988
2022-07-12T18:30-07:00,0.6708652792990205
2022-07-12T18:45-07:00,0.7024793388429752
2022-07-12T19:00-07:00,0.7239448162819224
2022-07-12T19:15-07:00,0.6840881105486324
2022-07-12T19:30-07:00,0.6703146374829064
2022-07-12T19:45-07:00,0.6552006552006552
2022-07-12T20:00-07:00,0.669490367536555
2022-07-12T20:15-07:00,0.6546644844517185
2022-07-12T20:30-07:00,0.6417258328782024
2022-07-12T20:45-07:00,0.6815703380588815
2022-07-12T21:00-07:00,0.6464924346629923
2022-07-12T21:15-07:00,0.6595218466611706
2022-07-12T21:30-07:00,0.6292749658002799
2022-07-12T21:45-07:00,0.6456930897101187
2022-07-12T22:00-07:00,0.6326502544354347
2022-07-12T22:15-07:00,0.6034837470854415
2022-07-12T22:30-07:00,0.6316078539063635
2022-07-12T22:45-07:00,0.6308283049917781
2022-07-12T23:00-07:00,0.6595218466611706
2022-07-12T23:15-07:00,0.6321286244331518
2022-07-12T23:30-07:00,0.6310879407326171
2022-07-12T23:45-07:00,0.6279863481228731
2022-07-13T00:00-07:00,0.6818491749624921
2022-07-13T00:15-07:00,0.6326502544354347
2022-07-13T00:30-07:00,0.6692160611854747
2022-07-13T00:45-07:00,0.6557377049180327
2022-07-13T01:00-07:00,0.6279863481228731
2022-07-13T01:15-07:00,0.6446303662049039
2022-07-13T01:30-07:00,0.686341798215505
2022-07-13T01:45-07:00,0.6711409395973217
2022-07-13T02:00-07:00,0.5884768030655598
2022-07-13T02:15-07:00,0.6290168193627849
2022-07-13T02:30-07:00,0.6692160611854747
2022-07-13T02:45-07:00,0.6282436492761603
2022-07-13T03:00-07:00,0.5872712373668459
2022-07-13T03:15-07:00,0.6554690700532568
2022-07-13T03:30-07:00,0.6282436492761603
2022-07-13T03:45-07:00,0.6554690700532568
2022-07-13T04:00-07:00,0.6554690700532568
2022-07-13T04:15-07:00,0.669490367536555
2022-07-13T04:30-07:00,0.6152584085315833
2022-07-13T04:45-07:00,0.6433068710648719
2022-07-13T05:00-07:00,0.6305688827964422
2022-07-13T05:15-07:00,0.6180469715698393
2022-07-13T05:30-07:00,0.6316078539063635
2022-07-13T05:45-07:00,0.6451612903225744
2022-07-13T06:00-07:00,0.6451612903225744
2022-07-13T06:15-07:00,0.6425153793574784
2022-07-13T06:30-07:00,0.6419887993443456
2022-07-13T06:45-07:00,0.6422519814156811
2022-07-13T07:00-07:00,0.6422519814156811
2022-07-13T07:15-07:00,0.6308283049917781
2022-07-13T07:30-07:00,0.6034837470854415
2022-07-13T07:45-07:00,0.629791894852142
2022-07-13T08:00-07:00,0.6815703380588815
2022-07-13T08:15-07:00,0.6152584085315833
2022-07-13T08:30-07:00,0.602739726027391
2022-07-13T08:45-07:00,0.548320767649081
2022-07-13T09:00-07:00,0.669490367536555
2022-07-13T09:15-07:00,0.6290168193627849
2022-07-13T09:30-07:00,0.6000272739669923
2022-07-13T09:45-07:00,0.6287588846364196
2022-07-13T10:00-07:00,0.5983138428066296
2022-07-13T10:15-07:00,0.5992917461182177
2022-07-13T10:30-07:00,0.5586592178770887
2022-07-13T10:45-07:00,0.5591163234692423
2022-07-13T11:00-07:00,0.5730659025787965
2022-07-13T11:15-07:00,0.5867903930131066
2022-07-13T11:30-07:00,0.6147540983606558
2022-07-13T11:45-07:00,0.6157635467980296
2022-07-13T12:00-07:00,0.5709624796084829
2022-07-13T12:15-07:00,0.5997818974918149
2022-07-13T12:30-07:00,0.6391079684525366
2022-07-13T12:45-07:00,0.5988023952095746
2022-07-13T13:00-07:00,0.6124948958758677
2022-07-13T13:15-07:00,0.5737704918032787
2022-07-13T13:30-07:00,0.6132461161079313
2022-07-13T13:45-07:00,0.5733005733005733
2022-07-13T14:00-07:00,0.6244061354689895
2022-07-13T14:15-07:00,0.5882352941176533
2022-07-13T14:30-07:00,0.603235536057027
2022-07-13T14:45-07:00,0.5618747430450808
2022-07-13T15:00-07:00,0.5870307167235558
2022-07-13T15:15-07:00,0.6152584085315833
2022-07-13T15:30-07:00,0.6157635467980296
2022-07-13T15:45-07:00,0.6295333242096682
2022-07-13T16:00-07:00,0.6430428239157141
2022-07-13T16:15-07:00,0.6552006552006552
2022-07-13T16:30-07:00,0.6546644844517185
2022-07-13T16:45-07:00,0.6686681222707486
2022-07-13T17:00-07:00,0.6683944891556467
2022-07-13T17:15-07:00,0.5853525728287565
2022-07-13T17:30-07:00,0.6673021925643532
2022-07-13T17:45-07:00,0.6433068710648719
2022-07-13T18:00-07:00,0.6554690700532568
2022-07-13T18:15-07:00,0.5896873285792712
2022-07-13T18:30-07:00,0.6326502544354347
2022-07-13T18:45-07:00,0.6422519814156811
2022-07-13T19:00-07:00,0.6972928630024611
2022-07-13T19:15-07:00,0.6711409395973217
2022-07-13T19:30-07:00,0.6425153793574784
2022-07-13T19:45-07:00,0.6446303662049039
2022-07-13T20:00-07:00,0.6716929403701228
2022-07-13T20:15-07:00,0.6576243321002877
2022-07-13T20:30-07:00,0.6846501437765239
2022-07-13T20:45-07:00,0.711646366497885
2022-07-13T21:00-07:00,0.6714168265278221
2022-07-13T21:15-07:00,0.6849315068493088
2022-07-13T21:30-07:00,0.6570841889117043
2022-07-13T21:45-07:00,0.723648279628612
2022-07-13T22:00-07:00,0.6430428239157141
2022-07-13T22:15-07:00,0.6430428239157141
2022-07-13T22:30-07:00,0.5894448252227615
2022-07-13T22:45-07:00,0.6157635467980296
2022-07-13T23:00-07:00,0.6438356164383499
2022-07-13T23:15-07:00,0.6430428239157141
2022-07-13T23:30-07:00,0.5882352941176533
2022-07-13T23:45-07:00,0.6279863481228731
2022-07-14T00:00-07:00,0.6269592476489091
2022-07-14T00:15-07:00,0.6326502544354347
2022-07-14T00:30-07:00,0.6336961013913825
2022-07-14T00:45-07:00,0.6057268722466898
2022-07-14T01:00-07:00,0.6472937611899124
2022-07-14T01:15-07:00,0.604977313350743
2022-07-14T01:30-07:00,0.6185567010309279
2022-07-14T01:45-07:00,0.5904160373472533
2022-07-14T02:00-07:00,0.6316078539063635
2022-07-14T02:15-07:00,0.590172934394736
2022-07-14T02:30-07:00,0.6584362139917695
2022-07-14T02:45-07:00,0.6167763157894737
2022-07-14T03:00-07:00,0.6029875291215505
2022-07-14T03:15-07:00,0.658165364047717
2022-07-14T03:30-07:00,0.6024921265233403
2022-07-14T03:45-07:00,0.6708652792990205
2022-07-14T04:00-07:00,0.6044786371754299
2022-07-14T04:15-07:00,0.6600660066006601
2022-07-14T04:30-07:00,0.6054768129902235
2022-07-14T04:45-07:00,0.5921233819884393
2022-07-14T05:00-07:00,0.6198347107438017
2022-07-14T05:15-07:00,0.6139991813344249
2022-07-14T05:30-07:00,0.6422519814156811
2022-07-14T05:45-07:00,0.6290168193627849
2022-07-14T06:00-07:00,0.6692160611854747
2022-07-14T06:15-07:00,0.6840881105486324
2022-07-14T06:30-07:00,0.6147540983606558
2022-07-14T06:45-07:00,0.6570841889117043
2022-07-14T07:00-07:00,0.6443652316972792
2022-07-14T07:15-07:00,0.6427789934354423
2022-07-14T07:30-07:00,0.5884768030655598
2022-07-14T07:45-07:00,0.5877528704210013
2022-07-14T08:00-07:00,0.6152584085315833
2022-07-14T08:15-07:00,0.5995367216241932
2022-07-14T08:30-07:00,0.584874863982596
2022-07-14T08:45-07:00,0.5870307167235558
2022-07-14T09:00-07:00,0.6002728512960375
2022-07-14T09:15-07:00,0.5737704918032787
2022-07-14T09:30-07:00,0.5604921394395016
2022-07-14T09:45-07:00,0.5593451568894889
2022-07-14T10:00-07:00,0.5985580193170935
2022-07-14T10:15-07:00,0.6134969325153374
2022-07-14T10:30-07:00,0.6134969325153374
2022-07-14T10:45-07:00,0.6279863481228731
2022-07-14T11:00-07:00,0.613747954173486
2022-07-14T11:15-07:00,0.5997818974918149
2022-07-14T11:30-07:00,0.5716619028174765
2022-07-14T11:45-07:00,0.5997818974918149
2022-07-14T12:00-07:00,0.5997818974918149
2022-07-14T12:15-07:00,0.5728314238952537
2022-07-14T12:30-07:00,0.6292749658002799
2022-07-14T12:45-07:00,0.5609522506498774
2022-07-14T13:00-07:00,0.5623371279659792
2022-07-14T13:15-07:00,0.5579749591725578
2022-07-14T13:30-07:00,0.5462988254575315
2022-07-14T13:45-07:00,0.5875119551851409
2022-07-14T14:00-07:00,0.6017505470459455
2022-07-14T14:15-07:00,0.6160164271047228
2022-07-14T14:30-07:00,0.6002728512960375
2022-07-14T14:45-07:00,0.5867903930131066
2022-07-14T15:00-07:00,0.5911465493538693
2022-07-14T15:15-07:00,0.6157635467980296
2022-07-14T15:30-07:00,0.6261911244214601
2022-07-14T15:45-07:00,0.6269592476489091
2022-07-14T16:00-07:00,0.6147540983606558
2022-07-14T16:15-07:00,0.6689419795221906
2022-07-14T16:30-07:00,0.6002728512960375
2022-07-14T16:45-07:00,0.6681210799018333
2022-07-14T17:00-07:00,0.667847894234707
2022-07-14T17:15-07:00,0.6183017312448474
2022-07-14T17:30-07:00,0.6183017312448474
2022-07-14T17:45-07:00,0.6318681318681382
2022-07-14T18:00-07:00,0.7007419620774938
2022-07-14T18:15-07:00,0.604229607250749
2022-07-14T18:30-07:00,0.6576243321002877
2022-07-14T18:45-07:00,0.6208609271523179
2022-07-14T19:00-07:00,0.6155108740254411
2022-07-14T19:15-07:00,0.6716929403701228
2022-07-14T19:30-07:00,0.657354149548069
2022-07-14T19:45-07:00,0.6427789934354423
2022-07-14T20:00-07:00,0.6562756357670222
2022-07-14T20:15-07:00,0.602739726027391
2022-07-14T20:30-07:00,0.6576243321002877
2022-07-14T20:45-07:00,0.6443652316972792
2022-07-14T21:00-07:00,0.6565449322938038
2022-07-14T21:15-07:00,0.6419887993443456
2022-07-14T21:30-07:00,0.6155108740254411
2022-07-14T21:45-07:00,0.6150061500615006
2022-07-14T22:00-07:00,0.6714168265278221
2022-07-14T22:15-07:00,0.657354149548069
2022-07-14T22:30-07:00,0.6152584085315833
2022-07-14T22:45-07:00,0.6451612903225744
2022-07-14T23:00-07:00,0.5904160373472533
2022-07-14T23:15-07:00,0.6730769230769293
2022-07-14T23:30-07:00,0.6039807824296437
2022-07-14T23:45-07:00,0.602739726027391
2022-07-15T00:00-07:00,0.5909028445788163
2022-07-15T00:15-07:00,0.629791894852142
2022-07-15T00:30-07:00,0.6446303662049039
2022-07-15T00:45-07:00,0.657354149548069
2022-07-15T01:00-07:00,0.6587072869493619
2022-07-15T01:15-07:00,0.6165228113440198
2022-07-15T01:30-07:00,0.6441003151980204
2022-07-15T01:45-07:00,0.6750241080038636
2022-07-15T02:00-07:00,0.605226960110035
2022-07-15T02:15-07:00,0.6057268722466898
2022-07-15T02:30-07:00,0.64675932296683
2022-07-15T02:45-07:00,0.6464924346629923
2022-07-15T03:00-07:00,0.5911465493538693
2022-07-15T03:15-07:00,0.6464924346629923
2022-07-15T03:30-07:00,0.5921233819884393
2022-07-15T03:45-07:00,0.564194303013617
2022-07-15T04:00-07:00,0.6331727460426766
2022-07-15T04:15-07:00,0.6054768129902235
2022-07-15T04:30-07:00,0.6472937611899124
2022-07-15T04:45-07:00,0.6208609271523179
2022-07-15T05:00-07:00,0.627215707662946
2022-07-15T05:15-07:00,0.5879939833173863
2022-07-15T05:30-07:00,0.6427789934354423
2022-07-15T05:45-07:00,0.5879939833173863
2022-07-15T06:00-07:00,0.6282436492761603
2022-07-15T06:15-07:00,0.60150375939849
2022-07-15T06:30-07:00,0.6010107908755572
2022-07-15T06:45-07:00,0.6170300287947347
2022-07-15T07:00-07:00,0.6047278724573879
2022-07-15T07:15-07:00,0.5780346820809249
2022-07-15T07:30-07:00,0.6185567010309279
2022-07-15T07:45-07:00,0.591634562465609
2022-07-15T08:00-07:00,0.6448957189901144
2022-07-15T08:15-07:00,0.6285011613608479
2022-07-15T08:30-07:00,0.6285011613608479
2022-07-15T08:45-07:00,0.6022447303586032
2022-07-15T09:00-07:00,0.6277292576419277
2022-07-15T09:15-07:00,0.5870307167235558
2022-07-15T09:30-07:00,0.6002728512960375
2022-07-15T09:45-07:00,0.6155108740254411
2022-07-15T10:00-07:00,0.6422519814156811
2022-07-15T10:15-07:00,0.6152584085315833
2022-07-15T10:30-07:00,0.5892025212387018
2022-07-15T10:45-07:00,0.6292749658002799
2022-07-15T11:00-07:00,0.6145022531749283
2022-07-15T11:15-07:00,0.6012571740912755
2022-07-15T11:30-07:00,0.6157635467980296
2022-07-15T11:45-07:00,0.6451612903225744
2022-07-15T12:00-07:00,0.6152584085315833
2022-07-15T12:15-07:00,0.5892025212387018
2022-07-15T12:30-07:00,0.6417258328782024
2022-07-15T12:45-07:00,0.6670296760141636
2022-07-15T13:00-07:00,0.65439672801636
2022-07-15T13:15-07:00,0.6287588846364196
2022-07-15T13:30-07:00,0.6804572672836083
2022-07-15T13:45-07:00,0.6448957189901144
2022-07-15T14:00-07:00,0.5080324042290327
2022-07-15T14:15-07:00,0.5740057400574006
2022-07-15T14:30-07:00,0.5872712373668459
2022-07-15T14:45-07:00,0.5203341092701567
2022-07-15T15:00-07:00,0.6152584085315833
2022-07-15T15:15-07:00,0.5474202819214514
2022-07-15T15:30-07:00,0.5735354362965998
2022-07-15T15:45-07:00,0.5308289097590854
2022-07-15T16:00-07:00,0.5851136209008091
2022-07-15T16:15-07:00,0.5595741776989156
2022-07-15T16:30-07:00,0.5740057400574006
2022-07-15T16:45-07:00,0.6290168193627849
2022-07-15T17:00-07:00,0.5751848808545604
2022-07-15T17:15-07:00,0.5341002465078061
2022-07-15T17:30-07:00,0.5469711472719877
2022-07-15T17:45-07:00,0.5501306560308136
2022-07-15T18:00-07:00,0.5761316872427984
2022-07-15T18:15-07:00,0.5588876772082817
2022-07-15T18:30-07:00,0.6155108740254411
2022-07-15T18:45-07:00,0.5785123966942148
2022-07-15T19:00-07:00,0.6047278724573879
2022-07-15T19:15-07:00,0.602739726027391
2022-07-15T19:30-07:00,0.6160164271047228
2022-07-15T19:45-07:00,0.6711409395973217
2022-07-15T20:00-07:00,0.6443652316972792
2022-07-15T20:15-07:00,0.6024921265233403
2022-07-15T20:30-07:00,0.5913904552331242
2022-07-15T20:45-07:00,0.6064782908339014
2022-07-15T21:00-07:00,0.6059771381352368
2022-07-15T21:15-07:00,0.6326502544354347
2022-07-15T21:30-07:00,0.5785123966942148
2022-07-15T21:45-07:00,0.5782734407269723
2022-07-15T22:00-07:00,0.5785123966942148
2022-07-15T22:15-07:00,0.5896873285792712
2022-07-15T22:30-07:00,0.5376344086021505
2022-07-15T22:45-07:00,0.5196936542669521
2022-07-15T23:00-07:00,0.5471956224350267
2022-07-15T23:15-07:00,0.5598033861277928
2022-07-15T23:30-07:00,0.5604921394395016
2022-07-15T23:45-07:00,0.5588876772082817
2022-07-16T00:00-07:00,0.5179934569247484
2022-07-16T00:15-07:00,0.5456281544127739
2022-07-16T00:30-07:00,0.5867903930131066
2022-07-16T00:45-07:00,0.5614131178967485
2022-07-16T01:00-07:00,0.5756578947368421
2022-07-16T01:15-07:00,0.5733005733005733
2022-07-16T01:30-07:00,0.5913904552331242
2022-07-16T01:45-07:00,0.6047278724573879
2022-07-16T02:00-07:00,0.5909028445788163
2022-07-16T02:15-07:00,0.590172934394736
2022-07-16T02:30-07:00,0.5889604163813239
2022-07-16T02:45-07:00,0.5887185104052637
2022-07-16T03:00-07:00,0.5618747430450808
2022-07-16T03:15-07:00,0.5751848808545604
2022-07-16T03:30-07:00,0.6019975372827958
2022-07-16T03:45-07:00,0.5754212905877517
2022-07-16T04:00-07:00,0.5505849965588501
2022-07-16T04:15-07:00,0.5519525320822473
2022-07-16T04:30-07:00,0.562800274536713
2022-07-16T04:45-07:00,0.5906593406593469
2022-07-16T05:00-07:00,0.5220497321060522
2022-07-16T05:15-07:00,0.5909028445788163
2022-07-16T05:30-07:00,0.6054768129902235
2022-07-16T05:45-07:00,0.5639614855570776
2022-07-16T06:00-07:00,0.5630321340291066
2022-07-16T06:15-07:00,0.57684384013185
2022-07-16T06:30-07:00,0.6172839506172839
2022-07-16T06:45-07:00,0.5911465493538693
2022-07-16T07:00-07:00,0.605226960110035
2022-07-16T07:15-07:00,0.6067291781577433
2022-07-16T07:30-07:00,0.5614131178967485
2022-07-16T07:45-07:00,0.5598033861277928
2022-07-16T08:00-07:00,0.5872712373668459
2022-07-16T08:15-07:00,0.5737704918032787
2022-07-16T08:30-07:00,0.5630321340291066
2022-07-16T08:45-07:00,0.5773195876288659
2022-07-16T09:00-07:00,0.6034837470854415
2022-07-16T09:15-07:00,0.5623371279659792
2022-07-16T09:30-07:00,0.5634964266080201
2022-07-16T09:45-07:00,0.5855917200054536
2022-07-16T10:00-07:00,0.6409382244647421
2022-07-16T10:15-07:00,0.547870154773325
2022-07-16T10:30-07:00,0.5863103354240586
2022-07-16T10:45-07:00,0.5882352941176533
2022-07-16T11:00-07:00,0.5196936542669521
2022-07-16T11:15-07:00,0.5614131178967485
2022-07-16T11:30-07:00,0.5071967100754003
2022-07-16T11:45-07:00,0.5737704918032787
2022-07-16T12:00-07:00,0.584874863982596
2022-07-16T12:15-07:00,0.5456281544127739
2022-07-16T12:30-07:00,0.5836839961992732
2022-07-16T12:45-07:00,0.5851136209008091
2022-07-16T13:00-07:00,0.556611458050496
2022-07-16T13:15-07:00,0.5975825071302396
2022-07-16T13:30-07:00,0.5700325732899023
2022-07-16T13:45-07:00,0.5575197171607227
2022-07-16T14:00-07:00,0.6124948958758677
2022-07-16T14:15-07:00,0.5846363018354923
2022-07-16T14:30-07:00,0.5718954248366013
2022-07-16T14:45-07:00,0.5730659025787965
2022-07-16T15:00-07:00,0.5735354362965998
2022-07-16T15:15-07:00,0.6259355014287721
2022-07-16T15:30-07:00,0.6107491856677525
2022-07-16T15:45-07:00,0.5754212905877517
2022-07-16T16:00-07:00,0.57684384013185
2022-07-16T16:15-07:00,0.5614131178967485
2022-07-16T16:30-07:00,0.5975825071302396
2022-07-16T16:45-07:00,0.57684384013185
2022-07-16T17:00-07:00,0.5349794238683128
2022-07-16T17:15-07:00,0.5758946935417524
2022-07-16T17:30-07:00,0.5773195876288659
2022-07-16T17:45-07:00,0.5758946935417524
2022-07-16T18:00-07:00,0.6017505470459455
2022-07-16T18:15-07:00,0.5909028445788163
2022-07-16T18:30-07:00,0.6177924217462932
2022-07-16T18:45-07:00,0.6597938144329897
2022-07-16T19:00-07:00,0.6714168265278221
2022-07-16T19:15-07:00,0.5899300315544033
2022-07-16T19:30-07:00,0.6313477902827402
2022-07-16T19:45-07:00,0.6316078539063635
2022-07-16T20:00-07:00,0.7007419620774938
2022-07-16T20:15-07:00,0.6727996704654738
2022-07-16T20:30-07:00,0.6451612903225744
2022-07-16T20:45-07:00,0.6584362139917695
2022-07-16T21:00-07:00,0.6448957189901144
2022-07-16T21:15-07:00,0.6183017312448474
2022-07-16T21:30-07:00,0.6316078539063635
2022-07-16T21:45-07:00,0.6313477902827402
2022-07-16T22:00-07:00,0.5634964266080201
2022-07-16T22:15-07:00,0.6292749658002799
2022-07-16T22:30-07:00,0.6300506779893228
2022-07-16T22:45-07:00,0.6007646095029976
2022-07-16T23:00-07:00,0.6292749658002799
2022-07-16T23:15-07:00,0.5730659025787965
2022-07-16T23:30-07:00,0.5879939833173863
2022-07-16T23:45-07:00,0.5611825896523343
2022-07-17T00:00-07:00,0.6012571740912755
2022-07-17T00:15-07:00,0.6132461161079313
2022-07-17T00:30-07:00,0.5875119551851409
2022-07-17T00:45-07:00,0.5593451568894889
2022-07-17T01:00-07:00,0.5747126436781609
2022-07-17T01:15-07:00,0.5867903930131066
2022-07-17T01:30-07:00,0.5872712373668459
2022-07-17T01:45-07:00,0.5882352941176533
2022-07-17T02:00-07:00,0.605226960110035
2022-07-17T02:15-07:00,0.6193228736581338
2022-07-17T02:30-07:00,0.5646605150805611
2022-07-17T02:45-07:00,0.5918788713007633
2022-07-17T03:00-07:00,0.5630321340291066
2022-07-17T03:15-07:00,0.5632641846407411
2022-07-17T03:30-07:00,0.6316078539063635
2022-07-17T03:45-07:00,0.6022447303586032
2022-07-17T04:00-07:00,0.5749486652977412
2022-07-17T04:15-07:00,0.5887185104052637
2022-07-17T04:30-07:00,0.5742411812961444
2022-07-17T04:45-07:00,0.6292749658002799
2022-07-17T05:00-07:00,0.5609522506498774
2022-07-17T05:15-07:00,0.5609522506498774
2022-07-17T05:30-07:00,0.5609522506498774
2022-07-17T05:45-07:00,0.6017505470459455
2022-07-17T06:00-07:00,0.5879939833173863
2022-07-17T06:15-07:00,0.6017505470459455
2022-07-17T06:30-07:00,0.5740057400574006
2022-07-17T06:45-07:00,0.5471956224350267
2022-07-17T07:00-07:00,0.5889604163813239
2022-07-17T07:15-07:00,0.5896873285792712
2022-07-17T07:30-07:00,0.5882352941176533
2022-07-17T07:45-07:00,0.5485463521667644
2022-07-17T08:00-07:00,0.5632641846407411
2022-07-17T08:15-07:00,0.5735354362965998
2022-07-17T08:30-07:00,0.5884768030655598
2022-07-17T08:45-07:00,0.6152584085315833
2022-07-17T09:00-07:00,0.5754212905877517
2022-07-17T09:15-07:00,0.547870154773325
2022-07-17T09:30-07:00,0.5867903930131066
2022-07-17T09:45-07:00,0.5747126436781609
2022-07-17T10:00-07:00,0.5754212905877517
2022-07-17T10:15-07:00,0.546746856205583
2022-07-17T10:30-07:00,0.5700325732899023
2022-07-17T10:45-07:00,0.5872712373668459
2022-07-17T11:00-07:00,0.5480953685941417
2022-07-17T11:15-07:00,0.5737704918032787
2022-07-17T11:30-07:00,0.5688744412840309
2022-07-17T11:45-07:00,0.5598033861277928
2022-07-17T12:00-07:00,0.5462988254575315
2022-07-17T12:15-07:00,0.5639614855570776
2022-07-17T12:30-07:00,0.6112469437652812
2022-07-17T12:45-07:00,0.5851136209008091
2022-07-17T13:00-07:00,0.5438477226376677
2022-07-17T13:15-07:00,0.5716619028174765
2022-07-17T13:30-07:00,0.5323505323505323
2022-07-17T13:45-07:00,0.5588876772082817
2022-07-17T14:00-07:00,0.6114961271911945
2022-07-17T14:15-07:00,0.6124948958758677
2022-07-17T14:30-07:00,0.5442917403728461
2022-07-17T14:45-07:00,0.5454049631851712
2022-07-17T15:00-07:00,0.5997818974918149
2022-07-17T15:15-07:00,0.5851136209008091
2022-07-17T15:30-07:00,0.556611458050496
2022-07-17T15:45-07:00,0.6012571740912755
2022-07-17T16:00-07:00,0.548320767649081
2022-07-17T16:15-07:00,0.6279863481228731
2022-07-17T16:30-07:00,0.5889604163813239
2022-07-17T16:45-07:00,0.602739726027391
2022-07-17T17:00-07:00,0.6292749658002799
2022-07-17T17:15-07:00,0.7013201320132013
2022-07-17T17:30-07:00,0.710479573712262
2022-07-17T17:45-07:00,0.669490367536555
2022-07-17T18:00-07:00,0.6427789934354423
2022-07-17T18:15-07:00,0.6871907641561235
2022-07-17T18:30-07:00,0.6725226461707446
2022-07-17T18:45-07:00,0.6451612903225744
2022-07-17T19:00-07:00,0.6711409395973217
2022-07-17T19:15-07:00,0.7296255506607866
2022-07-17T19:30-07:00,0.6871907641561235
2022-07-17T19:45-07:00,0.6886103842445881
2022-07-17T20:00-07:00,0.7010309278350515
2022-07-17T20:15-07:00,0.714580184141823
2022-07-17T20:30-07:00,0.6860592755213988
2022-07-17T20:45-07:00,0.6733544042874874
2022-07-17T21:00-07:00,0.7278220269156762
2022-07-17T21:15-07:00,0.6849315068493088
2022-07-17T21:30-07:00,0.7293243429200432
2022-07-17T21:45-07:00,0.6894649751792545
2022-07-17T22:00-07:00,0.6894649751792545
2022-07-17T22:15-07:00,0.6475613116560973
2022-07-17T22:30-07:00,0.6860592755213988
2022-07-17T22:45-07:00,0.6592501030078286
2022-07-17T23:00-07:00,0.6722458499108308
2022-07-17T23:15-07:00,0.6435711351499321
2022-07-17T23:30-07:00,0.6722458499108308
2022-07-17T23:45-07:00,0.6425153793574784
2022-07-18T00:00-07:00,0.6443652316972792
2022-07-18T00:15-07:00,0.6054768129902235
2022-07-18T00:30-07:00,0.6600660066006601
2022-07-18T00:45-07:00,0.630309673883262
2022-07-18T01:00-07:00,0.6978653530377669
2022-07-18T01:15-07:00,0.629791894852142
2022-07-18T01:30-07:00,0.6562756357670222
2022-07-18T01:45-07:00,0.630309673883262
2022-07-18T02:00-07:00,0.6705898453537766
2022-07-18T02:15-07:00,0.6316078539063635
2022-07-18T02:30-07:00,0.6034837470854415
2022-07-18T02:45-07:00,0.6708652792990205
2022-07-18T03:00-07:00,0.6290168193627849
2022-07-18T03:15-07:00,0.6846501437765239
2022-07-18T03:30-07:00,0.629791894852142
2022-07-18T03:45-07:00,0.6705898453537766
2022-07-18T04:00-07:00,0.6565449322938038
2022-07-18T04:15-07:00,0.6448957189901144
2022-07-18T04:30-07:00,0.5904160373472533
2022-07-18T04:45-07:00,0.6584362139917695
2022-07-18T05:00-07:00,0.6451612903225744
2022-07-18T05:15-07:00,0.6193228736581338
2022-07-18T05:30-07:00,0.6456930897101187
2022-07-18T05:45-07:00,0.6310879407326171
2022-07-18T06:00-07:00,0.6172839506172839
2022-07-18T06:15-07:00,0.6321286244331518
2022-07-18T06:30-07:00,0.6448957189901144
2022-07-18T06:45-07:00,0.6323893318669296
2022-07-18T07:00-07:00,0.5928581276713147
2022-07-18T07:15-07:00,0.5906593406593469
2022-07-18T07:30-07:00,0.6010107908755572
2022-07-18T07:45-07:00,0.6037321624588302
2022-07-18T08:00-07:00,0.5899300315544033
2022-07-18T08:15-07:00,0.6010107908755572
2022-07-18T08:30-07:00,0.6711409395973217
2022-07-18T08:45-07:00,0.60150375939849
2022-07-18T09:00-07:00,0.6700396554081834
2022-07-18T09:15-07:00,0.630309673883262
2022-07-18T09:30-07:00,0.5896873285792712
2022-07-18T09:45-07:00,0.6570841889117043
2022-07-18T10:00-07:00,0.6292749658002799
2022-07-18T10:15-07:00,0.5766062602965404
2022-07-18T10:30-07:00,0.549224220788143
2022-07-18T10:45-07:00,0.5621058404167747
2022-07-18T11:00-07:00,0.5882352941176533
2022-07-18T11:15-07:00,0.6150061500615006
2022-07-18T11:30-07:00,0.6300506779893228
2022-07-18T11:45-07:00,0.6441003151980204
2022-07-18T12:00-07:00,0.6584362139917695
2022-07-18T12:15-07:00,0.6433068710648719
2022-07-18T12:30-07:00,0.6433068710648719
2022-07-18T12:45-07:00,0.6843690117711407
2022-07-18T13:00-07:00,0.6711409395973217
2022-07-18T13:15-07:00,0.6716929403701228
2022-07-18T13:30-07:00,0.6852131012744901
2022-07-18T13:45-07:00,0.669490367536555
2022-07-18T14:00-07:00,0.6961506961506961
2022-07-18T14:15-07:00,0.6433068710648719
2022-07-18T14:30-07:00,0.6700396554081834
2022-07-18T14:45-07:00,0.6880418329434367
2022-07-18T15:00-07:00,0.6562756357670222
2022-07-18T15:15-07:00,0.6852131012744901
2022-07-18T15:30-07:00,0.6595218466611706
2022-07-18T15:45-07:00,0.7004532344458179
2022-07-18T16:00-07:00,0.6990131578947368
2022-07-18T16:15-07:00,0.6993006993006993
2022-07-18T16:30-07:00,0.6584362139917695
2022-07-18T16:45-07:00,0.6576243321002877
2022-07-18T17:00-07:00,0.6871907641561235
2022-07-18T17:15-07:00,0.6459593183067557
2022-07-18T17:30-07:00,0.7413509060955519
2022-07-18T17:45-07:00,0.699876492383697
2022-07-18T18:00-07:00,0.6987258528565556
2022-07-18T18:15-07:00,0.6578947368421053
2022-07-18T18:30-07:00,0.7125239791723823
2022-07-18T18:45-07:00,0.7266246229777836
2022-07-18T19:00-07:00,0.7010309278350515
2022-07-18T19:15-07:00,0.7016095749071399
2022-07-18T19:30-07:00,0.6866245536940339
2022-07-18T19:45-07:00,0.6722458499108308
2022-07-18T20:00-07:00,0.7125239791723823
2022-07-18T20:15-07:00,0.6981519507186859
2022-07-18T20:30-07:00,0.6869075422448075
2022-07-18T20:45-07:00,0.6854949273375315
2022-07-18T21:00-07:00,0.7178354500276154
2022-07-18T21:15-07:00,0.6866245536940339
2022-07-18T21:30-07:00,0.6595218466611706
2022-07-18T21:45-07:00,0.6857769853243663
2022-07-18T22:00-07:00,0.603235536057027
2022-07-18T22:15-07:00,0.6714168265278221
2022-07-18T22:30-07:00,0.6462257665337487
2022-07-18T22:45-07:00,0.6438356164383499
2022-07-18T23:00-07:00,0.657354149548069
2022-07-18T23:15-07:00,0.6308283049917781
2022-07-18T23:30-07:00,0.6443652316972792
2022-07-18T23:45-07:00,0.6150061500615006
2022-07-19T00:00-07:00,0.6287588846364196
2022-07-19T00:15-07:00,0.5911465493538693
2022-07-19T00:30-07:00,0.6188118811881188
2022-07-19T00:45-07:00,0.630309673883262
2022-07-19T01:00-07:00,0.605226960110035
2022-07-19T01:15-07:00,0.5904160373472533
2022-07-19T01:30-07:00,0.6308283049917781
2022-07-19T01:45-07:00,0.5884768030655598
2022-07-19T02:00-07:00,0.6549324600900532
2022-07-19T02:15-07:00,0.6024921265233403
2022-07-19T02:30-07:00,0.6022447303586032
2022-07-19T02:45-07:00,0.60150375939849
2022-07-19T03:00-07:00,0.6697648988518379
2022-07-19T03:15-07:00,0.6279863481228731
2022-07-19T03:30-07:00,0.6552006552006552
2022-07-19T03:45-07:00,0.6673021925643532
2022-07-19T04:00-07:00,0.6419887993443456
2022-07-19T04:15-07:00,0.629791894852142
2022-07-19T04:30-07:00,0.6840881105486324
2022-07-19T04:45-07:00,0.6292749658002799
2022-07-19T05:00-07:00,0.6295333242096682
2022-07-19T05:15-07:00,0.6321286244331518
2022-07-19T05:30-07:00,0.6012571740912755
2022-07-19T05:45-07:00,0.6568144499178982
2022-07-19T06:00-07:00,0.6290168193627849
2022-07-19T06:15-07:00,0.6145022531749283
2022-07-19T06:30-07:00,0.6675749318801152
2022-07-19T06:45-07:00,0.5909028445788163
2022-07-19T07:00-07:00,0.5884768030655598
2022-07-19T07:15-07:00,0.6152584085315833
2022-07-19T07:30-07:00,0.6438356164383499
2022-07-19T07:45-07:00,0.6034837470854415
2022-07-19T08:00-07:00,0.6321286244331518
2022-07-19T08:15-07:00,0.6321286244331518
2022-07-19T08:30-07:00,0.6292749658002799
2022-07-19T08:45-07:00,0.6172839506172839
2022-07-19T09:00-07:00,0.6047278724573879
2022-07-19T09:15-07:00,0.6692160611854747
2022-07-19T09:30-07:00,0.5884768030655598
2022-07-19T09:45-07:00,0.6576243321002877
2022-07-19T10:00-07:00,0.6832467887400867
2022-07-19T10:15-07:00,0.6427789934354423
2022-07-19T10:30-07:00,0.6024921265233403
2022-07-19T10:45-07:00,0.6459593183067557
2022-07-19T11:00-07:00,0.6152584085315833
2022-07-19T11:15-07:00,0.6736321143799898
2022-07-19T11:30-07:00,0.5997818974918149
2022-07-19T11:45-07:00,0.6422519814156811
2022-07-19T12:00-07:00,0.6541291905151267
2022-07-19T12:15-07:00,0.6417258328782024
2022-07-19T12:30-07:00,0.6147540983606558
2022-07-19T12:45-07:00,0.6443652316972792
2022-07-19T13:00-07:00,0.6448957189901144
2022-07-19T13:15-07:00,0.6441003151980204
2022-07-19T13:30-07:00,0.6673021925643532
2022-07-19T13:45-07:00,0.6285011613608479
2022-07-19T14:00-07:00,0.6838074398249391
2022-07-19T14:15-07:00,0.6714168265278221
2022-07-19T14:30-07:00,0.6846501437765239
2022-07-19T14:45-07:00,0.6160164271047228
2022-07-19T15:00-07:00,0.7122312012053206
2022-07-19T15:15-07:00,0.6854949273375315
2022-07-19T15:30-07:00,0.6419887993443456
2022-07-19T15:45-07:00,0.6970069700697007
2022-07-19T16:00-07:00,0.6967213114754098
2022-07-19T16:15-07:00,0.6818491749624921
2022-07-19T16:30-07:00,0.7093166007366043
2022-07-19T16:45-07:00,0.7380073800738007
2022-07-19T17:00-07:00,0.6852131012744901
2022-07-19T17:15-07:00,0.6849315068493088
2022-07-19T17:30-07:00,0.6578947368421053
2022-07-19T17:45-07:00,0.7251333971815507
2022-07-19T18:00-07:00,0.737402703809914
2022-07-19T18:15-07:00,0.6978653530377669
2022-07-19T18:30-07:00,0.6725226461707446
2022-07-19T18:45-07:00,0.699876492383697
2022-07-19T19:00-07:00,0.699876492383697
2022-07-19T19:15-07:00,0.669490367536555
2022-07-19T19:30-07:00,0.7505458515283905
2022-07-19T19:45-07:00,0.711646366497885
2022-07-19T20:00-07:00,0.6716929403701228
2022-07-19T20:15-07:00,0.6705898453537766
2022-07-19T20:30-07:00,0.657354149548069
2022-07-19T20:45-07:00,0.711646366497885
2022-07-19T21:00-07:00,0.657354149548069
2022-07-19T21:15-07:00,0.6981519507186859
2022-07-19T21:30-07:00,0.6703146374829064
2022-07-19T21:45-07:00,0.6451612903225744
2022-07-19T22:00-07:00,0.6730769230769293
2022-07-19T22:15-07:00,0.6034837470854415
2022-07-19T22:30-07:00,0.6165228113440198
2022-07-19T22:45-07:00,0.6425153793574784
2022-07-19T23:00-07:00,0.6017505470459455
2022-07-19T23:15-07:00,0.6180469715698393
2022-07-19T23:30-07:00,0.5632641846407411
2022-07-19T23:45-07:00,0.604229607250749
2022-07-20T00:00-07:00,0.6188118811881188
2022-07-20T00:15-07:00,0.5879939833173863
2022-07-20T00:30-07:00,0.5749486652977412
2022-07-20T00:45-07:00,0.5754212905877517
2022-07-20T01:00-07:00,0.6295333242096682
2022-07-20T01:15-07:00,0.6132461161079313
2022-07-20T01:30-07:00,0.5785123966942148
2022-07-20T01:45-07:00,0.6316078539063635
2022-07-20T02:00-07:00,0.5904160373472533
2022-07-20T02:15-07:00,0.5634964266080201
2022-07-20T02:30-07:00,0.5766062602965404
2022-07-20T02:45-07:00,0.5896873285792712
2022-07-20T03:00-07:00,0.5887185104052637
2022-07-20T03:15-07:00,0.6170300287947347
2022-07-20T03:30-07:00,0.5904160373472533
2022-07-20T03:45-07:00,0.6305688827964422
2022-07-20T04:00-07:00,0.5618747430450808
2022-07-20T04:15-07:00,0.6037321624588302
2022-07-20T04:30-07:00,0.5911465493538693
2022-07-20T04:45-07:00,0.605226960110035
2022-07-20T05:00-07:00,0.564194303013617
2022-07-20T05:15-07:00,0.5913904552331242
2022-07-20T05:30-07:00,0.6017505470459455
2022-07-20T05:45-07:00,0.6160164271047228
2022-07-20T06:00-07:00,0.5593451568894889
2022-07-20T06:15-07:00,0.6152584085315833
2022-07-20T06:30-07:00,0.6147540983606558
2022-07-20T06:45-07:00,0.6282436492761603
2022-07-20T07:00-07:00,0.5614131178967485
2022-07-20T07:15-07:00,0.5926130099228288
2022-07-20T07:30-07:00,0.5923680947789015
2022-07-20T07:45-07:00,0.5371900826446281
2022-07-20T08:00-07:00,0.5621058404167747
2022-07-20T08:15-07:00,0.5921233819884393
2022-07-20T08:30-07:00,0.5882352941176533
2022-07-20T08:45-07:00,0.5882352941176533
2022-07-20T09:00-07:00,0.602739726027391
2022-07-20T09:15-07:00,0.5872712373668459
2022-07-20T09:30-07:00,0.5740057400574006
2022-07-20T09:45-07:00,0.60150375939849
2022-07-20T10:00-07:00,0.5602623667668699
2022-07-20T10:15-07:00,0.5884768030655598
2022-07-20T10:30-07:00,0.5471956224350267
2022-07-20T10:45-07:00,0.5877528704210013
2022-07-20T11:00-07:00,0.6145022531749283
2022-07-20T11:15-07:00,0.6037321624588302
2022-07-20T11:30-07:00,0.5911465493538693
2022-07-20T11:45-07:00,0.5858310626703059
2022-07-20T12:00-07:00,0.6147540983606558
2022-07-20T12:15-07:00,0.6002728512960375
2022-07-20T12:30-07:00,0.6554690700532568
2022-07-20T12:45-07:00,0.6167763157894737
2022-07-20T13:00-07:00,0.6686681222707486
2022-07-20T13:15-07:00,0.6930289441500204
2022-07-20T13:30-07:00,0.6393687933614411
2022-07-20T13:45-07:00,0.5749486652977412
2022-07-20T14:00-07:00,0.5975825071302396
2022-07-20T14:15-07:00,0.5988023952095746
2022-07-20T14:30-07:00,0.6277292576419277
2022-07-20T14:45-07:00,0.6535947712418301
2022-07-20T15:00-07:00,0.6292749658002799
2022-07-20T15:15-07:00,0.6570841889117043
2022-07-20T15:30-07:00,0.5496770647244806
2022-07-20T15:45-07:00,0.6456930897101187
2022-07-20T16:00-07:00,0.6705898453537766
2022-07-20T16:15-07:00,0.6334343156155392
2022-07-20T16:30-07:00,0.6958657388456816
2022-07-20T16:45-07:00,0.6256800870511487
2022-07-20T17:00-07:00,0.6147540983606558
2022-07-20T17:15-07:00,0.6393687933614411
2022-07-20T17:30-07:00,0.6427789934354423
2022-07-20T17:45-07:00,0.6840881105486324
2022-07-20T18:00-07:00,0.6560065600656007
2022-07-20T18:15-07:00,0.6854949273375315
2022-07-20T18:30-07:00,0.6840881105486324
2022-07-20T18:45-07:00,0.6832467887400867
2022-07-20T19:00-07:00,0.6967213114754098
2022-07-20T19:15-07:00,0.6722458499108308
2022-07-20T19:30-07:00,0.6459593183067557
2022-07-20T19:45-07:00,0.6175380815150268
2022-07-20T20:00-07:00,0.6326502544354347
2022-07-20T20:15-07:00,0.6425153793574784
2022-07-20T20:30-07:00,0.6600660066006601
2022-07-20T20:45-07:00,0.6185567010309279
2022-07-20T21:00-07:00,0.604229607250749
2022-07-20T21:15-07:00,0.629791894852142
2022-07-20T21:30-07:00,0.6029875291215505
2022-07-20T21:45-07:00,0.6562756357670222
2022-07-20T22:00-07:00,0.5923680947789015
2022-07-20T22:15-07:00,0.6029875291215505
2022-07-20T22:30-07:00,0.6318681318681382
2022-07-20T22:45-07:00,0.6292749658002799
2022-07-20T23:00-07:00,0.561643835616432
2022-07-20T23:15-07:00,0.603235536057027
2022-07-20T23:30-07:00,0.6017505470459455
2022-07-20T23:45-07:00,0.5733005733005733
2022-07-21T00:00-07:00,0.5740057400574006
2022-07-21T00:15-07:00,0.6024921265233403
2022-07-21T00:30-07:00,0.6180469715698393
2022-07-21T00:45-07:00,0.602739726027391
2022-07-21T01:00-07:00,0.5514959327175025
2022-07-21T01:15-07:00,0.5371900826446281
2022-07-21T01:30-07:00,0.565127498277044
2022-07-21T01:45-07:00,0.6193228736581338
2022-07-21T02:00-07:00,0.5761316872427984
2022-07-21T02:15-07:00,0.5896873285792712
2022-07-21T02:30-07:00,0.6044786371754299
2022-07-21T02:45-07:00,0.5625686059275459
2022-07-21T03:00-07:00,0.5625686059275459
2022-07-21T03:15-07:00,0.5899300315544033
2022-07-21T03:30-07:00,0.604977313350743
2022-07-21T03:45-07:00,0.6047278724573879
2022-07-21T04:00-07:00,0.5906593406593469
2022-07-21T04:15-07:00,0.5782734407269723
2022-07-21T04:30-07:00,0.5787515502273667
2022-07-21T04:45-07:00,0.630309673883262
2022-07-21T05:00-07:00,0.6039807824296437
2022-07-21T05:15-07:00,0.5789909015715468
2022-07-21T05:30-07:00,0.5630321340291066
2022-07-21T05:45-07:00,0.6010107908755572
2022-07-21T06:00-07:00,0.5595741776989156
2022-07-21T06:15-07:00,0.5884768030655598
2022-07-21T06:30-07:00,0.5602623667668699
2022-07-21T06:45-07:00,0.6157635467980296
2022-07-21T07:00-07:00,0.60150375939849
2022-07-21T07:15-07:00,0.5887185104052637
2022-07-21T07:30-07:00,0.5316973415132924
2022-07-21T07:45-07:00,0.6034837470854415
2022-07-21T08:00-07:00,0.5625686059275459
2022-07-21T08:15-07:00,0.5474202819214514
2022-07-21T08:30-07:00,0.5865502659937315
2022-07-21T08:45-07:00,0.5744768157570784
2022-07-21T09:00-07:00,0.6267029972752106
2022-07-21T09:15-07:00,0.5332239540607056
2022-07-21T09:30-07:00,0.5456281544127739
2022-07-21T09:45-07:00,0.6157635467980296
2022-07-21T10:00-07:00,0.5454049631851712
2022-07-21T10:15-07:00,0.5471956224350267
2022-07-21T10:30-07:00,0.6000272739669923
2022-07-21T10:45-07:00,0.5730659025787965
2022-07-21T11:00-07:00,0.6155108740254411
2022-07-21T11:15-07:00,0.5918788713007633
2022-07-21T11:30-07:00,0.6034837470854415
2022-07-21T11:45-07:00,0.6378070294476801
2022-07-21T12:00-07:00,0.6024921265233403
2022-07-21T12:15-07:00,0.6287588846364196
2022-07-21T12:30-07:00,0.6733544042874874
2022-07-21T12:45-07:00,0.648365291764375
2022-07-21T13:00-07:00,0.6285011613608479
2022-07-21T13:15-07:00,0.6261911244214601
2022-07-21T13:30-07:00,0.6007646095029976
2022-07-21T13:45-07:00,0.6538618716796076
2022-07-21T14:00-07:00,0.6145022531749283
2022-07-21T14:15-07:00,0.6017505470459455
2022-07-21T14:30-07:00,0.6142506142506142
2022-07-21T14:45-07:00,0.5775577557755776
2022-07-21T15:00-07:00,0.6279863481228731
2022-07-21T15:15-07:00,0.60150375939849
2022-07-21T15:30-07:00,0.6142506142506142
2022-07-21T15:45-07:00,0.5637288601677374
2022-07-21T16:00-07:00,0.5911465493538693
2022-07-21T16:15-07:00,0.6331727460426766
2022-07-21T16:30-07:00,0.6037321624588302
2022-07-21T16:45-07:00,0.6459593183067557
2022-07-21T17:00-07:00,0.6860592755213988
2022-07-21T17:15-07:00,0.6175380815150268
2022-07-21T17:30-07:00,0.6152584085315833
2022-07-21T17:45-07:00,0.6034837470854415
2022-07-21T18:00-07:00,0.6705898453537766
2022-07-21T18:15-07:00,0.6170300287947347
2022-07-21T18:30-07:00,0.5892025212387018
2022-07-21T18:45-07:00,0.6422519814156811
2022-07-21T19:00-07:00,0.6039807824296437
2022-07-21T19:15-07:00,0.6292749658002799
2022-07-21T19:30-07:00,0.6054768129902235
2022-07-21T19:45-07:00,0.6300506779893228
2022-07-21T20:00-07:00,0.6290168193627849
2022-07-21T20:15-07:00,0.6012571740912755
2022-07-21T20:30-07:00,0.6300506779893228
2022-07-21T20:45-07:00,0.6012571740912755
2022-07-21T21:00-07:00,0.6554690700532568
2022-07-21T21:15-07:00,0.6427789934354423
2022-07-21T21:30-07:00,0.6435711351499321
2022-07-21T21:45-07:00,0.6007646095029976
2022-07-21T22:00-07:00,0.5879939833173863
2022-07-21T22:15-07:00,0.5892025212387018
2022-07-21T22:30-07:00,0.5884768030655598
2022-07-21T22:45-07:00,0.6282436492761603
2022-07-21T23:00-07:00,0.6022447303586032
2022-07-21T23:15-07:00,0.6438356164383499
2022-07-21T23:30-07:00,0.6195786864931846
2022-07-21T23:45-07:00,0.6177924217462932
2022-07-22T00:00-07:00,0.6318681318681382
2022-07-22T00:15-07:00,0.5625686059275459
2022-07-22T00:30-07:00,0.5514959327175025
2022-07-22T00:45-07:00,0.607483087118591
2022-07-22T01:00-07:00,0.5517241379310408
2022-07-22T01:15-07:00,0.6203473945409429
2022-07-22T01:30-07:00,0.604229607250749
2022-07-22T01:45-07:00,0.5892025212387018
2022-07-22T02:00-07:00,0.6162695152013147
2022-07-22T02:15-07:00,0.6305688827964422
2022-07-22T02:30-07:00,0.5618747430450808
2022-07-22T02:45-07:00,0.6017505470459455
2022-07-22T03:00-07:00,0.5735354362965998
2022-07-22T03:15-07:00,0.6147540983606558
2022-07-22T03:30-07:00,0.5884768030655598
2022-07-22T03:45-07:00,0.6422519814156811
2022-07-22T04:00-07:00,0.5875119551851409
2022-07-22T04:15-07:00,0.561643835616432
2022-07-22T04:30-07:00,0.6172839506172839
2022-07-22T04:45-07:00,0.5758946935417524
2022-07-22T05:00-07:00,0.6039807824296437
2022-07-22T05:15-07:00,0.5877528704210013
2022-07-22T05:30-07:00,0.5609522506498774
2022-07-22T05:45-07:00,0.5754212905877517
2022-07-22T06:00-07:00,0.5740057400574006
2022-07-22T06:15-07:00,0.6022447303586032
2022-07-22T06:30-07:00,0.5995367216241932
2022-07-22T06:45-07:00,0.5730659025787965
2022-07-22T07:00-07:00,0.5877528704210013
2022-07-22T07:15-07:00,0.6002728512960375
2022-07-22T07:30-07:00,0.564194303013617
2022-07-22T07:45-07:00,0.5330053300533005
2022-07-22T08:00-07:00,0.5735354362965998
2022-07-22T08:15-07:00,0.5995367216241932
2022-07-22T08:30-07:00,0.6012571740912755
2022-07-22T08:45-07:00,0.6029875291215505
2022-07-22T09:00-07:00,0.5600327824067688
2022-07-22T09:15-07:00,0.5319148936170213
2022-07-22T09:30-07:00,0.5609522506498774
2022-07-22T09:45-07:00,0.5607221006564489
2022-07-22T10:00-07:00,0.5604921394395016
2022-07-22T10:15-07:00,0.5730659025787965
2022-07-22T10:30-07:00,0.5584309452465206
2022-07-22T10:45-07:00,0.5887185104052637
2022-07-22T11:00-07:00,0.5224804069847317
2022-07-22T11:15-07:00,0.5447364837260038
2022-07-22T11:30-07:00,0.5469711472719877
2022-07-22T11:45-07:00,0.6007646095029976
2022-07-22T12:00-07:00,0.5882352941176533
2022-07-22T12:15-07:00,0.5476451259583852
2022-07-22T12:30-07:00,0.5716619028174765
2022-07-22T12:45-07:00,0.5438477226376677
2022-07-22T13:00-07:00,0.5173587474472368
2022-07-22T13:15-07:00,0.5485463521667644
2022-07-22T13:30-07:00,0.5465227490094338
2022-07-22T13:45-07:00,0.5323505323505323
2022-07-22T14:00-07:00,0.5879939833173863
2022-07-22T14:15-07:00,0.547870154773325
2022-07-22T14:30-07:00,0.5485463521667644
2022-07-22T14:45-07:00,0.6160164271047228
2022-07-22T15:00-07:00,0.6264469562849034
2022-07-22T15:15-07:00,0.6000272739669923
2022-07-22T15:30-07:00,0.5894448252227615
2022-07-22T15:45-07:00,0.5763688760806917
2022-07-22T16:00-07:00,0.6142506142506142
2022-07-22T16:15-07:00,0.5607221006564489
2022-07-22T16:30-07:00,0.630309673883262
2022-07-22T16:45-07:00,0.6435711351499321
2022-07-22T17:00-07:00,0.6162695152013147
2022-07-22T17:15-07:00,0.6172839506172839
2022-07-22T17:30-07:00,0.6047278724573879
2022-07-22T17:45-07:00,0.6292749658002799
2022-07-22T18:00-07:00,0.5911465493538693
2022-07-22T18:15-07:00,0.6425153793574784
2022-07-22T18:30-07:00,0.6318681318681382
2022-07-22T18:45-07:00,0.6157635467980296
2022-07-22T19:00-07:00,0.6443652316972792
2022-07-22T19:15-07:00,0.64675932296683
2022-07-22T19:30-07:00,0.6316078539063635
2022-07-22T19:45-07:00,0.6175380815150268
2022-07-22T20:00-07:00,0.6446303662049039
2022-07-22T20:15-07:00,0.658165364047717
2022-07-22T20:30-07:00,0.5921233819884393
2022-07-22T20:45-07:00,0.5882352941176533
2022-07-22T21:00-07:00,0.6155108740254411
2022-07-22T21:15-07:00,0.6172839506172839
2022-07-22T21:30-07:00,0.6167763157894737
2022-07-22T21:45-07:00,0.6147540983606558
2022-07-22T22:00-07:00,0.6157635467980296
2022-07-22T22:15-07:00,0.6044786371754299
2022-07-22T22:30-07:00,0.57684384013185
2022-07-22T22:45-07:00,0.5904160373472533
2022-07-22T23:00-07:00,0.5618747430450808
2022-07-22T23:15-07:00,0.5747126436781609
2022-07-22T23:30-07:00,0.5474202819214514
2022-07-22T23:45-07:00,0.5877528704210013
2022-07-23T00:00-07:00,0.6019975372827958
2022-07-23T00:15-07:00,0.602739726027391
2022-07-23T00:30-07:00,0.6064782908339014
2022-07-23T00:45-07:00,0.6183017312448474
2022-07-23T01:00-07:00,0.6039807824296437
2022-07-23T01:15-07:00,0.5751848808545604
2022-07-23T01:30-07:00,0.5505849965588501
2022-07-23T01:45-07:00,0.5763688760806917
2022-07-23T02:00-07:00,0.6175380815150268
2022-07-23T02:15-07:00,0.6039807824296437
2022-07-23T02:30-07:00,0.6037321624588302
2022-07-23T02:45-07:00,0.6167763157894737
2022-07-23T03:00-07:00,0.6157635467980296
2022-07-23T03:15-07:00,0.6024921265233403
2022-07-23T03:30-07:00,0.6195786864931846
2022-07-23T03:45-07:00,0.605226960110035
2022-07-23T04:00-07:00,0.5639614855570776
2022-07-23T04:15-07:00,0.564194303013617
2022-07-23T04:30-07:00,0.605226960110035
2022-07-23T04:45-07:00,0.6054768129902235
2022-07-23T05:00-07:00,0.5777961205117623
2022-07-23T05:15-07:00,0.5906593406593469
2022-07-23T05:30-07:00,0.562800274536713
2022-07-23T05:45-07:00,0.6054768129902235
2022-07-23T06:00-07:00,0.5787515502273667
2022-07-23T06:15-07:00,0.6037321624588302
2022-07-23T06:30-07:00,0.5889604163813239
2022-07-23T06:45-07:00,0.6034837470854415
2022-07-23T07:00-07:00,0.6167763157894737
2022-07-23T07:15-07:00,0.5911465493538693
2022-07-23T07:30-07:00,0.5634964266080201
2022-07-23T07:45-07:00,0.5330053300533005
2022-07-23T08:00-07:00,0.547870154773325
2022-07-23T08:15-07:00,0.5618747430450808
2022-07-23T08:30-07:00,0.5351996706463565
2022-07-23T08:45-07:00,0.5773195876288659
2022-07-23T09:00-07:00,0.5782734407269723
2022-07-23T09:15-07:00,0.4816292830604038
2022-07-23T09:30-07:00,0.5785123966942148
2022-07-23T09:45-07:00,0.5334427574887156
2022-07-23T10:00-07:00,0.5990469707283804
2022-07-23T10:15-07:00,0.5716619028174765
2022-07-23T10:30-07:00,0.586070601063111
2022-07-23T10:45-07:00,0.5877528704210013
2022-07-23T11:00-07:00,0.5209761447765224
2022-07-23T11:15-07:00,0.5625686059275459
2022-07-23T11:30-07:00,0.5209761447765224
2022-07-23T11:45-07:00,0.5992917461182177
2022-07-23T12:00-07:00,0.5707297187117815
2022-07-23T12:15-07:00,0.6132461161079313
2022-07-23T12:30-07:00,0.5735354362965998
2022-07-23T12:45-07:00,0.5990469707283804
2022-07-23T13:00-07:00,0.584397934221262
2022-07-23T13:15-07:00,0.6107491856677525
2022-07-23T13:30-07:00,0.6264469562849034
2022-07-23T13:45-07:00,0.6414630817524163
2022-07-23T14:00-07:00,0.6279863481228731
2022-07-23T14:15-07:00,0.6310879407326171
2022-07-23T14:30-07:00,0.5980698654342741
2022-07-23T14:45-07:00,0.6102522375915378
2022-07-23T15:00-07:00,0.6522625356706074
2022-07-23T15:15-07:00,0.6667573819567351
2022-07-23T15:30-07:00,0.5858310626703059
2022-07-23T15:45-07:00,0.6127450980392157
2022-07-23T16:00-07:00,0.6404142253712978
2022-07-23T16:15-07:00,0.6419887993443456
2022-07-23T16:30-07:00,0.6419887993443456
2022-07-23T16:45-07:00,0.6269592476489091
2022-07-23T17:00-07:00,0.69359445124439
2022-07-23T17:15-07:00,0.6152584085315833
2022-07-23T17:30-07:00,0.6417258328782024
2022-07-23T17:45-07:00,0.6947282386595831
2022-07-23T18:00-07:00,0.6305688827964422
2022-07-23T18:15-07:00,0.6430428239157141
2022-07-23T18:30-07:00,0.6150061500615006
2022-07-23T18:45-07:00,0.6549324600900532
2022-07-23T19:00-07:00,0.6425153793574784
2022-07-23T19:15-07:00,0.6310879407326171
2022-07-23T19:30-07:00,0.6589785831960461
2022-07-23T19:45-07:00,0.6282436492761603
2022-07-23T20:00-07:00,0.6321286244331518
2022-07-23T20:15-07:00,0.6034837470854415
2022-07-23T20:30-07:00,0.6180469715698393
2022-07-23T20:45-07:00,0.6177924217462932
2022-07-23T21:00-07:00,0.6438356164383499
2022-07-23T21:15-07:00,0.6012571740912755
2022-07-23T21:30-07:00,0.6703146374829064
2022-07-23T21:45-07:00,0.6552006552006552
2022-07-23T22:00-07:00,0.5877528704210013
2022-07-23T22:15-07:00,0.6177924217462932
2022-07-23T22:30-07:00,0.6037321624588302
2022-07-23T22:45-07:00,0.6300506779893228
2022-07-23T23:00-07:00,0.5740057400574006
2022-07-23T23:15-07:00,0.6530612244897959
2022-07-23T23:30-07:00,0.5773195876288659
2022-07-23T23:45-07:00,0.6456930897101187
2022-07-24T00:00-07:00,0.603235536057027
2022-07-24T00:15-07:00,0.6334343156155392
2022-07-24T00:30-07:00,0.6188118811881188
2022-07-24T00:45-07:00,0.6155108740254411
2022-07-24T01:00-07:00,0.6546644844517185
2022-07-24T01:15-07:00,0.6538618716796076
2022-07-24T01:30-07:00,0.627215707662946
2022-07-24T01:45-07:00,0.6190672719768882
2022-07-24T02:00-07:00,0.6454270804723914
2022-07-24T02:15-07:00,0.5899300315544033
2022-07-24T02:30-07:00,0.6326502544354347
2022-07-24T02:45-07:00,0.6180469715698393
2022-07-24T03:00-07:00,0.6454270804723914
2022-07-24T03:15-07:00,0.6044786371754299
2022-07-24T03:30-07:00,0.5909028445788163
2022-07-24T03:45-07:00,0.604229607250749
2022-07-24T04:00-07:00,0.604229607250749
2022-07-24T04:15-07:00,0.5777961205117623
2022-07-24T04:30-07:00,0.5780346820809249
2022-07-24T04:45-07:00,0.5782734407269723
2022-07-24T05:00-07:00,0.6062276109120907
2022-07-24T05:15-07:00,0.5926130099228288
2022-07-24T05:30-07:00,0.6059771381352368
2022-07-24T05:45-07:00,0.6044786371754299
2022-07-24T06:00-07:00,0.6175380815150268
2022-07-24T06:15-07:00,0.657354149548069
2022-07-24T06:30-07:00,0.6017505470459455
2022-07-24T06:45-07:00,0.6285011613608479
2022-07-24T07:00-07:00,0.6417258328782024
2022-07-24T07:15-07:00,0.6560065600656007
2022-07-24T07:30-07:00,0.6438356164383499
2022-07-24T07:45-07:00,0.6305688827964422
2022-07-24T08:00-07:00,0.6175380815150268
2022-07-24T08:15-07:00,0.6287588846364196
2022-07-24T08:30-07:00,0.5887185104052637
2022-07-24T08:45-07:00,0.6714168265278221
2022-07-24T09:00-07:00,0.6295333242096682
2022-07-24T09:15-07:00,0.6162695152013147
2022-07-24T09:30-07:00,0.6022447303586032
2022-07-24T09:45-07:00,0.603235536057027
2022-07-24T10:00-07:00,0.6300506779893228
2022-07-24T10:15-07:00,0.5894448252227615
2022-07-24T10:30-07:00,0.590172934394736
2022-07-24T10:45-07:00,0.6414630817524163
2022-07-24T11:00-07:00,0.6274723775746891
2022-07-24T11:15-07:00,0.6282436492761603
2022-07-24T11:30-07:00,0.6157635467980296
2022-07-24T11:45-07:00,0.5872712373668459
2022-07-24T12:00-07:00,0.6162695152013147
2022-07-24T12:15-07:00,0.6703146374829064
2022-07-24T12:30-07:00,0.5474202819214514
2022-07-24T12:45-07:00,0.6285011613608479
2022-07-24T13:00-07:00,0.6380667933749599
2022-07-24T13:15-07:00,0.6132461161079313
2022-07-24T13:30-07:00,0.6659418320195768
2022-07-24T13:45-07:00,0.6535947712418301
2022-07-24T14:00-07:00,0.6552006552006552
2022-07-24T14:15-07:00,0.6565449322938038
2022-07-24T14:30-07:00,0.6157635467980296
2022-07-24T14:45-07:00,0.6686681222707486
2022-07-24T15:00-07:00,0.667847894234707
2022-07-24T15:15-07:00,0.6838074398249391
2022-07-24T15:30-07:00,0.6835269993164668
2022-07-24T15:45-07:00,0.6568144499178982
2022-07-24T16:00-07:00,0.6821282401091343
2022-07-24T16:15-07:00,0.6546644844517185
2022-07-24T16:30-07:00,0.6414630817524163
2022-07-24T16:45-07:00,0.6970069700697007
2022-07-24T17:00-07:00,0.6826870562534072
2022-07-24T17:15-07:00,0.6846501437765239
2022-07-24T17:30-07:00,0.6427789934354423
2022-07-24T17:45-07:00,0.7098976109215079
2022-07-24T18:00-07:00,0.667847894234707
2022-07-24T18:15-07:00,0.669490367536555
2022-07-24T18:30-07:00,0.6287588846364196
2022-07-24T18:45-07:00,0.6300506779893228
2022-07-24T19:00-07:00,0.6414630817524163
2022-07-24T19:15-07:00,0.6409382244647421
2022-07-24T19:30-07:00,0.6843690117711407
2022-07-24T19:45-07:00,0.6549324600900532
2022-07-24T20:00-07:00,0.6673021925643532
2022-07-24T20:15-07:00,0.6198347107438017
2022-07-24T20:30-07:00,0.6316078539063635
2022-07-24T20:45-07:00,0.6422519814156811
2022-07-24T21:00-07:00,0.6554690700532568
2022-07-24T21:15-07:00,0.6821282401091343
2022-07-24T21:30-07:00,0.6818491749624921
2022-07-24T21:45-07:00,0.6703146374829064
2022-07-24T22:00-07:00,0.6600660066006601
2022-07-24T22:15-07:00,0.6404142253712978
2022-07-24T22:30-07:00,0.6459593183067557
2022-07-24T22:45-07:00,0.6185567010309279
2022-07-24T23:00-07:00,0.6448957189901144
2022-07-24T23:15-07:00,0.6180469715698393
2022-07-24T23:30-07:00,0.5904160373472533
2022-07-24T23:45-07:00,0.604229607250749
2022-07-25T00:00-07:00,0.6570841889117043
2022-07-25T00:15-07:00,0.6730769230769293
2022-07-25T00:30-07:00,0.6446303662049039
2022-07-25T00:45-07:00,0.6310879407326171
2022-07-25T01:00-07:00,0.630309673883262
2022-07-25T01:15-07:00,0.6705898453537766
2022-07-25T01:30-07:00,0.6448957189901144
2022-07-25T01:45-07:00,0.6180469715698393
2022-07-25T02:00-07:00,0.6037321624588302
2022-07-25T02:15-07:00,0.6733544042874874
2022-07-25T02:30-07:00,0.6614303431169904
2022-07-25T02:45-07:00,0.6339581036383746
2022-07-25T03:00-07:00,0.6313477902827402
2022-07-25T03:15-07:00,0.6576243321002877
2022-07-25T03:30-07:00,0.657354149548069
2022-07-25T03:45-07:00,0.6722458499108308
2022-07-25T04:00-07:00,0.6313477902827402
2022-07-25T04:15-07:00,0.6464924346629923
2022-07-25T04:30-07:00,0.64675932296683
2022-07-25T04:45-07:00,0.6310879407326171
2022-07-25T05:00-07:00,0.6180469715698393
2022-07-25T05:15-07:00,0.6446303662049039
2022-07-25T05:30-07:00,0.6448957189901144
2022-07-25T05:45-07:00,0.6595218466611706
2022-07-25T06:00-07:00,0.6448957189901144
2022-07-25T06:15-07:00,0.6175380815150268
2022-07-25T06:30-07:00,0.6172839506172839
2022-07-25T06:45-07:00,0.6329113924050696
2022-07-25T07:00-07:00,0.6177924217462932
2022-07-25T07:15-07:00,0.5926130099228288
2022-07-25T07:30-07:00,0.5918788713007633
2022-07-25T07:45-07:00,0.5777961205117623
2022-07-25T08:00-07:00,0.5728314238952537
2022-07-25T08:15-07:00,0.6552006552006552
2022-07-25T08:30-07:00,0.6277292576419277
2022-07-25T08:45-07:00,0.6157635467980296
2022-07-25T09:00-07:00,0.6703146374829064
2022-07-25T09:15-07:00,0.6165228113440198
2022-07-25T09:30-07:00,0.6264469562849034
2022-07-25T09:45-07:00,0.6269592476489091
2022-07-25T10:00-07:00,0.586070601063111
2022-07-25T10:15-07:00,0.6017505470459455
2022-07-25T10:30-07:00,0.6155108740254411
2022-07-25T10:45-07:00,0.6122448979591837
2022-07-25T11:00-07:00,0.6122448979591837
2022-07-25T11:15-07:00,0.6134969325153374
2022-07-25T11:30-07:00,0.6142506142506142
2022-07-25T11:45-07:00,0.629791894852142
2022-07-25T12:00-07:00,0.6514657980456026
2022-07-25T12:15-07:00,0.6414630817524163
2022-07-25T12:30-07:00,0.6285011613608479
2022-07-25T12:45-07:00,0.6039807824296437
2022-07-25T13:00-07:00,0.6562756357670222
2022-07-25T13:15-07:00,0.6404142253712978
2022-07-25T13:30-07:00,0.6790710308298186
2022-07-25T13:45-07:00,0.6425153793574784
2022-07-25T14:00-07:00,0.6409382244647421
2022-07-25T14:15-07:00,0.6422519814156811
2022-07-25T14:30-07:00,0.6705898453537766
2022-07-25T14:45-07:00,0.6576243321002877
2022-07-25T15:00-07:00,0.6686681222707486
2022-07-25T15:15-07:00,0.6815703380588815
2022-07-25T15:30-07:00,0.6944444444444444
2022-07-25T15:45-07:00,0.6961506961506961
2022-07-25T16:00-07:00,0.7493188010899245
2022-07-25T16:15-07:00,0.7263258873509598
2022-07-25T16:30-07:00,0.6692160611854747
2022-07-25T16:45-07:00,0.6824075337791666
2022-07-25T17:00-07:00,0.6835269993164668
2022-07-25T17:15-07:00,0.6419887993443456
2022-07-25T17:30-07:00,0.7416563658838071
2022-07-25T17:45-07:00,0.711938663745899
2022-07-25T18:00-07:00,0.6552006552006552
2022-07-25T18:15-07:00,0.6697648988518379
2022-07-25T18:30-07:00,0.7096069868995696
2022-07-25T18:45-07:00,0.6350082827167374
2022-07-25T19:00-07:00,0.6716929403701228
2022-07-25T19:15-07:00,0.6846501437765239
2022-07-25T19:30-07:00,0.6964358869315854
2022-07-25T19:45-07:00,0.6852131012744901
2022-07-25T20:00-07:00,0.7272228320526831
2022-07-25T20:15-07:00,0.6990131578947368
2022-07-25T20:30-07:00,0.6300506779893228
2022-07-25T20:45-07:00,0.7260273972602677
2022-07-25T21:00-07:00,0.6975789905621665
2022-07-25T21:15-07:00,0.6950122649223222
2022-07-25T21:30-07:00,0.6480970766684989
2022-07-25T21:45-07:00,0.6464924346629923
2022-07-25T22:00-07:00,0.6589785831960461
2022-07-25T22:15-07:00,0.6203473945409429
2022-07-25T22:30-07:00,0.6730769230769293
2022-07-25T22:45-07:00,0.6597938144329897
2022-07-25T23:00-07:00,0.6857769853243663
2022-07-25T23:15-07:00,0.6425153793574784
2022-07-25T23:30-07:00,0.6584362139917695
2022-07-25T23:45-07:00,0.6062276109120907
2022-07-26T00:00-07:00,0.6608839322593969
2022-07-26T00:15-07:00,0.6180469715698393
2022-07-26T00:30-07:00,0.6606110652353427
2022-07-26T00:45-07:00,0.6480970766684989
2022-07-26T01:00-07:00,0.682966807813134
2022-07-26T01:15-07:00,0.6578947368421053
2022-07-26T01:30-07:00,0.6441003151980204
2022-07-26T01:45-07:00,0.6568144499178982
2022-07-26T02:00-07:00,0.6568144499178982
2022-07-26T02:15-07:00,0.6835269993164668
2022-07-26T02:30-07:00,0.682966807813134
2022-07-26T02:45-07:00,0.6686681222707486
2022-07-26T03:00-07:00,0.6824075337791666
2022-07-26T03:15-07:00,0.6967213114754098
2022-07-26T03:30-07:00,0.6425153793574784
2022-07-26T03:45-07:00,0.6975789905621665
2022-07-26T04:00-07:00,0.6570841889117043
2022-07-26T04:15-07:00,0.6560065600656007
2022-07-26T04:30-07:00,0.6703146374829064
2022-07-26T04:45-07:00,0.630309673883262
2022-07-26T05:00-07:00,0.6730769230769293
2022-07-26T05:15-07:00,0.6614303431169904
2022-07-26T05:30-07:00,0.6683944891556467
2022-07-26T05:45-07:00,0.6705898453537766
2022-07-26T06:00-07:00,0.6664853101197016
2022-07-26T06:15-07:00,0.6722458499108308
2022-07-26T06:30-07:00,0.6568144499178982
2022-07-26T06:45-07:00,0.6568144499178982
2022-07-26T07:00-07:00,0.6730769230769293
2022-07-26T07:15-07:00,0.6446303662049039
2022-07-26T07:30-07:00,0.6869075422448075
2022-07-26T07:45-07:00,0.6869075422448075
2022-07-26T08:00-07:00,0.657354149548069
2022-07-26T08:15-07:00,0.6589785831960461
2022-07-26T08:30-07:00,0.6329113924050696
2022-07-26T08:45-07:00,0.6697648988518379
2022-07-26T09:00-07:00,0.6538618716796076
2022-07-26T09:15-07:00,0.627215707662946
2022-07-26T09:30-07:00,0.6527947776417788
2022-07-26T09:45-07:00,0.6546644844517185
2022-07-26T10:00-07:00,0.6546644844517185
2022-07-26T10:15-07:00,0.669490367536555
2022-07-26T10:30-07:00,0.6560065600656007
2022-07-26T10:45-07:00,0.6683944891556467
2022-07-26T11:00-07:00,0.6549324600900532
2022-07-26T11:15-07:00,0.6826870562534072
2022-07-26T11:30-07:00,0.6697648988518379
2022-07-26T11:45-07:00,0.6300506779893228
2022-07-26T12:00-07:00,0.6818491749624921
2022-07-26T12:15-07:00,0.6292749658002799
2022-07-26T12:30-07:00,0.6287588846364196
2022-07-26T12:45-07:00,0.6716929403701228
2022-07-26T13:00-07:00,0.6947282386595831
2022-07-26T13:15-07:00,0.6832467887400867
2022-07-26T13:30-07:00,0.60150375939849
2022-07-26T13:45-07:00,0.6279863481228731
2022-07-26T14:00-07:00,0.6427789934354423
2022-07-26T14:15-07:00,0.6815703380588815
2022-07-26T14:30-07:00,0.6952965235173824
2022-07-26T14:45-07:00,0.6538618716796076
2022-07-26T15:00-07:00,0.7218741487333089
2022-07-26T15:15-07:00,0.6552006552006552
2022-07-26T15:30-07:00,0.6692160611854747
2022-07-26T15:45-07:00,0.6964358869315854
2022-07-26T16:00-07:00,0.6565449322938038
2022-07-26T16:15-07:00,0.6570841889117043
2022-07-26T16:30-07:00,0.6970069700697007
2022-07-26T16:45-07:00,0.6419887993443456
2022-07-26T17:00-07:00,0.6972928630024611
2022-07-26T17:15-07:00,0.6955810147299509
2022-07-26T17:30-07:00,0.6981519507186859
2022-07-26T17:45-07:00,0.6587072869493619
2022-07-26T18:00-07:00,0.6849315068493088
2022-07-26T18:15-07:00,0.6692160611854747
2022-07-26T18:30-07:00,0.6722458499108308
2022-07-26T18:45-07:00,0.6993006993006993
2022-07-26T19:00-07:00,0.7107709130672561
2022-07-26T19:15-07:00,0.6860592755213988
2022-07-26T19:30-07:00,0.6576243321002877
2022-07-26T19:45-07:00,0.6812917291184023
2022-07-26T20:00-07:00,0.6614303431169904
2022-07-26T20:15-07:00,0.6722458499108308
2022-07-26T20:30-07:00,0.6177924217462932
2022-07-26T20:45-07:00,0.6292749658002799
2022-07-26T21:00-07:00,0.6978653530377669
2022-07-26T21:15-07:00,0.6589785831960461
2022-07-26T21:30-07:00,0.6866245536940339
2022-07-26T21:45-07:00,0.657354149548069
2022-07-26T22:00-07:00,0.6433068710648719
2022-07-26T22:15-07:00,0.6557377049180327
2022-07-26T22:30-07:00,0.6183017312448474
2022-07-26T22:45-07:00,0.5904160373472533
2022-07-26T23:00-07:00,0.6438356164383499
2022-07-26T23:15-07:00,0.5877528704210013
2022-07-26T23:30-07:00,0.6279863481228731
2022-07-26T23:45-07:00,0.6012571740912755
2022-07-27T00:00-07:00,0.604977313350743
2022-07-27T00:15-07:00,0.6854949273375315
2022-07-27T00:30-07:00,0.6310879407326171
2022-07-27T00:45-07:00,0.6443652316972792
2022-07-27T01:00-07:00,0.6993006993006993
2022-07-27T01:15-07:00,0.630309673883262
2022-07-27T01:30-07:00,0.6576243321002877
2022-07-27T01:45-07:00,0.6160164271047228
2022-07-27T02:00-07:00,0.6425153793574784
2022-07-27T02:15-07:00,0.6427789934354423
2022-07-27T02:30-07:00,0.6554690700532568
2022-07-27T02:45-07:00,0.6714168265278221
2022-07-27T03:00-07:00,0.6441003151980204
2022-07-27T03:15-07:00,0.6022447303586032
2022-07-27T03:30-07:00,0.6316078539063635
2022-07-27T03:45-07:00,0.6722458499108308
2022-07-27T04:00-07:00,0.6733544042874874
2022-07-27T04:15-07:00,0.6600660066006601
2022-07-27T04:30-07:00,0.7125239791723823
2022-07-27T04:45-07:00,0.6846501437765239
2022-07-27T05:00-07:00,0.6308283049917781
2022-07-27T05:15-07:00,0.6316078539063635
2022-07-27T05:30-07:00,0.6456930897101187
2022-07-27T05:45-07:00,0.6846501437765239
2022-07-27T06:00-07:00,0.6568144499178982
2022-07-27T06:15-07:00,0.6711409395973217
2022-07-27T06:30-07:00,0.6565449322938038
2022-07-27T06:45-07:00,0.6435711351499321
2022-07-27T07:00-07:00,0.6719692814042849
2022-07-27T07:15-07:00,0.6438356164383499
2022-07-27T07:30-07:00,0.6565449322938038
2022-07-27T07:45-07:00,0.6295333242096682
2022-07-27T08:00-07:00,0.6022447303586032
2022-07-27T08:15-07:00,0.6451612903225744
2022-07-27T08:30-07:00,0.6177924217462932
2022-07-27T08:45-07:00,0.6595218466611706
2022-07-27T09:00-07:00,0.602739726027391
2022-07-27T09:15-07:00,0.6019975372827958
2022-07-27T09:30-07:00,0.5758946935417524
2022-07-27T09:45-07:00,0.6160164271047228
2022-07-27T10:00-07:00,0.5990469707283804
2022-07-27T10:15-07:00,0.6002728512960375
2022-07-27T10:30-07:00,0.6285011613608479
2022-07-27T10:45-07:00,0.6264469562849034
2022-07-27T11:00-07:00,0.6134969325153374
2022-07-27T11:15-07:00,0.6264469562849034
2022-07-27T11:30-07:00,0.6530612244897959
2022-07-27T11:45-07:00,0.6292749658002799
2022-07-27T12:00-07:00,0.6134969325153374
2022-07-27T12:15-07:00,0.5875119551851409
2022-07-27T12:30-07:00,0.6451612903225744
2022-07-27T12:45-07:00,0.6177924217462932
2022-07-27T13:00-07:00,0.6188118811881188
2022-07-27T13:15-07:00,0.6244061354689895
2022-07-27T13:30-07:00,0.6401525469899148
2022-07-27T13:45-07:00,0.6282436492761603
2022-07-27T14:00-07:00,0.6401525469899148
2022-07-27T14:15-07:00,0.6557377049180327
2022-07-27T14:30-07:00,0.6145022531749283
2022-07-27T14:45-07:00,0.6157635467980296
2022-07-27T15:00-07:00,0.5865502659937315
2022-07-27T15:15-07:00,0.6279863481228731
2022-07-27T15:30-07:00,0.6274723775746891
2022-07-27T15:45-07:00,0.629791894852142
2022-07-27T16:00-07:00,0.6689419795221906
2022-07-27T16:15-07:00,0.6681210799018333
2022-07-27T16:30-07:00,0.6689419795221906
2022-07-27T16:45-07:00,0.6427789934354423
2022-07-27T17:00-07:00,0.6409382244647421
2022-07-27T17:15-07:00,0.6292749658002799
2022-07-27T17:30-07:00,0.6155108740254411
2022-07-27T17:45-07:00,0.6157635467980296
2022-07-27T18:00-07:00,0.6277292576419277
2022-07-27T18:15-07:00,0.6414630817524163
2022-07-27T18:30-07:00,0.6398910823689522
2022-07-27T18:45-07:00,0.6675749318801152
2022-07-27T19:00-07:00,0.6705898453537766
2022-07-27T19:15-07:00,0.6546644844517185
2022-07-27T19:30-07:00,0.6398910823689522
2022-07-27T19:45-07:00,0.6147540983606558
2022-07-27T20:00-07:00,0.6287588846364196
2022-07-27T20:15-07:00,0.6287588846364196
2022-07-27T20:30-07:00,0.6689419795221906
2022-07-27T20:45-07:00,0.6414630817524163
2022-07-27T21:00-07:00,0.667847894234707
2022-07-27T21:15-07:00,0.6139991813344249
2022-07-27T21:30-07:00,0.6142506142506142
2022-07-27T21:45-07:00,0.6414630817524163
2022-07-27T22:00-07:00,0.65439672801636
2022-07-27T22:15-07:00,0.6279863481228731
2022-07-27T22:30-07:00,0.6310879407326171
2022-07-27T22:45-07:00,0.5754212905877517
2022-07-27T23:00-07:00,0.6287588846364196
2022-07-27T23:15-07:00,0.5611825896523343
2022-07-27T23:30-07:00,0.5906593406593469
2022-07-27T23:45-07:00,0.6034837470854415
2022-07-28T00:00-07:00,0.603235536057027
2022-07-28T00:15-07:00,0.6313477902827402
2022-07-28T00:30-07:00,0.6290168193627849
2022-07-28T00:45-07:00,0.6587072869493619
2022-07-28T01:00-07:00,0.6305688827964422
2022-07-28T01:15-07:00,0.6441003151980204
2022-07-28T01:30-07:00,0.6321286244331518
2022-07-28T01:45-07:00,0.6323893318669296
2022-07-28T02:00-07:00,0.6316078539063635
2022-07-28T02:15-07:00,0.602739726027391
2022-07-28T02:30-07:00,0.6305688827964422
2022-07-28T02:45-07:00,0.6155108740254411
2022-07-28T03:00-07:00,0.6290168193627849
2022-07-28T03:15-07:00,0.6835269993164668
2022-07-28T03:30-07:00,0.6565449322938038
2022-07-28T03:45-07:00,0.6150061500615006
2022-07-28T04:00-07:00,0.6560065600656007
2022-07-28T04:15-07:00,0.6295333242096682
2022-07-28T04:30-07:00,0.6165228113440198
2022-07-28T04:45-07:00,0.6305688827964422
2022-07-28T05:00-07:00,0.6313477902827402
2022-07-28T05:15-07:00,0.603235536057027
2022-07-28T05:30-07:00,0.6321286244331518
2022-07-28T05:45-07:00,0.6292749658002799
2022-07-28T06:00-07:00,0.6554690700532568
2022-07-28T06:15-07:00,0.6697648988518379
2022-07-28T06:30-07:00,0.6562756357670222
2022-07-28T06:45-07:00,0.6425153793574784
2022-07-28T07:00-07:00,0.6446303662049039
2022-07-28T07:15-07:00,0.6592501030078286
2022-07-28T07:30-07:00,0.6316078539063635
2022-07-28T07:45-07:00,0.5894448252227615
2022-07-28T08:00-07:00,0.6576243321002877
2022-07-28T08:15-07:00,0.6456930897101187
2022-07-28T08:30-07:00,0.7134037590890445
2022-07-28T08:45-07:00,0.6711409395973217
2022-07-28T09:00-07:00,0.6565449322938038
2022-07-28T09:15-07:00,0.6703146374829064
2022-07-28T09:30-07:00,0.7128169979438034
2022-07-28T09:45-07:00,0.682966807813134
2022-07-28T10:00-07:00,0.6560065600656007
2022-07-28T10:15-07:00,0.710188473094789
2022-07-28T10:30-07:00,0.6697648988518379
2022-07-28T10:45-07:00,0.711938663745899
2022-07-28T11:00-07:00,0.7536311318169424
2022-07-28T11:15-07:00,0.6854949273375315
2022-07-28T11:30-07:00,0.6667573819567351
2022-07-28T11:45-07:00,0.6686681222707486
2022-07-28T12:00-07:00,0.6961506961506961
2022-07-28T12:15-07:00,0.7227601254602419
2022-07-28T12:30-07:00,0.7257291524031158
2022-07-28T12:45-07:00,0.7110624914535821
2022-07-28T13:00-07:00,0.7389162561576355
2022-07-28T13:15-07:00,0.711938663745899
2022-07-28T13:30-07:00,0.7125239791723823
2022-07-28T13:45-07:00,0.6984387838948234
2022-07-28T14:00-07:00,0.7383100902379
2022-07-28T14:15-07:00,0.65439672801636
2022-07-28T14:30-07:00,0.6308283049917781
2022-07-28T14:45-07:00,0.6441003151980204
2022-07-28T15:00-07:00,0.6412005457025859
2022-07-28T15:15-07:00,0.6313477902827402
2022-07-28T15:30-07:00,0.6860592755213988
2022-07-28T15:45-07:00,0.6852131012744901
2022-07-28T16:00-07:00,0.6584362139917695
2022-07-28T16:15-07:00,0.6733544042874874
2022-07-28T16:30-07:00,0.6454270804723914
2022-07-28T16:45-07:00,0.6869075422448075
2022-07-28T17:00-07:00,0.6727996704654738
2022-07-28T17:15-07:00,0.6316078539063635
2022-07-28T17:30-07:00,0.658165364047717
2022-07-28T17:45-07:00,0.6584362139917695
2022-07-28T18:00-07:00,0.6562756357670222
2022-07-28T18:15-07:00,0.6147540983606558
2022-07-28T18:30-07:00,0.6412005457025859
2022-07-28T18:45-07:00,0.6708652792990205
2022-07-28T19:00-07:00,0.6451612903225744
2022-07-28T19:15-07:00,0.6419887993443456
2022-07-28T19:30-07:00,0.6846501437765239
2022-07-28T19:45-07:00,0.6711409395973217
2022-07-28T20:00-07:00,0.657354149548069
2022-07-28T20:15-07:00,0.6705898453537766
2022-07-28T20:30-07:00,0.6714168265278221
2022-07-28T20:45-07:00,0.6562756357670222
2022-07-28T21:00-07:00,0.669490367536555
2022-07-28T21:15-07:00,0.6557377049180327
2022-07-28T21:30-07:00,0.6557377049180327
2022-07-28T21:45-07:00,0.6412005457025859
2022-07-28T22:00-07:00,0.6730769230769293
2022-07-28T22:15-07:00,0.6714168265278221
2022-07-28T22:30-07:00,0.6427789934354423
2022-07-28T22:45-07:00,0.5865502659937315
2022-07-28T23:00-07:00,0.6180469715698393
2022-07-28T23:15-07:00,0.6039807824296437
2022-07-28T23:30-07:00,0.6313477902827402
2022-07-28T23:45-07:00,0.5892025212387018
2022-07-29T00:00-07:00,0.6170300287947347
2022-07-29T00:15-07:00,0.6470264317180554
2022-07-29T00:30-07:00,0.657354149548069
2022-07-29T00:45-07:00,0.6557377049180327
2022-07-29T01:00-07:00,0.6554690700532568
2022-07-29T01:15-07:00,0.6425153793574784
2022-07-29T01:30-07:00,0.669490367536555
2022-07-29T01:45-07:00,0.6132461161079313
2022-07-29T02:00-07:00,0.6546644844517185
2022-07-29T02:15-07:00,0.6401525469899148
2022-07-29T02:30-07:00,0.6256800870511487
2022-07-29T02:45-07:00,0.6692160611854747
2022-07-29T03:00-07:00,0.6417258328782024
2022-07-29T03:15-07:00,0.669490367536555
2022-07-29T03:30-07:00,0.6287588846364196
2022-07-29T03:45-07:00,0.7107709130672561
2022-07-29T04:00-07:00,0.6419887993443456
2022-07-29T04:15-07:00,0.6700396554081834
2022-07-29T04:30-07:00,0.6711409395973217
2022-07-29T04:45-07:00,0.6843690117711407
2022-07-29T05:00-07:00,0.6308283049917781
2022-07-29T05:15-07:00,0.6578947368421053
2022-07-29T05:30-07:00,0.6576243321002877
2022-07-29T05:45-07:00,0.6433068710648719
2022-07-29T06:00-07:00,0.6703146374829064
2022-07-29T06:15-07:00,0.6578947368421053
2022-07-29T06:30-07:00,0.6433068710648719
2022-07-29T06:45-07:00,0.6719692814042849
2022-07-29T07:00-07:00,0.5777961205117623
2022-07-29T07:15-07:00,0.604977313350743
2022-07-29T07:30-07:00,0.5766062602965404
2022-07-29T07:45-07:00,0.5487721223761896
2022-07-29T08:00-07:00,0.6039807824296437
2022-07-29T08:15-07:00,0.6454270804723914
2022-07-29T08:30-07:00,0.657354149548069
2022-07-29T08:45-07:00,0.5904160373472533
2022-07-29T09:00-07:00,0.6034837470854415
2022-07-29T09:15-07:00,0.5988023952095746
2022-07-29T09:30-07:00,0.5709624796084829
2022-07-29T09:45-07:00,0.6393687933614411
2022-07-29T10:00-07:00,0.6530612244897959
2022-07-29T10:15-07:00,0.6269592476489091
2022-07-29T10:30-07:00,0.613747954173486
2022-07-29T10:45-07:00,0.6414630817524163
2022-07-29T11:00-07:00,0.6692160611854747
2022-07-29T11:15-07:00,0.627215707662946
2022-07-29T11:30-07:00,0.6267029972752106
2022-07-29T11:45-07:00,0.6689419795221906
2022-07-29T12:00-07:00,0.65439672801636
2022-07-29T12:15-07:00,0.6525285481239804
2022-07-29T12:30-07:00,0.6656704252139717
2022-07-29T12:45-07:00,0.6129955046996322
2022-07-29T13:00-07:00,0.6406761177753482
2022-07-29T13:15-07:00,0.6562756357670222
2022-07-29T13:30-07:00,0.6952965235173824
2022-07-29T13:45-07:00,0.6422519814156811
2022-07-29T14:00-07:00,0.6703146374829064
2022-07-29T14:15-07:00,0.6541291905151267
2022-07-29T14:30-07:00,0.6538618716796076
2022-07-29T14:45-07:00,0.6422519814156811
2022-07-29T15:00-07:00,0.6978653530377669
2022-07-29T15:15-07:00,0.6538618716796076
2022-07-29T15:30-07:00,0.6821282401091343
2022-07-29T15:45-07:00,0.6812917291184023
2022-07-29T16:00-07:00,0.6955810147299509
2022-07-29T16:15-07:00,0.6840881105486324
2022-07-29T16:30-07:00,0.6584362139917695
2022-07-29T16:45-07:00,0.6443652316972792
2022-07-29T17:00-07:00,0.6578947368421053
2022-07-29T17:15-07:00,0.6433068710648719
2022-07-29T17:30-07:00,0.6150061500615006
2022-07-29T17:45-07:00,0.6414630817524163
2022-07-29T18:00-07:00,0.6438356164383499
2022-07-29T18:15-07:00,0.6414630817524163
2022-07-29T18:30-07:00,0.6300506779893228
2022-07-29T18:45-07:00,0.7107709130672561
2022-07-29T19:00-07:00,0.6557377049180327
2022-07-29T19:15-07:00,0.6947282386595831
2022-07-29T19:30-07:00,0.657354149548069
2022-07-29T19:45-07:00,0.6557377049180327
2022-07-29T20:00-07:00,0.6812917291184023
2022-07-29T20:15-07:00,0.6175380815150268
2022-07-29T20:30-07:00,0.6044786371754299
2022-07-29T20:45-07:00,0.6172839506172839
2022-07-29T21:00-07:00,0.6430428239157141
2022-07-29T21:15-07:00,0.6587072869493619
2022-07-29T21:30-07:00,0.604977313350743
2022-07-29T21:45-07:00,0.6162695152013147
2022-07-29T22:00-07:00,0.6167763157894737
2022-07-29T22:15-07:00,0.6029875291215505
2022-07-29T22:30-07:00,0.6044786371754299
2022-07-29T22:45-07:00,0.6305688827964422
2022-07-29T23:00-07:00,0.6019975372827958
2022-07-29T23:15-07:00,0.6162695152013147
2022-07-29T23:30-07:00,0.6029875291215505
2022-07-29T23:45-07:00,0.6282436492761603
2022-07-30T00:00-07:00,0.6292749658002799
2022-07-30T00:15-07:00,0.6874742197167544
2022-07-30T00:30-07:00,0.630309673883262
2022-07-30T00:45-07:00,0.6295333242096682
2022-07-30T01:00-07:00,0.6557377049180327
2022-07-30T01:15-07:00,0.6958657388456816
2022-07-30T01:30-07:00,0.6406761177753482
2022-07-30T01:45-07:00,0.6012571740912755
2022-07-30T02:00-07:00,0.6725226461707446
2022-07-30T02:15-07:00,0.6576243321002877
2022-07-30T02:30-07:00,0.5906593406593469
2022-07-30T02:45-07:00,0.6725226461707446
2022-07-30T03:00-07:00,0.629791894852142
2022-07-30T03:15-07:00,0.6022447303586032
2022-07-30T03:30-07:00,0.6565449322938038
2022-07-30T03:45-07:00,0.6560065600656007
2022-07-30T04:00-07:00,0.6292749658002799
2022-07-30T04:15-07:00,0.6300506779893228
2022-07-30T04:30-07:00,0.6290168193627849
2022-07-30T04:45-07:00,0.6155108740254411
2022-07-30T05:00-07:00,0.6568144499178982
2022-07-30T05:15-07:00,0.6703146374829064
2022-07-30T05:30-07:00,0.6438356164383499
2022-07-30T05:45-07:00,0.6427789934354423
2022-07-30T06:00-07:00,0.6700396554081834
2022-07-30T06:15-07:00,0.6708652792990205
2022-07-30T06:30-07:00,0.658165364047717
2022-07-30T06:45-07:00,0.6433068710648719
2022-07-30T07:00-07:00,0.6560065600656007
2022-07-30T07:15-07:00,0.6860592755213988
2022-07-30T07:30-07:00,0.6285011613608479
2022-07-30T07:45-07:00,0.6435711351499321
2022-07-30T08:00-07:00,0.6142506142506142
2022-07-30T08:15-07:00,0.6576243321002877
2022-07-30T08:30-07:00,0.6576243321002877
2022-07-30T08:45-07:00,0.6557377049180327
2022-07-30T09:00-07:00,0.6022447303586032
2022-07-30T09:15-07:00,0.6719692814042849
2022-07-30T09:30-07:00,0.6562756357670222
2022-07-30T09:45-07:00,0.6287588846364196
2022-07-30T10:00-07:00,0.6261911244214601
2022-07-30T10:15-07:00,0.6398910823689522
2022-07-30T10:30-07:00,0.6824075337791666
2022-07-30T10:45-07:00,0.6274723775746891
2022-07-30T11:00-07:00,0.6007646095029976
2022-07-30T11:15-07:00,0.6700396554081834
2022-07-30T11:30-07:00,0.6722458499108308
2022-07-30T11:45-07:00,0.6152584085315833
2022-07-30T12:00-07:00,0.6422519814156811
2022-07-30T12:15-07:00,0.6552006552006552
2022-07-30T12:30-07:00,0.6401525469899148
2022-07-30T12:45-07:00,0.6546644844517185
2022-07-30T13:00-07:00,0.6142506142506142
2022-07-30T13:15-07:00,0.6256800870511487
2022-07-30T13:30-07:00,0.6525285481239804
2022-07-30T13:45-07:00,0.6552006552006552
2022-07-30T14:00-07:00,0.5853525728287565
2022-07-30T14:15-07:00,0.6269592476489091
2022-07-30T14:30-07:00,0.6139991813344249
2022-07-30T14:45-07:00,0.6300506779893228
2022-07-30T15:00-07:00,0.6824075337791666
2022-07-30T15:15-07:00,0.6269592476489091
2022-07-30T15:30-07:00,0.6127450980392157
2022-07-30T15:45-07:00,0.667847894234707
2022-07-30T16:00-07:00,0.6425153793574784
2022-07-30T16:15-07:00,0.6522625356706074
2022-07-30T16:30-07:00,0.6256800870511487
2022-07-30T16:45-07:00,0.6127450980392157
2022-07-30T17:00-07:00,0.6535947712418301
2022-07-30T17:15-07:00,0.6525285481239804
2022-07-30T17:30-07:00,0.6388473562593386
2022-07-30T17:45-07:00,0.6546644844517185
2022-07-30T18:00-07:00,0.6952965235173824
2022-07-30T18:15-07:00,0.6804572672836083
2022-07-30T18:30-07:00,0.6538618716796076
2022-07-30T18:45-07:00,0.7081574288438031
2022-07-30T19:00-07:00,0.6812917291184023
2022-07-30T19:15-07:00,0.6832467887400867
2022-07-30T19:30-07:00,0.7096069868995696
2022-07-30T19:45-07:00,0.6538618716796076
2022-07-30T20:00-07:00,0.7212847033206252
2022-07-30T20:15-07:00,0.6849315068493088
2022-07-30T20:30-07:00,0.6427789934354423
2022-07-30T20:45-07:00,0.6600660066006601
2022-07-30T21:00-07:00,0.6730769230769293
2022-07-30T21:15-07:00,0.6326502544354347
2022-07-30T21:30-07:00,0.64675932296683
2022-07-30T21:45-07:00,0.6183017312448474
2022-07-30T22:00-07:00,0.6037321624588302
2022-07-30T22:15-07:00,0.6029875291215505
2022-07-30T22:30-07:00,0.6172839506172839
2022-07-30T22:45-07:00,0.6611570247933884
2022-07-30T23:00-07:00,0.6292749658002799
2022-07-30T23:15-07:00,0.6269592476489091
2022-07-30T23:30-07:00,0.6142506142506142
2022-07-30T23:45-07:00,0.6264469562849034
2022-07-31T00:00-07:00,0.6705898453537766
2022-07-31T00:15-07:00,0.6404142253712978
2022-07-31T00:30-07:00,0.6818491749624921
2022-07-31T00:45-07:00,0.6818491749624921
2022-07-31T01:00-07:00,0.6810133478616118
2022-07-31T01:15-07:00,0.6673021925643532
2022-07-31T01:30-07:00,0.6821282401091343
2022-07-31T01:45-07:00,0.6267029972752106
2022-07-31T02:00-07:00,0.6398910823689522
2022-07-31T02:15-07:00,0.6533278889342589
2022-07-31T02:30-07:00,0.6259355014287721
2022-07-31T02:45-07:00,0.6448957189901144
2022-07-31T03:00-07:00,0.6318681318681382
2022-07-31T03:15-07:00,0.6422519814156811
2022-07-31T03:30-07:00,0.6821282401091343
2022-07-31T03:45-07:00,0.6167763157894737
2022-07-31T04:00-07:00,0.6305688827964422
2022-07-31T04:15-07:00,0.658165364047717
2022-07-31T04:30-07:00,0.658165364047717
2022-07-31T04:45-07:00,0.6576243321002877
2022-07-31T05:00-07:00,0.6443652316972792
2022-07-31T05:15-07:00,0.6722458499108308
2022-07-31T05:30-07:00,0.6725226461707446
2022-07-31T05:45-07:00,0.658165364047717
2022-07-31T06:00-07:00,0.657354149548069
2022-07-31T06:15-07:00,0.6835269993164668
2022-07-31T06:30-07:00,0.6568144499178982
2022-07-31T06:45-07:00,0.6708652792990205
2022-07-31T07:00-07:00,0.6700396554081834
2022-07-31T07:15-07:00,0.6826870562534072
2022-07-31T07:30-07:00,0.6689419795221906
2022-07-31T07:45-07:00,0.682966807813134
2022-07-31T08:00-07:00,0.6689419795221906
2022-07-31T08:15-07:00,0.6570841889117043
2022-07-31T08:30-07:00,0.6852131012744901
2022-07-31T08:45-07:00,0.7254311524774095
2022-07-31T09:00-07:00,0.6708652792990205
2022-07-31T09:15-07:00,0.6683944891556467
2022-07-31T09:30-07:00,0.7064257573699287
2022-07-31T09:45-07:00,0.7204023379094677
2022-07-31T10:00-07:00,0.6246605105920757
2022-07-31T10:15-07:00,0.6799020940984436
2022-07-31T10:30-07:00,0.6422519814156811
2022-07-31T10:45-07:00,0.6659418320195768
2022-07-31T11:00-07:00,0.6527947776417788
2022-07-31T11:15-07:00,0.6527947776417788
2022-07-31T11:30-07:00,0.6938775510204082
2022-07-31T11:45-07:00,0.6549324600900532
2022-07-31T12:00-07:00,0.682966807813134
2022-07-31T12:15-07:00,0.6419887993443456
2022-07-31T12:30-07:00,0.6686681222707486
2022-07-31T12:45-07:00,0.6552006552006552
2022-07-31T13:00-07:00,0.6972928630024611
2022-07-31T13:15-07:00,0.6708652792990205
2022-07-31T13:30-07:00,0.6854949273375315
2022-07-31T13:45-07:00,0.6689419795221906
2022-07-31T14:00-07:00,0.6398910823689522
2022-07-31T14:15-07:00,0.6425153793574784
2022-07-31T14:30-07:00,0.6549324600900532
2022-07-31T14:45-07:00,0.6005186297256659
2022-07-31T15:00-07:00,0.6269592476489091
2022-07-31T15:15-07:00,0.6155108740254411
2022-07-31T15:30-07:00,0.5875119551851409
2022-07-31T15:45-07:00,0.6290168193627849
2022-07-31T16:00-07:00,0.6975789905621665
2022-07-31T16:15-07:00,0.657354149548069
2022-07-31T16:30-07:00,0.6533278889342589
2022-07-31T16:45-07:00,0.6562756357670222
2022-07-31T17:00-07:00,0.667847894234707
2022-07-31T17:15-07:00,0.7070020394289661
2022-07-31T17:30-07:00,0.6810133478616118
2022-07-31T17:45-07:00,0.6947282386595831
2022-07-31T18:00-07:00,0.7493188010899245
2022-07-31T18:15-07:00,0.667847894234707
2022-07-31T18:30-07:00,0.7093166007366043
2022-07-31T18:45-07:00,0.7215793056500959
2022-07-31T19:00-07:00,0.6562756357670222
2022-07-31T19:15-07:00,0.6835269993164668
2022-07-31T19:30-07:00,0.6565449322938038
2022-07-31T19:45-07:00,0.6967213114754098
2022-07-31T20:00-07:00,0.6705898453537766
2022-07-31T20:15-07:00,0.7090264521407207
2022-07-31T20:30-07:00,0.6984387838948234
2022-07-31T20:45-07:00,0.6459593183067557
2022-07-31T21:00-07:00,0.6595218466611706
2022-07-31T21:15-07:00,0.64675932296683
2022-07-31T21:30-07:00,0.6054768129902235
2022-07-31T21:45-07:00,0.6326502544354347
2022-07-31T22:00-07:00,0.6446303662049039
2022-07-31T22:15-07:00,0.6448957189901144
2022-07-31T22:30-07:00,0.6592501030078286
2022-07-31T22:45-07:00,0.6313477902827402
2022-07-31T23:00-07:00,0.6157635467980296
2022-07-31T23:15-07:00,0.629791894852142
2022-07-31T23:30-07:00,0.6430428239157141
2022-07-31T23:45-07:00,0.6578947368421053
2022-08-01T00:00-07:00,0.6326502544354347
