t,v,s,r
2022-03-31T23:45-07:00,157.88265991210938,0,0
2022-04-01T00:00-07:00,166.03347778320312,0,0
2022-04-01T00:15-07:00,162.01107788085938,0,0
2022-04-01T00:30-07:00,165.2442169189453,0,0
2022-04-01T00:45-07:00,197.7181701660156,0,0
2022-04-01T01:00-07:00,159.18418884277344,0,0
2022-04-01T01:15-07:00,155.6605224609375,0,0
2022-04-01T01:30-07:00,128.1333770751953,0,0
2022-04-01T01:45-07:00,141.47239685058594,0,0
2022-04-01T02:00-07:00,133.1665802001953,0,0
2022-04-01T02:15-07:00,122.76436614990234,0,0
2022-04-01T02:30-07:00,138.5509796142578,0,0
2022-04-01T02:45-07:00,151.9105224609375,0,0
2022-04-01T03:00-07:00,127.90618133544922,0,0
2022-04-01T03:15-07:00,157.45982360839844,0,0
2022-04-01T03:30-07:00,162.3849334716797,0,0
2022-04-01T03:45-07:00,146.11976623535156,0,0
2022-04-01T04:00-07:00,145.2320556640625,0,0
2022-04-01T04:15-07:00,148.68128967285156,0,0
2022-04-01T04:30-07:00,141.2215118408203,0,0
2022-04-01T04:45-07:00,137.8324737548828,0,0
2022-04-01T05:00-07:00,135.24876403808594,0,0
2022-04-01T05:15-07:00,157.2392120361328,0,0
2022-04-01T05:30-07:00,151.96876525878906,0,0
2022-04-01T05:45-07:00,141.33689880371094,0,0
2022-04-01T06:00-07:00,210.66978454589844,0,0
2022-04-01T06:15-07:00,197.94908142089844,0,0
2022-04-01T06:30-07:00,204.302978515625,0,0
2022-04-01T06:45-07:00,202.48822021484372,0,0
2022-04-01T07:00-07:00,213.8372802734375,0,0
2022-04-01T07:15-07:00,198.56922912597656,0,0
2022-04-01T07:30-07:00,171.10227966308594,0,0
2022-04-01T07:45-07:00,190.8199920654297,0,0
2022-04-01T08:00-07:00,181.0399169921875,0,0
2022-04-01T08:15-07:00,311.2859191894531,0,0
2022-04-01T08:30-07:00,226.688720703125,0,0
2022-04-01T08:45-07:00,271.49090576171875,0,0
2022-04-01T09:00-07:00,230.2369384765625,0,0
2022-04-01T09:15-07:00,263.1791687011719,0,0
2022-04-01T09:30-07:00,239.769287109375,0,0
2022-04-01T09:45-07:00,192.97547912597656,0,0
2022-04-01T10:00-07:00,218.1236572265625,0,0
2022-04-01T10:15-07:00,237.8472595214844,0,0
2022-04-01T10:30-07:00,390.4144592285156,0,0
2022-04-01T10:45-07:00,387.8502807617188,0,0
2022-04-01T11:00-07:00,287.55303955078125,0,0
2022-04-01T11:15-07:00,240.26112365722656,0,0
2022-04-01T11:30-07:00,362.6804809570313,0,0
2022-04-01T11:45-07:00,264.49884033203125,0,0
2022-04-01T12:00-07:00,251.0222930908203,0,0
2022-04-01T12:15-07:00,235.45407104492188,0,0
2022-04-01T12:30-07:00,353.8879699707031,0,0
2022-04-01T12:45-07:00,370.0212707519531,0,0
2022-04-01T13:00-07:00,307.56072998046875,0,0
2022-04-01T13:15-07:00,232.291015625,0,0
2022-04-01T13:30-07:00,460.1641540527344,0,0
2022-04-01T13:45-07:00,255.84173583984372,0,0
2022-04-01T14:00-07:00,393.7628479003906,0,0
2022-04-01T14:15-07:00,475.3092346191406,0,0
2022-04-01T14:30-07:00,238.6626892089844,0,0
2022-04-01T14:45-07:00,397.9986877441406,0,0
2022-04-01T15:00-07:00,247.8797149658203,0,0
2022-04-01T15:15-07:00,310.3037414550781,0,0
2022-04-01T15:30-07:00,269.33087158203125,0,0
2022-04-01T15:45-07:00,274.277099609375,0,0
2022-04-01T16:00-07:00,226.5216064453125,0,0
2022-04-01T16:15-07:00,247.74530029296875,0,0
2022-04-01T16:30-07:00,255.22750854492188,0,0
2022-04-01T16:45-07:00,321.03582763671875,0,0
2022-04-01T17:00-07:00,330.8929138183594,0,0
2022-04-01T17:15-07:00,288.7886047363281,0,0
2022-04-01T17:30-07:00,263.1560363769531,0,0
2022-04-01T17:45-07:00,298.06005859375,0,0
2022-04-01T18:00-07:00,249.8220367431641,0,0
2022-04-01T18:15-07:00,271.75787353515625,0,0
2022-04-01T18:30-07:00,320.2583312988281,0,0
2022-04-01T18:45-07:00,263.9957580566406,0,0
2022-04-01T19:00-07:00,282.0309753417969,0,0
2022-04-01T19:15-07:00,301.3149719238281,0,0
2022-04-01T19:30-07:00,282.8060302734375,0,0
2022-04-01T19:45-07:00,323.07794189453125,0,0
2022-04-01T20:00-07:00,295.3659362792969,0,0
2022-04-01T20:15-07:00,288.3695373535156,0,0
2022-04-01T20:30-07:00,297.4721069335937,0,0
2022-04-01T20:45-07:00,265.3230895996094,0,0
2022-04-01T21:00-07:00,267.6340637207031,0,0
2022-04-01T21:15-07:00,258.623291015625,0,0
2022-04-01T21:30-07:00,164.91844177246094,0,0
2022-04-01T21:45-07:00,172.1466827392578,0,0
2022-04-01T22:00-07:00,170.5618896484375,0,0
2022-04-01T22:15-07:00,176.74777221679688,0,0
2022-04-01T22:30-07:00,167.31561279296875,0,0
2022-04-01T22:45-07:00,184.316650390625,0,0
2022-04-01T23:00-07:00,152.543212890625,0,0
2022-04-01T23:15-07:00,166.931396484375,0,0
2022-04-01T23:30-07:00,170.857666015625,0,0
2022-04-01T23:45-07:00,164.8623504638672,0,0
2022-04-02T00:00-07:00,155.5337677001953,0,0
2022-04-02T00:15-07:00,187.68426513671875,0,0
2022-04-02T00:30-07:00,165.9117431640625,0,0
2022-04-02T00:45-07:00,170.62237548828125,0,0
2022-04-02T01:00-07:00,185.8355865478516,0,0
2022-04-02T01:15-07:00,173.92662048339844,0,0
2022-04-02T01:30-07:00,160.23825073242188,0,0
2022-04-02T01:45-07:00,139.458740234375,0,0
2022-04-02T02:00-07:00,149.4654541015625,0,0
2022-04-02T02:15-07:00,132.68588256835938,0,0
2022-04-02T02:30-07:00,141.8066864013672,0,0
2022-04-02T02:45-07:00,150.6482696533203,0,0
2022-04-02T03:00-07:00,132.78213500976562,0,0
2022-04-02T03:15-07:00,156.35791015625,0,0
2022-04-02T03:30-07:00,126.20729064941406,0,0
2022-04-02T03:45-07:00,142.88467407226562,0,0
2022-04-02T04:00-07:00,130.40933227539062,0,0
2022-04-02T04:15-07:00,129.0596923828125,0,0
2022-04-02T04:30-07:00,142.34719848632812,0,0
2022-04-02T04:45-07:00,142.34384155273438,0,0
2022-04-02T05:00-07:00,135.5831756591797,0,0
2022-04-02T05:15-07:00,144.6493377685547,0,0
2022-04-02T05:30-07:00,143.83482360839844,0,0
2022-04-02T05:45-07:00,139.06419372558594,0,0
2022-04-02T06:00-07:00,142.14170837402344,0,0
2022-04-02T06:15-07:00,167.68978881835938,0,0
2022-04-02T06:30-07:00,142.15472412109375,0,0
2022-04-02T06:45-07:00,201.8057861328125,0,0
2022-04-02T07:00-07:00,165.76751708984375,0,0
2022-04-02T07:15-07:00,181.8858642578125,0,0
2022-04-02T07:30-07:00,183.80987548828125,0,0
2022-04-02T07:45-07:00,186.45606994628903,0,0
2022-04-02T08:00-07:00,188.8152008056641,0,0
2022-04-02T08:15-07:00,181.2113037109375,0,0
2022-04-02T08:30-07:00,190.77801513671875,0,0
2022-04-02T08:45-07:00,211.3104553222656,0,0
2022-04-02T09:00-07:00,191.34410095214844,0,0
2022-04-02T09:15-07:00,204.19674682617188,0,0
2022-04-02T09:30-07:00,197.6774139404297,0,0
2022-04-02T09:45-07:00,256.138916015625,0,0
2022-04-02T10:00-07:00,206.20425415039065,0,0
2022-04-02T10:15-07:00,195.4470672607422,0,0
2022-04-02T10:30-07:00,209.69793701171875,0,0
2022-04-02T10:45-07:00,164.05824279785156,0,0
2022-04-02T11:00-07:00,211.001953125,0,0
2022-04-02T11:15-07:00,180.05780029296875,0,0
2022-04-02T11:30-07:00,167.49722290039062,0,0
2022-04-02T11:45-07:00,174.9551239013672,0,0
2022-04-02T12:00-07:00,165.71046447753906,0,0
2022-04-02T12:15-07:00,190.2216796875,0,0
2022-04-02T12:30-07:00,188.6620941162109,0,0
2022-04-02T12:45-07:00,191.67388916015625,0,0
2022-04-02T13:00-07:00,236.43724060058597,0,0
2022-04-02T13:15-07:00,190.85818481445312,0,0
2022-04-02T13:30-07:00,178.98289489746094,0,0
2022-04-02T13:45-07:00,177.52767944335938,0,0
2022-04-02T14:00-07:00,187.52415466308597,0,0
2022-04-02T14:15-07:00,190.93316650390625,0,0
2022-04-02T14:30-07:00,248.4356689453125,0,0
2022-04-02T14:45-07:00,191.8852081298828,0,0
2022-04-02T15:00-07:00,181.75030517578125,0,0
2022-04-02T15:15-07:00,269.8485412597656,0,0
2022-04-02T15:30-07:00,191.77659606933597,0,0
2022-04-02T15:45-07:00,173.59332275390625,0,0
2022-04-02T16:00-07:00,174.3478240966797,0,0
2022-04-02T16:15-07:00,233.8935394287109,0,0
2022-04-02T16:30-07:00,327.7438659667969,0,0
2022-04-02T16:45-07:00,192.2091064453125,0,0
2022-04-02T17:00-07:00,250.40093994140625,0,0
2022-04-02T17:15-07:00,233.6950225830078,0,0
2022-04-02T17:30-07:00,231.98374938964844,0,0
2022-04-02T17:45-07:00,293.8315734863281,0,0
2022-04-02T18:00-07:00,222.51690673828125,0,0
2022-04-02T18:15-07:00,375.598388671875,0,0
2022-04-02T18:30-07:00,247.93756103515625,0,0
2022-04-02T18:45-07:00,223.94451904296875,0,0
2022-04-02T19:00-07:00,259.7709045410156,0,0
2022-04-02T19:15-07:00,228.192626953125,0,0
2022-04-02T19:30-07:00,353.22314453125,0,0
2022-04-02T19:45-07:00,439.9683532714844,0,0
2022-04-02T20:00-07:00,250.7254638671875,0,0
2022-04-02T20:15-07:00,357.2921447753906,0,0
2022-04-02T20:30-07:00,242.41604614257807,0,0
2022-04-02T20:45-07:00,197.24758911132807,0,0
2022-04-02T21:00-07:00,238.7013702392578,0,0
2022-04-02T21:15-07:00,311.2386169433594,0,0
2022-04-02T21:30-07:00,224.4947052001953,0,0
2022-04-02T21:45-07:00,255.02197265625,0,0
2022-04-02T22:00-07:00,222.8037872314453,0,0
2022-04-02T22:15-07:00,345.8589172363281,0,0
2022-04-02T22:30-07:00,227.663330078125,0,0
2022-04-02T22:45-07:00,170.64552307128906,0,0
2022-04-02T23:00-07:00,192.41680908203125,0,0
2022-04-02T23:15-07:00,174.73118591308594,0,0
2022-04-02T23:30-07:00,162.50205993652344,0,0
2022-04-02T23:45-07:00,160.99790954589844,0,0
2022-04-03T00:00-07:00,150.81690979003906,0,0
2022-04-03T00:15-07:00,152.00741577148438,0,0
2022-04-03T00:30-07:00,168.07699584960938,0,0
2022-04-03T00:45-07:00,158.5631561279297,0,0
2022-04-03T01:00-07:00,174.19126892089844,0,0
2022-04-03T01:15-07:00,146.04994201660156,0,0
2022-04-03T01:30-07:00,168.37451171875,0,0
2022-04-03T01:45-07:00,175.034423828125,0,0
2022-04-03T02:00-07:00,169.4012451171875,0,0
2022-04-03T02:15-07:00,177.66635131835938,0,0
2022-04-03T02:30-07:00,168.1456298828125,0,0
2022-04-03T02:45-07:00,173.36422729492188,0,0
2022-04-03T03:00-07:00,143.6944580078125,0,0
2022-04-03T03:15-07:00,175.07908630371094,0,0
2022-04-03T03:30-07:00,156.91098022460938,0,0
2022-04-03T03:45-07:00,157.6370849609375,0,0
2022-04-03T04:00-07:00,142.2016143798828,0,0
2022-04-03T04:15-07:00,153.29978942871094,0,0
2022-04-03T04:30-07:00,153.2174835205078,0,0
2022-04-03T04:45-07:00,165.05323791503906,0,0
2022-04-03T05:00-07:00,156.2700653076172,0,0
2022-04-03T05:15-07:00,173.345458984375,0,0
2022-04-03T05:30-07:00,159.59742736816406,0,0
2022-04-03T05:45-07:00,203.13275146484372,0,0
2022-04-03T06:00-07:00,166.10012817382812,0,0
2022-04-03T06:15-07:00,169.86126708984375,0,0
2022-04-03T06:30-07:00,149.55020141601562,0,0
2022-04-03T06:45-07:00,201.6122589111328,0,0
2022-04-03T07:00-07:00,154.03689575195312,0,0
2022-04-03T07:15-07:00,167.3726043701172,0,0
2022-04-03T07:30-07:00,147.9728546142578,0,0
2022-04-03T07:45-07:00,172.4371795654297,0,0
2022-04-03T08:00-07:00,153.99221801757812,0,0
2022-04-03T08:15-07:00,147.3751678466797,0,0
2022-04-03T08:30-07:00,164.22254943847656,0,0
2022-04-03T08:45-07:00,172.0277099609375,0,0
2022-04-03T09:00-07:00,163.83395385742188,0,0
2022-04-03T09:15-07:00,173.8311767578125,0,0
2022-04-03T09:30-07:00,175.91525268554688,0,0
2022-04-03T09:45-07:00,154.82493591308594,0,0
2022-04-03T10:00-07:00,190.71969604492188,0,0
2022-04-03T10:15-07:00,158.4087677001953,0,0
2022-04-03T10:30-07:00,143.87510681152344,0,0
2022-04-03T10:45-07:00,149.28770446777344,0,0
2022-04-03T11:00-07:00,142.37295532226562,0,0
2022-04-03T11:15-07:00,159.48486328125,0,0
2022-04-03T11:30-07:00,160.21331787109375,0,0
2022-04-03T11:45-07:00,159.6336669921875,0,0
2022-04-03T12:00-07:00,134.07325744628906,0,0
2022-04-03T12:15-07:00,167.4345245361328,0,0
2022-04-03T12:30-07:00,156.2068328857422,0,0
2022-04-03T12:45-07:00,178.88487243652344,0,0
2022-04-03T13:00-07:00,143.06842041015625,0,0
2022-04-03T13:15-07:00,156.9937286376953,0,0
2022-04-03T13:30-07:00,158.52139282226562,0,0
2022-04-03T13:45-07:00,152.0950469970703,0,0
2022-04-03T14:00-07:00,164.9400177001953,0,0
2022-04-03T14:15-07:00,146.3730010986328,0,0
2022-04-03T14:30-07:00,175.7008056640625,0,0
2022-04-03T14:45-07:00,147.68373107910156,0,0
2022-04-03T15:00-07:00,155.35653686523438,0,0
2022-04-03T15:15-07:00,184.3758087158203,0,0
2022-04-03T15:30-07:00,175.47898864746094,0,0
2022-04-03T15:45-07:00,164.0823974609375,0,0
2022-04-03T16:00-07:00,157.342041015625,0,0
2022-04-03T16:15-07:00,158.82586669921875,0,0
2022-04-03T16:30-07:00,155.5627899169922,0,0
2022-04-03T16:45-07:00,166.17481994628906,0,0
2022-04-03T17:00-07:00,150.5936279296875,0,0
2022-04-03T17:15-07:00,161.94818115234375,0,0
2022-04-03T17:30-07:00,153.01376342773438,0,0
2022-04-03T17:45-07:00,167.60446166992188,0,0
2022-04-03T18:00-07:00,155.83432006835938,0,0
2022-04-03T18:15-07:00,138.2450714111328,0,0
2022-04-03T18:30-07:00,169.7170867919922,0,0
2022-04-03T18:45-07:00,164.20382690429688,0,0
2022-04-03T19:00-07:00,160.4141082763672,0,0
2022-04-03T19:15-07:00,173.2961883544922,0,0
2022-04-03T19:30-07:00,157.2138214111328,0,0
2022-04-03T19:45-07:00,187.9193572998047,0,0
2022-04-03T20:00-07:00,152.98147583007812,0,0
2022-04-03T20:15-07:00,156.15040588378906,0,0
2022-04-03T20:30-07:00,169.35806274414062,0,0
2022-04-03T20:45-07:00,155.86651611328125,0,0
2022-04-03T21:00-07:00,190.6060485839844,0,0
2022-04-03T21:15-07:00,158.18894958496094,0,0
2022-04-03T21:30-07:00,167.30747985839844,0,0
2022-04-03T21:45-07:00,172.04922485351562,0,0
2022-04-03T22:00-07:00,172.1451873779297,0,0
2022-04-03T22:15-07:00,185.7585601806641,0,0
2022-04-03T22:30-07:00,169.60887145996094,0,0
2022-04-03T22:45-07:00,159.97348022460938,0,0
2022-04-03T23:00-07:00,157.98240661621094,0,0
2022-04-03T23:15-07:00,159.14535522460938,0,0
2022-04-03T23:30-07:00,153.34898376464844,0,0
2022-04-03T23:45-07:00,155.31065368652344,0,0
2022-04-04T00:00-07:00,137.87815856933594,0,0
2022-04-04T00:15-07:00,145.86793518066406,0,0
2022-04-04T00:30-07:00,165.57313537597656,0,0
2022-04-04T00:45-07:00,157.35995483398438,0,0
2022-04-04T01:00-07:00,143.94284057617188,0,0
2022-04-04T01:15-07:00,159.11614990234375,0,0
2022-04-04T01:30-07:00,176.4891357421875,0,0
2022-04-04T01:45-07:00,162.80770874023438,0,0
2022-04-04T02:00-07:00,165.24160766601562,0,0
2022-04-04T02:15-07:00,151.3419189453125,0,0
2022-04-04T02:30-07:00,173.20677185058594,0,0
2022-04-04T02:45-07:00,151.08436584472656,0,0
2022-04-04T03:00-07:00,158.22210693359375,0,0
2022-04-04T03:15-07:00,151.3941192626953,0,0
2022-04-04T03:30-07:00,169.839599609375,0,0
2022-04-04T03:45-07:00,147.1781463623047,0,0
2022-04-04T04:00-07:00,142.30535888671875,0,0
2022-04-04T04:15-07:00,159.4492950439453,0,0
2022-04-04T04:30-07:00,152.47821044921875,0,0
2022-04-04T04:45-07:00,167.46165466308594,0,0
2022-04-04T05:00-07:00,160.6654510498047,0,0
2022-04-04T05:15-07:00,166.4929656982422,0,0
2022-04-04T05:30-07:00,156.23944091796875,0,0
2022-04-04T05:45-07:00,180.17413330078125,0,0
2022-04-04T06:00-07:00,149.20925903320312,0,0
2022-04-04T06:15-07:00,170.0523681640625,0,0
2022-04-04T06:30-07:00,163.90170288085938,0,0
2022-04-04T06:45-07:00,169.93768310546875,0,0
2022-04-04T07:00-07:00,162.75914001464844,0,0
2022-04-04T07:15-07:00,224.50689697265625,0,0
2022-04-04T07:30-07:00,163.18124389648438,0,0
2022-04-04T07:45-07:00,176.1637420654297,0,0
2022-04-04T08:00-07:00,152.99424743652344,0,0
2022-04-04T08:15-07:00,190.4791259765625,0,0
2022-04-04T08:30-07:00,182.68658447265625,0,0
2022-04-04T08:45-07:00,261.81817626953125,0,0
2022-04-04T09:00-07:00,256.3969421386719,0,0
2022-04-04T09:15-07:00,206.2923583984375,0,0
2022-04-04T09:30-07:00,208.31622314453125,0,0
2022-04-04T09:45-07:00,234.0146942138672,0,0
2022-04-04T10:00-07:00,208.0820159912109,0,0
2022-04-04T10:15-07:00,186.18359375,0,0
2022-04-04T10:30-07:00,196.9287872314453,0,0
2022-04-04T10:45-07:00,194.98129272460935,0,0
2022-04-04T11:00-07:00,197.1500701904297,0,0
2022-04-04T11:15-07:00,273.92578125,0,0
2022-04-04T11:30-07:00,648.1221313476562,0,0
2022-04-04T11:45-07:00,234.460205078125,0,0
2022-04-04T12:00-07:00,256.645751953125,0,0
2022-04-04T12:15-07:00,255.29600524902344,0,0
2022-04-04T12:30-07:00,235.63226318359372,0,0
2022-04-04T12:45-07:00,389.4384460449219,0,0
2022-04-04T13:00-07:00,239.83428955078125,0,0
2022-04-04T13:15-07:00,296.945068359375,0,0
2022-04-04T13:30-07:00,303.64849853515625,0,0
2022-04-04T13:45-07:00,403.767578125,0,0
2022-04-04T14:00-07:00,313.4964294433594,0,0
2022-04-04T14:15-07:00,387.4723205566406,0,0
2022-04-04T14:30-07:00,349.54034423828125,0,0
2022-04-04T14:45-07:00,400.1050720214844,0,0
2022-04-04T15:00-07:00,247.2245635986328,0,0
2022-04-04T15:15-07:00,398.467529296875,0,0
2022-04-04T15:30-07:00,249.2658843994141,0,0
2022-04-04T15:45-07:00,227.08831787109372,0,0
2022-04-04T16:00-07:00,234.35269165039065,0,0
2022-04-04T16:15-07:00,197.8810272216797,0,0
2022-04-04T16:30-07:00,210.43690490722656,0,0
2022-04-04T16:45-07:00,240.12594604492188,0,0
2022-04-04T17:00-07:00,197.7814178466797,0,0
2022-04-04T17:15-07:00,219.33432006835935,0,0
2022-04-04T17:30-07:00,181.2480316162109,0,0
2022-04-04T17:45-07:00,189.9576110839844,0,0
2022-04-04T18:00-07:00,220.9631805419922,0,0
2022-04-04T18:15-07:00,274.3095397949219,0,0
2022-04-04T18:30-07:00,342.940185546875,0,0
2022-04-04T18:45-07:00,250.10189819335935,0,0
2022-04-04T19:00-07:00,244.0308074951172,0,0
2022-04-04T19:15-07:00,236.52365112304688,0,0
2022-04-04T19:30-07:00,357.2335510253906,0,0
2022-04-04T19:45-07:00,337.80938720703125,0,0
2022-04-04T20:00-07:00,195.1640625,0,0
2022-04-04T20:15-07:00,202.57614135742188,0,0
2022-04-04T20:30-07:00,188.0414886474609,0,0
2022-04-04T20:45-07:00,223.451171875,0,0
2022-04-04T21:00-07:00,239.42919921875,0,0
2022-04-04T21:15-07:00,333.513916015625,0,0
2022-04-04T21:30-07:00,314.68414306640625,0,0
2022-04-04T21:45-07:00,180.2590789794922,0,0
2022-04-04T22:00-07:00,169.62542724609375,0,0
2022-04-04T22:15-07:00,162.82412719726562,0,0
2022-04-04T22:30-07:00,193.11013793945312,0,0
2022-04-04T22:45-07:00,167.14398193359375,0,0
2022-04-04T23:00-07:00,165.61004638671875,0,0
2022-04-04T23:15-07:00,168.91064453125,0,0
2022-04-04T23:30-07:00,171.0713653564453,0,0
2022-04-04T23:45-07:00,153.84811401367188,0,0
2022-04-05T00:00-07:00,179.29452514648438,0,0
2022-04-05T00:15-07:00,167.40103149414062,0,0
2022-04-05T00:30-07:00,173.2688446044922,0,0
2022-04-05T00:45-07:00,181.82554626464844,0,0
2022-04-05T01:00-07:00,178.26568603515625,0,0
2022-04-05T01:15-07:00,166.59152221679688,0,0
2022-04-05T01:30-07:00,177.07089233398438,0,0
2022-04-05T01:45-07:00,124.57241821289062,0,0
2022-04-05T02:00-07:00,138.92886352539062,0,0
2022-04-05T02:15-07:00,125.92878723144533,0,0
2022-04-05T02:30-07:00,151.3102569580078,0,0
2022-04-05T02:45-07:00,138.72830200195312,0,0
2022-04-05T03:00-07:00,143.96168518066406,0,0
2022-04-05T03:15-07:00,135.19696044921875,0,0
2022-04-05T03:30-07:00,142.53146362304688,0,0
2022-04-05T03:45-07:00,130.80824279785156,0,0
2022-04-05T04:00-07:00,155.84027099609375,0,0
2022-04-05T04:15-07:00,137.88987731933594,0,0
2022-04-05T04:30-07:00,192.8031768798828,0,0
2022-04-05T04:45-07:00,131.97384643554688,0,0
2022-04-05T05:00-07:00,150.75588989257812,0,0
2022-04-05T05:15-07:00,130.55377197265625,0,0
2022-04-05T05:30-07:00,138.411376953125,0,0
2022-04-05T05:45-07:00,122.47916412353516,0,0
2022-04-05T06:00-07:00,171.7338104248047,0,0
2022-04-05T06:15-07:00,167.72731018066406,0,0
2022-04-05T06:30-07:00,156.90492248535156,0,0
2022-04-05T06:45-07:00,165.32650756835938,0,0
2022-04-05T07:00-07:00,169.07351684570312,0,0
2022-04-05T07:15-07:00,185.2226104736328,0,0
2022-04-05T07:30-07:00,179.87205505371094,0,0
2022-04-05T07:45-07:00,197.8207855224609,0,0
2022-04-05T08:00-07:00,174.51507568359375,0,0
2022-04-05T08:15-07:00,256.8265380859375,0,0
2022-04-05T08:30-07:00,293.9790344238281,0,0
2022-04-05T08:45-07:00,226.7692108154297,0,0
2022-04-05T09:00-07:00,224.4470672607422,0,0
2022-04-05T09:15-07:00,172.47158813476562,0,0
2022-04-05T09:30-07:00,183.46630859375,0,0
2022-04-05T09:45-07:00,295.86798095703125,0,0
2022-04-05T10:00-07:00,199.3468475341797,0,0
2022-04-05T10:15-07:00,189.80357360839844,0,0
2022-04-05T10:30-07:00,219.36631774902344,0,0
2022-04-05T10:45-07:00,203.14620971679688,0,0
2022-04-05T11:00-07:00,325.488037109375,0,0
2022-04-05T11:15-07:00,338.85174560546875,0,0
2022-04-05T11:30-07:00,290.3785705566406,0,0
2022-04-05T11:45-07:00,211.4105987548828,0,0
2022-04-05T12:00-07:00,211.67483520507807,0,0
2022-04-05T12:15-07:00,236.1725311279297,0,0
2022-04-05T12:30-07:00,285.605712890625,0,0
2022-04-05T12:45-07:00,370.2718505859375,0,0
2022-04-05T13:00-07:00,269.9299011230469,0,0
2022-04-05T13:15-07:00,282.8030700683594,0,0
2022-04-05T13:30-07:00,355.24560546875,0,0
2022-04-05T13:45-07:00,265.3888244628906,0,0
2022-04-05T14:00-07:00,450.59283447265625,0,0
2022-04-05T14:15-07:00,339.89898681640625,0,0
2022-04-05T14:30-07:00,281.4117126464844,0,0
2022-04-05T14:45-07:00,394.1775207519531,0,0
2022-04-05T15:00-07:00,406.3385925292969,0,0
2022-04-05T15:15-07:00,275.9336853027344,0,0
2022-04-05T15:30-07:00,347.8392333984375,0,0
2022-04-05T15:45-07:00,275.7598876953125,0,0
2022-04-05T16:00-07:00,350.3786926269531,0,0
2022-04-05T16:15-07:00,288.3719482421875,0,0
2022-04-05T16:30-07:00,283.09832763671875,0,0
2022-04-05T16:45-07:00,329.50079345703125,0,0
2022-04-05T17:00-07:00,281.5006103515625,0,0
2022-04-05T17:15-07:00,289.8219909667969,0,0
2022-04-05T17:30-07:00,284.7924194335937,0,0
2022-04-05T17:45-07:00,257.5383605957031,0,0
2022-04-05T18:00-07:00,324.1646728515625,0,0
2022-04-05T18:15-07:00,328.6935119628906,0,0
2022-04-05T18:30-07:00,264.4338684082031,0,0
2022-04-05T18:45-07:00,224.0907745361328,0,0
2022-04-05T19:00-07:00,306.13531494140625,0,0
2022-04-05T19:15-07:00,282.9173278808594,0,0
2022-04-05T19:30-07:00,359.9130249023437,0,0
2022-04-05T19:45-07:00,261.1015014648437,0,0
2022-04-05T20:00-07:00,231.0873260498047,0,0
2022-04-05T20:15-07:00,353.2214050292969,0,0
2022-04-05T20:30-07:00,275.68145751953125,0,0
2022-04-05T20:45-07:00,207.5497131347656,0,0
2022-04-05T21:00-07:00,242.57275390625,0,0
2022-04-05T21:15-07:00,178.72021484375,0,0
2022-04-05T21:30-07:00,183.953125,0,0
2022-04-05T21:45-07:00,172.72933959960938,0,0
2022-04-05T22:00-07:00,187.65257263183597,0,0
2022-04-05T22:15-07:00,177.68170166015625,0,0
2022-04-05T22:30-07:00,170.42860412597656,0,0
2022-04-05T22:45-07:00,163.1924285888672,0,0
2022-04-05T23:00-07:00,163.35975646972656,0,0
2022-04-05T23:15-07:00,168.57864379882812,0,0
2022-04-05T23:30-07:00,150.30442810058594,0,0
2022-04-05T23:45-07:00,166.32704162597656,0,0
2022-04-06T00:00-07:00,147.93263244628906,0,0
2022-04-06T00:15-07:00,172.13177490234375,0,0
2022-04-06T00:30-07:00,162.05621337890625,0,0
2022-04-06T00:45-07:00,181.2329559326172,0,0
2022-04-06T01:00-07:00,164.321533203125,0,0
2022-04-06T01:15-07:00,172.36753845214844,0,0
2022-04-06T01:30-07:00,162.23574829101562,0,0
2022-04-06T01:45-07:00,113.13224029541016,0,0
2022-04-06T02:00-07:00,122.9026336669922,0,0
2022-04-06T02:15-07:00,135.31903076171875,0,0
2022-04-06T02:30-07:00,136.49209594726562,0,0
2022-04-06T02:45-07:00,127.145263671875,0,0
2022-04-06T03:00-07:00,133.89712524414062,0,0
2022-04-06T03:15-07:00,146.2607879638672,0,0
2022-04-06T03:30-07:00,145.4553680419922,0,0
2022-04-06T03:45-07:00,140.8524169921875,0,0
2022-04-06T04:00-07:00,114.4367904663086,0,0
2022-04-06T04:15-07:00,144.91015625,0,0
2022-04-06T04:30-07:00,144.61911010742188,0,0
2022-04-06T04:45-07:00,156.98825073242188,0,0
2022-04-06T05:00-07:00,135.2265167236328,0,0
2022-04-06T05:15-07:00,115.5672378540039,0,0
2022-04-06T05:30-07:00,146.49317932128906,0,0
2022-04-06T05:45-07:00,207.35403442382807,0,0
2022-04-06T06:00-07:00,181.32196044921875,0,0
2022-04-06T06:15-07:00,191.48155212402344,0,0
2022-04-06T06:30-07:00,200.8464813232422,0,0
2022-04-06T06:45-07:00,201.6163482666016,0,0
2022-04-06T07:00-07:00,216.75735473632807,0,0
2022-04-06T07:15-07:00,229.36007690429688,0,0
2022-04-06T07:30-07:00,213.7196044921875,0,0
2022-04-06T07:45-07:00,201.2192230224609,0,0
2022-04-06T08:00-07:00,211.95587158203125,0,0
2022-04-06T08:15-07:00,341.83514404296875,0,0
2022-04-06T08:30-07:00,231.2672576904297,0,0
2022-04-06T08:45-07:00,268.2221069335937,0,0
2022-04-06T09:00-07:00,364.0450744628906,0,0
2022-04-06T09:15-07:00,223.94772338867188,0,0
2022-04-06T09:30-07:00,242.95675659179688,0,0
2022-04-06T09:45-07:00,201.625244140625,0,0
2022-04-06T10:00-07:00,247.7729949951172,0,0
2022-04-06T10:15-07:00,288.7475280761719,0,0
2022-04-06T10:30-07:00,237.4600982666016,0,0
2022-04-06T10:45-07:00,399.16705322265625,0,0
2022-04-06T11:00-07:00,297.7841796875,0,0
2022-04-06T11:15-07:00,282.767333984375,0,0
2022-04-06T11:30-07:00,323.2023620605469,0,0
2022-04-06T11:45-07:00,231.5382080078125,0,0
2022-04-06T12:00-07:00,243.755859375,0,0
2022-04-06T12:15-07:00,307.0697021484375,0,0
2022-04-06T12:30-07:00,321.8148193359375,0,0
2022-04-06T12:45-07:00,335.8526306152344,0,0
2022-04-06T13:00-07:00,316.11376953125,0,0
2022-04-06T13:15-07:00,310.32958984375,0,0
2022-04-06T13:30-07:00,374.4790954589844,0,0
2022-04-06T13:45-07:00,273.4389038085937,0,0
2022-04-06T14:00-07:00,337.6400451660156,0,0
2022-04-06T14:15-07:00,323.3968811035156,0,0
2022-04-06T14:30-07:00,365.1467590332031,0,0
2022-04-06T14:45-07:00,380.4590759277344,0,0
2022-04-06T15:00-07:00,239.7566070556641,0,0
2022-04-06T15:15-07:00,350.8788452148437,0,0
2022-04-06T15:30-07:00,297.1966247558594,0,0
2022-04-06T15:45-07:00,267.1238708496094,0,0
2022-04-06T16:00-07:00,262.2608947753906,0,0
2022-04-06T16:15-07:00,263.163330078125,0,0
2022-04-06T16:30-07:00,276.6377258300781,0,0
2022-04-06T16:45-07:00,325.8063049316406,0,0
2022-04-06T17:00-07:00,423.7446899414063,0,0
2022-04-06T17:15-07:00,270.1622009277344,0,0
2022-04-06T17:30-07:00,233.7032928466797,0,0
2022-04-06T17:45-07:00,279.0159912109375,0,0
2022-04-06T18:00-07:00,256.8128662109375,0,0
2022-04-06T18:15-07:00,284.3412475585937,0,0
2022-04-06T18:30-07:00,248.41650390625,0,0
2022-04-06T18:45-07:00,382.74560546875,0,0
2022-04-06T19:00-07:00,410.5969848632813,0,0
2022-04-06T19:15-07:00,304.33251953125,0,0
2022-04-06T19:30-07:00,356.4960021972656,0,0
2022-04-06T19:45-07:00,284.62109375,0,0
2022-04-06T20:00-07:00,286.58062744140625,0,0
2022-04-06T20:15-07:00,278.1190795898437,0,0
2022-04-06T20:30-07:00,274.57135009765625,0,0
2022-04-06T20:45-07:00,288.37506103515625,0,0
2022-04-06T21:00-07:00,324.7040710449219,0,0
2022-04-06T21:15-07:00,320.232666015625,0,0
2022-04-06T21:30-07:00,362.3875122070313,0,0
2022-04-06T21:45-07:00,268.898193359375,0,0
2022-04-06T22:00-07:00,209.73291015625,0,0
2022-04-06T22:15-07:00,206.26223754882807,0,0
2022-04-06T22:30-07:00,243.8184356689453,0,0
2022-04-06T22:45-07:00,330.073486328125,0,0
2022-04-06T23:00-07:00,314.8135986328125,0,0
2022-04-06T23:15-07:00,194.1034240722656,0,0
2022-04-06T23:30-07:00,183.5214080810547,0,0
2022-04-06T23:45-07:00,184.10317993164065,0,0
2022-04-07T00:00-07:00,203.6513519287109,0,0
2022-04-07T00:15-07:00,187.0216217041016,0,0
2022-04-07T00:30-07:00,174.197509765625,0,0
2022-04-07T00:45-07:00,153.53240966796875,0,0
2022-04-07T01:00-07:00,169.6146240234375,0,0
2022-04-07T01:15-07:00,187.7298126220703,0,0
2022-04-07T01:30-07:00,128.62646484375,0,0
2022-04-07T01:45-07:00,130.9593505859375,0,0
2022-04-07T02:00-07:00,171.15087890625,0,0
2022-04-07T02:15-07:00,155.7882843017578,0,0
2022-04-07T02:30-07:00,133.9327850341797,0,0
2022-04-07T02:45-07:00,150.4248504638672,0,0
2022-04-07T03:00-07:00,151.46231079101562,0,0
2022-04-07T03:15-07:00,142.12208557128906,0,0
2022-04-07T03:30-07:00,134.1518096923828,0,0
2022-04-07T03:45-07:00,135.13699340820312,0,0
2022-04-07T04:00-07:00,147.09371948242188,0,0
2022-04-07T04:15-07:00,149.49136352539062,0,0
2022-04-07T04:30-07:00,128.74581909179688,0,0
2022-04-07T04:45-07:00,148.146484375,0,0
2022-04-07T05:00-07:00,151.55345153808594,0,0
2022-04-07T05:15-07:00,149.12533569335938,0,0
2022-04-07T05:30-07:00,153.35647583007812,0,0
2022-04-07T05:45-07:00,173.1589813232422,0,0
2022-04-07T06:00-07:00,180.2740020751953,0,0
2022-04-07T06:15-07:00,204.7010040283203,0,0
2022-04-07T06:30-07:00,201.4871826171875,0,0
2022-04-07T06:45-07:00,171.0238494873047,0,0
2022-04-07T07:00-07:00,182.24061584472656,0,0
2022-04-07T07:15-07:00,181.50064086914065,0,0
2022-04-07T07:30-07:00,195.471923828125,0,0
2022-04-07T07:45-07:00,189.68292236328125,0,0
2022-04-07T08:00-07:00,192.5511932373047,0,0
2022-04-07T08:15-07:00,204.68002319335935,0,0
2022-04-07T08:30-07:00,206.72201538085935,0,0
2022-04-07T08:45-07:00,243.2283172607422,0,0
2022-04-07T09:00-07:00,277.8328857421875,0,0
2022-04-07T09:15-07:00,258.466552734375,0,0
2022-04-07T09:30-07:00,227.16253662109372,0,0
2022-04-07T09:45-07:00,284.1637878417969,0,0
2022-04-07T10:00-07:00,291.5500183105469,0,0
2022-04-07T10:15-07:00,226.47796630859372,0,0
2022-04-07T10:30-07:00,270.8010559082031,0,0
2022-04-07T10:45-07:00,336.9888000488281,0,0
2022-04-07T11:00-07:00,250.6445770263672,0,0
2022-04-07T11:15-07:00,312.1722717285156,0,0
2022-04-07T11:30-07:00,319.0333251953125,0,0
2022-04-07T11:45-07:00,254.5954742431641,0,0
2022-04-07T12:00-07:00,266.8876953125,0,0
2022-04-07T12:15-07:00,298.2740783691406,0,0
2022-04-07T12:30-07:00,299.5826110839844,0,0
2022-04-07T12:45-07:00,411.5331115722656,0,0
2022-04-07T13:00-07:00,273.9202575683594,0,0
2022-04-07T13:15-07:00,417.6493225097656,0,0
2022-04-07T13:30-07:00,293.13916015625,0,0
2022-04-07T13:45-07:00,341.2942810058594,0,0
2022-04-07T14:00-07:00,394.9864807128906,0,0
2022-04-07T14:15-07:00,455.6375427246094,0,0
2022-04-07T14:30-07:00,410.8204345703125,0,0
2022-04-07T14:45-07:00,393.6200256347656,0,0
2022-04-07T15:00-07:00,295.7243347167969,0,0
2022-04-07T15:15-07:00,311.23309326171875,0,0
2022-04-07T15:30-07:00,334.631103515625,0,0
2022-04-07T15:45-07:00,287.4631652832031,0,0
2022-04-07T16:00-07:00,295.18865966796875,0,0
2022-04-07T16:15-07:00,287.3245544433594,0,0
2022-04-07T16:30-07:00,280.7059326171875,0,0
2022-04-07T16:45-07:00,322.5857849121094,0,0
2022-04-07T17:00-07:00,273.7269897460937,0,0
2022-04-07T17:15-07:00,263.3759155273437,0,0
2022-04-07T17:30-07:00,293.1710205078125,0,0
2022-04-07T17:45-07:00,282.6446838378906,0,0
2022-04-07T18:00-07:00,321.6286926269531,0,0
2022-04-07T18:15-07:00,288.9784240722656,0,0
2022-04-07T18:30-07:00,321.38330078125,0,0
2022-04-07T18:45-07:00,283.91864013671875,0,0
2022-04-07T19:00-07:00,292.70556640625,0,0
2022-04-07T19:15-07:00,352.1911926269531,0,0
2022-04-07T19:30-07:00,351.28179931640625,0,0
2022-04-07T19:45-07:00,310.32147216796875,0,0
2022-04-07T20:00-07:00,364.3293762207031,0,0
2022-04-07T20:15-07:00,326.5421447753906,0,0
2022-04-07T20:30-07:00,323.9974060058594,0,0
2022-04-07T20:45-07:00,216.6988525390625,0,0
2022-04-07T21:00-07:00,305.7663269042969,0,0
2022-04-07T21:15-07:00,342.9091796875,0,0
2022-04-07T21:30-07:00,258.04229736328125,0,0
2022-04-07T21:45-07:00,167.2043914794922,0,0
2022-04-07T22:00-07:00,188.90972900390625,0,0
2022-04-07T22:15-07:00,189.0135803222656,0,0
2022-04-07T22:30-07:00,184.11691284179688,0,0
2022-04-07T22:45-07:00,170.45228576660156,0,0
2022-04-07T23:00-07:00,182.32302856445312,0,0
2022-04-07T23:15-07:00,198.74815368652344,0,0
2022-04-07T23:30-07:00,170.64988708496094,0,0
2022-04-07T23:45-07:00,170.66258239746094,0,0
2022-04-08T00:00-07:00,180.6238555908203,0,0
2022-04-08T00:15-07:00,177.60060119628906,0,0
2022-04-08T00:30-07:00,166.608642578125,0,0
2022-04-08T00:45-07:00,167.60232543945312,0,0
2022-04-08T01:00-07:00,175.38131713867188,0,0
2022-04-08T01:15-07:00,170.15655517578125,0,0
2022-04-08T01:30-07:00,127.91901397705078,0,0
2022-04-08T01:45-07:00,117.47687530517578,0,0
2022-04-08T02:00-07:00,132.105224609375,0,0
2022-04-08T02:15-07:00,127.19538879394533,0,0
2022-04-08T02:30-07:00,132.02944946289062,0,0
2022-04-08T02:45-07:00,141.16436767578125,0,0
2022-04-08T03:00-07:00,156.78480529785156,0,0
2022-04-08T03:15-07:00,146.0409393310547,0,0
2022-04-08T03:30-07:00,164.05418395996094,0,0
2022-04-08T03:45-07:00,154.90757751464844,0,0
2022-04-08T04:00-07:00,163.83958435058594,0,0
2022-04-08T04:15-07:00,149.75527954101562,0,0
2022-04-08T04:30-07:00,140.5972442626953,0,0
2022-04-08T04:45-07:00,120.2904815673828,0,0
2022-04-08T05:00-07:00,144.63784790039062,0,0
2022-04-08T05:15-07:00,142.85494995117188,0,0
2022-04-08T05:30-07:00,128.56344604492188,0,0
2022-04-08T05:45-07:00,190.4337310791016,0,0
2022-04-08T06:00-07:00,180.7219696044922,0,0
2022-04-08T06:15-07:00,229.3370819091797,0,0
2022-04-08T06:30-07:00,228.25369262695312,0,0
2022-04-08T06:45-07:00,197.4402313232422,0,0
2022-04-08T07:00-07:00,276.63037109375,0,0
2022-04-08T07:15-07:00,223.84800720214844,0,0
2022-04-08T07:30-07:00,211.56884765625,0,0
2022-04-08T07:45-07:00,202.46075439453125,0,0
2022-04-08T08:00-07:00,195.83572387695312,0,0
2022-04-08T08:15-07:00,358.81854248046875,0,0
2022-04-08T08:30-07:00,229.8297576904297,0,0
2022-04-08T08:45-07:00,259.8690795898437,0,0
2022-04-08T09:00-07:00,268.4615783691406,0,0
2022-04-08T09:15-07:00,253.4581298828125,0,0
2022-04-08T09:30-07:00,227.4648284912109,0,0
2022-04-08T09:45-07:00,244.59078979492188,0,0
2022-04-08T10:00-07:00,211.34255981445312,0,0
2022-04-08T10:15-07:00,213.20909118652344,0,0
2022-04-08T10:30-07:00,252.4667053222656,0,0
2022-04-08T10:45-07:00,368.8130493164063,0,0
2022-04-08T11:00-07:00,301.742431640625,0,0
2022-04-08T11:15-07:00,276.8636169433594,0,0
2022-04-08T11:30-07:00,303.8211669921875,0,0
2022-04-08T11:45-07:00,254.42233276367188,0,0
2022-04-08T12:00-07:00,246.0087432861328,0,0
2022-04-08T12:15-07:00,414.9178771972656,0,0
2022-04-08T12:30-07:00,405.1051635742188,0,0
2022-04-08T12:45-07:00,396.6593017578125,0,0
2022-04-08T13:00-07:00,263.3978881835937,0,0
2022-04-08T13:15-07:00,338.5293884277344,0,0
2022-04-08T13:30-07:00,338.61676025390625,0,0
2022-04-08T13:45-07:00,275.6788330078125,0,0
2022-04-08T14:00-07:00,531.8096313476562,0,0
2022-04-08T14:15-07:00,287.52166748046875,0,0
2022-04-08T14:30-07:00,403.9595947265625,0,0
2022-04-08T14:45-07:00,413.63232421875,0,0
2022-04-08T15:00-07:00,224.3581085205078,0,0
2022-04-08T15:15-07:00,445.9320068359375,0,0
2022-04-08T15:30-07:00,341.9191589355469,0,0
2022-04-08T15:45-07:00,375.1743774414063,0,0
2022-04-08T16:00-07:00,257.9365539550781,0,0
2022-04-08T16:15-07:00,263.241943359375,0,0
2022-04-08T16:30-07:00,266.2139587402344,0,0
2022-04-08T16:45-07:00,268.4203491210937,0,0
2022-04-08T17:00-07:00,266.12939453125,0,0
2022-04-08T17:15-07:00,302.2333374023437,0,0
2022-04-08T17:30-07:00,294.6390380859375,0,0
2022-04-08T17:45-07:00,378.66943359375,0,0
2022-04-08T18:00-07:00,344.9320678710937,0,0
2022-04-08T18:15-07:00,299.7189636230469,0,0
2022-04-08T18:30-07:00,346.14599609375,0,0
2022-04-08T18:45-07:00,343.3547058105469,0,0
2022-04-08T19:00-07:00,295.688720703125,0,0
2022-04-08T19:15-07:00,394.3157958984375,0,0
2022-04-08T19:30-07:00,349.00738525390625,0,0
2022-04-08T19:45-07:00,322.32867431640625,0,0
2022-04-08T20:00-07:00,335.25653076171875,0,0
2022-04-08T20:15-07:00,341.7123718261719,0,0
2022-04-08T20:30-07:00,329.2069091796875,0,0
2022-04-08T20:45-07:00,295.00146484375,0,0
2022-04-08T21:00-07:00,276.8319091796875,0,0
2022-04-08T21:15-07:00,297.4837341308594,0,0
2022-04-08T21:30-07:00,255.94448852539065,0,0
2022-04-08T21:45-07:00,224.1472320556641,0,0
2022-04-08T22:00-07:00,223.9840087890625,0,0
2022-04-08T22:15-07:00,254.40579223632807,0,0
2022-04-08T22:30-07:00,230.7867889404297,0,0
2022-04-08T22:45-07:00,230.27804565429688,0,0
2022-04-08T23:00-07:00,236.98019409179688,0,0
2022-04-08T23:15-07:00,209.4766387939453,0,0
2022-04-08T23:30-07:00,202.70925903320312,0,0
2022-04-08T23:45-07:00,205.33140563964844,0,0
2022-04-09T00:00-07:00,219.88766479492188,0,0
2022-04-09T00:15-07:00,216.04579162597656,0,0
2022-04-09T00:30-07:00,204.8319549560547,0,0
2022-04-09T00:45-07:00,214.48748779296875,0,0
2022-04-09T01:00-07:00,234.31536865234372,0,0
2022-04-09T01:15-07:00,219.9276885986328,0,0
2022-04-09T01:30-07:00,190.50286865234372,0,0
2022-04-09T01:45-07:00,216.0858612060547,0,0
2022-04-09T02:00-07:00,213.5142517089844,0,0
2022-04-09T02:15-07:00,184.3964691162109,0,0
2022-04-09T02:30-07:00,173.34201049804688,0,0
2022-04-09T02:45-07:00,185.8470916748047,0,0
2022-04-09T03:00-07:00,180.4016571044922,0,0
2022-04-09T03:15-07:00,178.12928771972656,0,0
2022-04-09T03:30-07:00,200.1244354248047,0,0
2022-04-09T03:45-07:00,156.57826232910156,0,0
2022-04-09T04:00-07:00,163.8738250732422,0,0
2022-04-09T04:15-07:00,196.64370727539065,0,0
2022-04-09T04:30-07:00,173.87278747558594,0,0
2022-04-09T04:45-07:00,184.24961853027344,0,0
2022-04-09T05:00-07:00,177.75244140625,0,0
2022-04-09T05:15-07:00,160.60316467285156,0,0
2022-04-09T05:30-07:00,168.7531280517578,0,0
2022-04-09T05:45-07:00,163.38662719726562,0,0
2022-04-09T06:00-07:00,179.4861602783203,0,0
2022-04-09T06:15-07:00,186.33419799804688,0,0
2022-04-09T06:30-07:00,183.88536071777344,0,0
2022-04-09T06:45-07:00,173.8387908935547,0,0
2022-04-09T07:00-07:00,149.49234008789062,0,0
2022-04-09T07:15-07:00,182.3025360107422,0,0
2022-04-09T07:30-07:00,160.91065979003906,0,0
2022-04-09T07:45-07:00,155.44656372070312,0,0
2022-04-09T08:00-07:00,212.15478515625,0,0
2022-04-09T08:15-07:00,173.05767822265625,0,0
2022-04-09T08:30-07:00,163.35179138183594,0,0
2022-04-09T08:45-07:00,220.19772338867188,0,0
2022-04-09T09:00-07:00,192.5124664306641,0,0
2022-04-09T09:15-07:00,208.0729217529297,0,0
2022-04-09T09:30-07:00,206.31077575683597,0,0
2022-04-09T09:45-07:00,195.58226013183597,0,0
2022-04-09T10:00-07:00,213.0989227294922,0,0
2022-04-09T10:15-07:00,217.8193817138672,0,0
2022-04-09T10:30-07:00,205.38064575195312,0,0
2022-04-09T10:45-07:00,202.7035675048828,0,0
2022-04-09T11:00-07:00,215.3770751953125,0,0
2022-04-09T11:15-07:00,217.06497192382807,0,0
2022-04-09T11:30-07:00,224.0146942138672,0,0
2022-04-09T11:45-07:00,223.21356201171875,0,0
2022-04-09T12:00-07:00,234.92999267578125,0,0
2022-04-09T12:15-07:00,238.1477203369141,0,0
2022-04-09T12:30-07:00,210.0998687744141,0,0
2022-04-09T12:45-07:00,232.2545623779297,0,0
2022-04-09T13:00-07:00,230.72006225585935,0,0
2022-04-09T13:15-07:00,222.7619781494141,0,0
2022-04-09T13:30-07:00,238.4415740966797,0,0
2022-04-09T13:45-07:00,222.05230712890625,0,0
2022-04-09T14:00-07:00,240.86622619628903,0,0
2022-04-09T14:15-07:00,224.9702606201172,0,0
2022-04-09T14:30-07:00,223.88522338867188,0,0
2022-04-09T14:45-07:00,219.9488067626953,0,0
2022-04-09T15:00-07:00,220.96690368652344,0,0
2022-04-09T15:15-07:00,269.56219482421875,0,0
2022-04-09T15:30-07:00,277.6513671875,0,0
2022-04-09T15:45-07:00,341.6425170898437,0,0
2022-04-09T16:00-07:00,273.9060363769531,0,0
2022-04-09T16:15-07:00,285.666259765625,0,0
2022-04-09T16:30-07:00,308.66339111328125,0,0
2022-04-09T16:45-07:00,374.46673583984375,0,0
2022-04-09T17:00-07:00,280.531982421875,0,0
2022-04-09T17:15-07:00,259.678466796875,0,0
2022-04-09T17:30-07:00,219.94845581054688,0,0
2022-04-09T17:45-07:00,234.47409057617188,0,0
2022-04-09T18:00-07:00,241.26577758789065,0,0
2022-04-09T18:15-07:00,246.11729431152344,0,0
2022-04-09T18:30-07:00,371.5920715332031,0,0
2022-04-09T18:45-07:00,267.2315673828125,0,0
2022-04-09T19:00-07:00,272.6713562011719,0,0
2022-04-09T19:15-07:00,247.74693298339844,0,0
2022-04-09T19:30-07:00,249.1983642578125,0,0
2022-04-09T19:45-07:00,330.8548583984375,0,0
2022-04-09T20:00-07:00,256.8363342285156,0,0
2022-04-09T20:15-07:00,238.9711151123047,0,0
2022-04-09T20:30-07:00,237.67166137695312,0,0
2022-04-09T20:45-07:00,285.0176696777344,0,0
2022-04-09T21:00-07:00,362.3187255859375,0,0
2022-04-09T21:15-07:00,357.97216796875,0,0
2022-04-09T21:30-07:00,360.8547973632813,0,0
2022-04-09T21:45-07:00,343.6068420410156,0,0
2022-04-09T22:00-07:00,203.15521240234372,0,0
2022-04-09T22:15-07:00,388.5202026367188,0,0
2022-04-09T22:30-07:00,168.473388671875,0,0
2022-04-09T22:45-07:00,173.33824157714844,0,0
2022-04-09T23:00-07:00,177.55252075195312,0,0
2022-04-09T23:15-07:00,199.6570281982422,0,0
2022-04-09T23:30-07:00,172.34332275390625,0,0
2022-04-09T23:45-07:00,172.78041076660156,0,0
2022-04-10T00:00-07:00,149.60691833496094,0,0
2022-04-10T00:15-07:00,189.32557678222656,0,0
2022-04-10T00:30-07:00,166.02859497070312,0,0
2022-04-10T00:45-07:00,183.24485778808597,0,0
2022-04-10T01:00-07:00,182.978515625,0,0
2022-04-10T01:15-07:00,168.2364501953125,0,0
2022-04-10T01:30-07:00,124.64095306396484,0,0
2022-04-10T01:45-07:00,158.62051391601562,0,0
2022-04-10T02:00-07:00,137.05511474609375,0,0
2022-04-10T02:15-07:00,141.55186462402344,0,0
2022-04-10T02:30-07:00,150.12677001953125,0,0
2022-04-10T02:45-07:00,136.2646026611328,0,0
2022-04-10T03:00-07:00,134.78550720214844,0,0
2022-04-10T03:15-07:00,132.61090087890625,0,0
2022-04-10T03:30-07:00,140.17005920410156,0,0
2022-04-10T03:45-07:00,131.74832153320312,0,0
2022-04-10T04:00-07:00,132.169921875,0,0
2022-04-10T04:15-07:00,131.00123596191406,0,0
2022-04-10T04:30-07:00,135.6473388671875,0,0
2022-04-10T04:45-07:00,151.75396728515625,0,0
2022-04-10T05:00-07:00,152.76174926757812,0,0
2022-04-10T05:15-07:00,138.30368041992188,0,0
2022-04-10T05:30-07:00,137.46493530273438,0,0
2022-04-10T05:45-07:00,134.79364013671875,0,0
2022-04-10T06:00-07:00,155.03187561035156,0,0
2022-04-10T06:15-07:00,160.06045532226562,0,0
2022-04-10T06:30-07:00,170.42465209960938,0,0
2022-04-10T06:45-07:00,186.32522583007807,0,0
2022-04-10T07:00-07:00,127.95278930664062,0,0
2022-04-10T07:15-07:00,139.14161682128906,0,0
2022-04-10T07:30-07:00,137.7733154296875,0,0
2022-04-10T07:45-07:00,152.914794921875,0,0
2022-04-10T08:00-07:00,149.7930908203125,0,0
2022-04-10T08:15-07:00,146.12057495117188,0,0
2022-04-10T08:30-07:00,166.74319458007812,0,0
2022-04-10T08:45-07:00,169.30616760253906,0,0
2022-04-10T09:00-07:00,154.3423309326172,0,0
2022-04-10T09:15-07:00,151.78489685058594,0,0
2022-04-10T09:30-07:00,173.45315551757812,0,0
2022-04-10T09:45-07:00,193.1205596923828,0,0
2022-04-10T10:00-07:00,246.0035400390625,0,0
2022-04-10T10:15-07:00,165.4365692138672,0,0
2022-04-10T10:30-07:00,173.9931182861328,0,0
2022-04-10T10:45-07:00,161.65692138671875,0,0
2022-04-10T11:00-07:00,172.20986938476562,0,0
2022-04-10T11:15-07:00,158.10328674316406,0,0
2022-04-10T11:30-07:00,154.13726806640625,0,0
2022-04-10T11:45-07:00,154.84988403320312,0,0
2022-04-10T12:00-07:00,146.4127960205078,0,0
2022-04-10T12:15-07:00,154.55441284179688,0,0
2022-04-10T12:30-07:00,167.62002563476562,0,0
2022-04-10T12:45-07:00,176.9772186279297,0,0
2022-04-10T13:00-07:00,161.54611206054688,0,0
2022-04-10T13:15-07:00,182.00205993652344,0,0
2022-04-10T13:30-07:00,162.23777770996094,0,0
2022-04-10T13:45-07:00,181.587646484375,0,0
2022-04-10T14:00-07:00,170.2648162841797,0,0
2022-04-10T14:15-07:00,172.78700256347656,0,0
2022-04-10T14:30-07:00,183.36024475097656,0,0
2022-04-10T14:45-07:00,179.65628051757812,0,0
2022-04-10T15:00-07:00,150.6078338623047,0,0
2022-04-10T15:15-07:00,175.7287139892578,0,0
2022-04-10T15:30-07:00,162.0072784423828,0,0
2022-04-10T15:45-07:00,155.92335510253906,0,0
2022-04-10T16:00-07:00,158.42405700683594,0,0
2022-04-10T16:15-07:00,170.9583282470703,0,0
2022-04-10T16:30-07:00,166.59518432617188,0,0
2022-04-10T16:45-07:00,146.94789123535156,0,0
2022-04-10T17:00-07:00,159.2332763671875,0,0
2022-04-10T17:15-07:00,166.93186950683594,0,0
2022-04-10T17:30-07:00,161.94456481933594,0,0
2022-04-10T17:45-07:00,163.14138793945312,0,0
2022-04-10T18:00-07:00,183.42279052734372,0,0
2022-04-10T18:15-07:00,150.92214965820312,0,0
2022-04-10T18:30-07:00,173.98983764648438,0,0
2022-04-10T18:45-07:00,181.949951171875,0,0
2022-04-10T19:00-07:00,180.7918243408203,0,0
2022-04-10T19:15-07:00,177.95437622070312,0,0
2022-04-10T19:30-07:00,178.73779296875,0,0
2022-04-10T19:45-07:00,170.12564086914062,0,0
2022-04-10T20:00-07:00,175.24826049804688,0,0
2022-04-10T20:15-07:00,182.7655792236328,0,0
2022-04-10T20:30-07:00,178.40782165527344,0,0
2022-04-10T20:45-07:00,146.90086364746094,0,0
2022-04-10T21:00-07:00,131.35018920898438,0,0
2022-04-10T21:15-07:00,144.20590209960938,0,0
2022-04-10T21:30-07:00,159.24282836914062,0,0
2022-04-10T21:45-07:00,145.6011505126953,0,0
2022-04-10T22:00-07:00,152.93959045410156,0,0
2022-04-10T22:15-07:00,132.670654296875,0,0
2022-04-10T22:30-07:00,134.77658081054688,0,0
2022-04-10T22:45-07:00,170.13433837890625,0,0
2022-04-10T23:00-07:00,157.16123962402344,0,0
2022-04-10T23:15-07:00,160.0077667236328,0,0
2022-04-10T23:30-07:00,148.53985595703125,0,0
2022-04-10T23:45-07:00,123.29798889160156,0,0
2022-04-11T00:00-07:00,121.87413024902344,0,0
2022-04-11T00:15-07:00,133.77178955078125,0,0
2022-04-11T00:30-07:00,152.30679321289062,0,0
2022-04-11T00:45-07:00,148.69375610351562,0,0
2022-04-11T01:00-07:00,134.48098754882812,0,0
2022-04-11T01:15-07:00,134.72259521484375,0,0
2022-04-11T01:30-07:00,132.5660400390625,0,0
2022-04-11T01:45-07:00,158.98751831054688,0,0
2022-04-11T02:00-07:00,146.24903869628906,0,0
2022-04-11T02:15-07:00,129.31005859375,0,0
2022-04-11T02:30-07:00,145.89523315429688,0,0
2022-04-11T02:45-07:00,148.4642333984375,0,0
2022-04-11T03:00-07:00,129.3701934814453,0,0
2022-04-11T03:15-07:00,135.64447021484375,0,0
2022-04-11T03:30-07:00,155.0453338623047,0,0
2022-04-11T03:45-07:00,151.4314727783203,0,0
2022-04-11T04:00-07:00,125.38604736328124,0,0
2022-04-11T04:15-07:00,134.02371215820312,0,0
2022-04-11T04:30-07:00,133.3238067626953,0,0
2022-04-11T04:45-07:00,143.56317138671875,0,0
2022-04-11T05:00-07:00,152.41905212402344,0,0
2022-04-11T05:15-07:00,139.61802673339844,0,0
2022-04-11T05:30-07:00,133.49815368652344,0,0
2022-04-11T05:45-07:00,133.85833740234375,0,0
2022-04-11T06:00-07:00,144.47540283203125,0,0
2022-04-11T06:15-07:00,175.57696533203125,0,0
2022-04-11T06:30-07:00,170.30519104003906,0,0
2022-04-11T06:45-07:00,182.00808715820312,0,0
2022-04-11T07:00-07:00,194.99447631835935,0,0
2022-04-11T07:15-07:00,186.12600708007807,0,0
2022-04-11T07:30-07:00,174.58543395996094,0,0
2022-04-11T07:45-07:00,204.3663787841797,0,0
2022-04-11T08:00-07:00,194.88616943359372,0,0
2022-04-11T08:15-07:00,212.49383544921875,0,0
2022-04-11T08:30-07:00,209.7858123779297,0,0
2022-04-11T08:45-07:00,340.89678955078125,0,0
2022-04-11T09:00-07:00,227.0684356689453,0,0
2022-04-11T09:15-07:00,203.0262451171875,0,0
2022-04-11T09:30-07:00,229.9485626220703,0,0
2022-04-11T09:45-07:00,179.6667022705078,0,0
2022-04-11T10:00-07:00,234.87408447265625,0,0
2022-04-11T10:15-07:00,205.13638305664065,0,0
2022-04-11T10:30-07:00,224.2041931152344,0,0
2022-04-11T10:45-07:00,202.11199951171875,0,0
2022-04-11T11:00-07:00,272.9984130859375,0,0
2022-04-11T11:15-07:00,382.9797058105469,0,0
2022-04-11T11:30-07:00,337.3849792480469,0,0
2022-04-11T11:45-07:00,231.244873046875,0,0
2022-04-11T12:00-07:00,341.0359191894531,0,0
2022-04-11T12:15-07:00,267.61834716796875,0,0
2022-04-11T12:30-07:00,309.2367858886719,0,0
2022-04-11T12:45-07:00,391.65283203125,0,0
2022-04-11T13:00-07:00,293.3717346191406,0,0
2022-04-11T13:15-07:00,281.87744140625,0,0
2022-04-11T13:30-07:00,329.1828918457031,0,0
2022-04-11T13:45-07:00,290.5150451660156,0,0
2022-04-11T14:00-07:00,236.43052673339844,0,0
2022-04-11T14:15-07:00,399.33837890625,0,0
2022-04-11T14:30-07:00,267.2352294921875,0,0
2022-04-11T14:45-07:00,357.36724853515625,0,0
2022-04-11T15:00-07:00,212.83837890625,0,0
2022-04-11T15:15-07:00,241.0492248535156,0,0
2022-04-11T15:30-07:00,335.818359375,0,0
2022-04-11T15:45-07:00,198.24169921875,0,0
2022-04-11T16:00-07:00,192.83676147460935,0,0
2022-04-11T16:15-07:00,197.17678833007807,0,0
2022-04-11T16:30-07:00,249.3271026611328,0,0
2022-04-11T16:45-07:00,172.23828125,0,0
2022-04-11T17:00-07:00,170.4735107421875,0,0
2022-04-11T17:15-07:00,164.4031219482422,0,0
2022-04-11T17:30-07:00,153.25494384765625,0,0
2022-04-11T17:45-07:00,170.4459991455078,0,0
2022-04-11T18:00-07:00,175.61729431152344,0,0
2022-04-11T18:15-07:00,167.3607940673828,0,0
2022-04-11T18:30-07:00,173.5690155029297,0,0
2022-04-11T18:45-07:00,189.7872467041016,0,0
2022-04-11T19:00-07:00,194.13037109375,0,0
2022-04-11T19:15-07:00,160.32977294921875,0,0
2022-04-11T19:30-07:00,183.70469665527344,0,0
2022-04-11T19:45-07:00,161.5248260498047,0,0
2022-04-11T20:00-07:00,166.51052856445312,0,0
2022-04-11T20:15-07:00,178.24449157714844,0,0
2022-04-11T20:30-07:00,190.43185424804688,0,0
2022-04-11T20:45-07:00,136.82992553710938,0,0
2022-04-11T21:00-07:00,141.70388793945312,0,0
2022-04-11T21:15-07:00,143.5675506591797,0,0
2022-04-11T21:30-07:00,114.90371704101562,0,0
2022-04-11T21:45-07:00,143.99501037597656,0,0
2022-04-11T22:00-07:00,127.9928970336914,0,0
2022-04-11T22:15-07:00,146.35281372070312,0,0
2022-04-11T22:30-07:00,143.5140838623047,0,0
2022-04-11T22:45-07:00,146.1856689453125,0,0
2022-04-11T23:00-07:00,139.08383178710938,0,0
2022-04-11T23:15-07:00,123.96417236328124,0,0
2022-04-11T23:30-07:00,135.22801208496094,0,0
2022-04-11T23:45-07:00,122.50602722167967,0,0
2022-04-12T00:00-07:00,126.20681762695312,0,0
2022-04-12T00:15-07:00,123.35576629638672,0,0
2022-04-12T00:30-07:00,117.5199737548828,0,0
2022-04-12T00:45-07:00,128.1144256591797,0,0
2022-04-12T01:00-07:00,137.4968719482422,0,0
2022-04-12T01:15-07:00,122.64282989501952,0,0
2022-04-12T01:30-07:00,139.91961669921875,0,0
2022-04-12T01:45-07:00,159.08029174804688,0,0
2022-04-12T02:00-07:00,165.55567932128906,0,0
2022-04-12T02:15-07:00,146.32376098632812,0,0
2022-04-12T02:30-07:00,147.31427001953125,0,0
2022-04-12T02:45-07:00,156.02772521972656,0,0
2022-04-12T03:00-07:00,136.38160705566406,0,0
2022-04-12T03:15-07:00,135.83628845214844,0,0
2022-04-12T03:30-07:00,131.9623260498047,0,0
2022-04-12T03:45-07:00,128.17210388183594,0,0
2022-04-12T04:00-07:00,146.9999237060547,0,0
2022-04-12T04:15-07:00,111.37705993652344,0,0
2022-04-12T04:30-07:00,117.27497100830078,0,0
2022-04-12T04:45-07:00,137.07847595214844,0,0
2022-04-12T05:00-07:00,127.75543212890624,0,0
2022-04-12T05:15-07:00,130.23768615722656,0,0
2022-04-12T05:30-07:00,143.87734985351562,0,0
2022-04-12T05:45-07:00,130.4404754638672,0,0
2022-04-12T06:00-07:00,144.92872619628906,0,0
2022-04-12T06:15-07:00,138.88775634765625,0,0
2022-04-12T06:30-07:00,178.68238830566406,0,0
2022-04-12T06:45-07:00,160.46798706054688,0,0
2022-04-12T07:00-07:00,184.7979431152344,0,0
2022-04-12T07:15-07:00,171.94688415527344,0,0
2022-04-12T07:30-07:00,184.6627655029297,0,0
2022-04-12T07:45-07:00,179.21002197265625,0,0
2022-04-12T08:00-07:00,183.0663299560547,0,0
2022-04-12T08:15-07:00,321.2089538574219,0,0
2022-04-12T08:30-07:00,334.5809326171875,0,0
2022-04-12T08:45-07:00,212.09307861328125,0,0
2022-04-12T09:00-07:00,208.19369506835935,0,0
2022-04-12T09:15-07:00,209.8862762451172,0,0
2022-04-12T09:30-07:00,212.0592803955078,0,0
2022-04-12T09:45-07:00,211.64895629882807,0,0
2022-04-12T10:00-07:00,341.4042358398437,0,0
2022-04-12T10:15-07:00,263.8835754394531,0,0
2022-04-12T10:30-07:00,215.17697143554688,0,0
2022-04-12T10:45-07:00,243.619873046875,0,0
2022-04-12T11:00-07:00,469.4163513183594,0,0
2022-04-12T11:15-07:00,248.5768280029297,0,0
2022-04-12T11:30-07:00,283.4053039550781,0,0
2022-04-12T11:45-07:00,229.69119262695312,0,0
2022-04-12T12:00-07:00,244.2102203369141,0,0
2022-04-12T12:15-07:00,415.3932800292969,0,0
2022-04-12T12:30-07:00,408.1029968261719,0,0
2022-04-12T12:45-07:00,332.87664794921875,0,0
2022-04-12T13:00-07:00,303.8468933105469,0,0
2022-04-12T13:15-07:00,366.8274841308594,0,0
2022-04-12T13:30-07:00,449.67913818359375,0,0
2022-04-12T13:45-07:00,427.1408996582031,0,0
2022-04-12T14:00-07:00,299.0736999511719,0,0
2022-04-12T14:15-07:00,430.937255859375,0,0
2022-04-12T14:30-07:00,282.44146728515625,0,0
2022-04-12T14:45-07:00,242.5413055419922,0,0
2022-04-12T15:00-07:00,269.9491882324219,0,0
2022-04-12T15:15-07:00,424.9340515136719,0,0
2022-04-12T15:30-07:00,276.4637451171875,0,0
2022-04-12T15:45-07:00,250.01715087890625,0,0
2022-04-12T16:00-07:00,245.47422790527344,0,0
2022-04-12T16:15-07:00,301.57489013671875,0,0
2022-04-12T16:30-07:00,282.1443176269531,0,0
2022-04-12T16:45-07:00,252.1615295410156,0,0
2022-04-12T17:00-07:00,261.1395874023437,0,0
2022-04-12T17:15-07:00,277.0882873535156,0,0
2022-04-12T17:30-07:00,255.29293823242188,0,0
2022-04-12T17:45-07:00,259.72271728515625,0,0
2022-04-12T18:00-07:00,259.6639404296875,0,0
2022-04-12T18:15-07:00,230.41726684570312,0,0
2022-04-12T18:30-07:00,255.30856323242188,0,0
2022-04-12T18:45-07:00,238.8285675048828,0,0
2022-04-12T19:00-07:00,301.06573486328125,0,0
2022-04-12T19:15-07:00,290.42547607421875,0,0
2022-04-12T19:30-07:00,292.4510803222656,0,0
2022-04-12T19:45-07:00,297.9770812988281,0,0
2022-04-12T20:00-07:00,313.0566711425781,0,0
2022-04-12T20:15-07:00,247.33697509765625,0,0
2022-04-12T20:30-07:00,179.78712463378906,0,0
2022-04-12T20:45-07:00,261.5059814453125,0,0
2022-04-12T21:00-07:00,210.3524475097656,0,0
2022-04-12T21:15-07:00,203.62594604492188,0,0
2022-04-12T21:30-07:00,214.98422241210935,0,0
2022-04-12T21:45-07:00,209.28282165527344,0,0
2022-04-12T22:00-07:00,183.10076904296875,0,0
2022-04-12T22:15-07:00,172.15016174316406,0,0
2022-04-12T22:30-07:00,199.52972412109372,0,0
2022-04-12T22:45-07:00,181.31158447265625,0,0
2022-04-12T23:00-07:00,195.9164276123047,0,0
2022-04-12T23:15-07:00,171.84820556640625,0,0
2022-04-12T23:30-07:00,175.50640869140625,0,0
2022-04-12T23:45-07:00,172.64552307128906,0,0
2022-04-13T00:00-07:00,178.90472412109375,0,0
2022-04-13T00:15-07:00,181.40760803222656,0,0
2022-04-13T00:30-07:00,178.1504364013672,0,0
2022-04-13T00:45-07:00,189.18467712402344,0,0
2022-04-13T01:00-07:00,141.60125732421875,0,0
2022-04-13T01:15-07:00,153.19639587402344,0,0
2022-04-13T01:30-07:00,126.06922912597656,0,0
2022-04-13T01:45-07:00,162.9984130859375,0,0
2022-04-13T02:00-07:00,160.11935424804688,0,0
2022-04-13T02:15-07:00,132.36709594726562,0,0
2022-04-13T02:30-07:00,149.67892456054688,0,0
2022-04-13T02:45-07:00,151.49465942382812,0,0
2022-04-13T03:00-07:00,141.2318572998047,0,0
2022-04-13T03:15-07:00,143.92636108398438,0,0
2022-04-13T03:30-07:00,141.26559448242188,0,0
2022-04-13T03:45-07:00,142.42849731445312,0,0
2022-04-13T04:00-07:00,138.2581787109375,0,0
2022-04-13T04:15-07:00,153.65988159179688,0,0
2022-04-13T04:30-07:00,140.09690856933594,0,0
2022-04-13T04:45-07:00,159.0736083984375,0,0
2022-04-13T05:00-07:00,134.54202270507812,0,0
2022-04-13T05:15-07:00,154.9364013671875,0,0
2022-04-13T05:30-07:00,158.96865844726562,0,0
2022-04-13T05:45-07:00,153.4087371826172,0,0
2022-04-13T06:00-07:00,149.10765075683594,0,0
2022-04-13T06:15-07:00,156.17941284179688,0,0
2022-04-13T06:30-07:00,165.20199584960938,0,0
2022-04-13T06:45-07:00,199.2212677001953,0,0
2022-04-13T07:00-07:00,211.4937896728516,0,0
2022-04-13T07:15-07:00,199.35403442382807,0,0
2022-04-13T07:30-07:00,195.28952026367188,0,0
2022-04-13T07:45-07:00,192.4750061035156,0,0
2022-04-13T08:00-07:00,187.05126953125,0,0
2022-04-13T08:15-07:00,339.2079772949219,0,0
2022-04-13T08:30-07:00,233.3751983642578,0,0
2022-04-13T08:45-07:00,216.58599853515625,0,0
2022-04-13T09:00-07:00,358.0245666503906,0,0
2022-04-13T09:15-07:00,347.24981689453125,0,0
2022-04-13T09:30-07:00,207.5954742431641,0,0
2022-04-13T09:45-07:00,250.60870361328125,0,0
2022-04-13T10:00-07:00,231.96432495117188,0,0
2022-04-13T10:15-07:00,216.8169708251953,0,0
2022-04-13T10:30-07:00,279.4414978027344,0,0
2022-04-13T10:45-07:00,311.043701171875,0,0
2022-04-13T11:00-07:00,261.16119384765625,0,0
2022-04-13T11:15-07:00,346.5048828125,0,0
2022-04-13T11:30-07:00,260.690185546875,0,0
2022-04-13T11:45-07:00,259.3295593261719,0,0
2022-04-13T12:00-07:00,237.7613677978516,0,0
2022-04-13T12:15-07:00,256.5625,0,0
2022-04-13T12:30-07:00,220.4825134277344,0,0
2022-04-13T12:45-07:00,260.81646728515625,0,0
2022-04-13T13:00-07:00,358.1314392089844,0,0
2022-04-13T13:15-07:00,464.4366455078125,0,0
2022-04-13T13:30-07:00,242.44500732421875,0,0
2022-04-13T13:45-07:00,260.3210144042969,0,0
2022-04-13T14:00-07:00,288.87615966796875,0,0
2022-04-13T14:15-07:00,370.6318664550781,0,0
2022-04-13T14:30-07:00,354.472900390625,0,0
2022-04-13T14:45-07:00,490.3047790527344,0,0
2022-04-13T15:00-07:00,312.1487731933594,0,0
2022-04-13T15:15-07:00,443.5669555664063,0,0
2022-04-13T15:30-07:00,274.0023803710937,0,0
2022-04-13T15:45-07:00,277.3937683105469,0,0
2022-04-13T16:00-07:00,211.21153259277344,0,0
2022-04-13T16:15-07:00,242.9742584228516,0,0
2022-04-13T16:30-07:00,279.6199645996094,0,0
2022-04-13T16:45-07:00,284.78253173828125,0,0
2022-04-13T17:00-07:00,211.95523071289065,0,0
2022-04-13T17:15-07:00,274.7978820800781,0,0
2022-04-13T17:30-07:00,297.5917663574219,0,0
2022-04-13T17:45-07:00,206.2249755859375,0,0
2022-04-13T18:00-07:00,264.7272644042969,0,0
2022-04-13T18:15-07:00,229.23243713378903,0,0
2022-04-13T18:30-07:00,262.03839111328125,0,0
2022-04-13T18:45-07:00,316.9026794433594,0,0
2022-04-13T19:00-07:00,340.9313659667969,0,0
2022-04-13T19:15-07:00,263.19677734375,0,0
2022-04-13T19:30-07:00,334.2997131347656,0,0
2022-04-13T19:45-07:00,318.7258605957031,0,0
2022-04-13T20:00-07:00,345.8824768066406,0,0
2022-04-13T20:15-07:00,269.6484680175781,0,0
2022-04-13T20:30-07:00,323.3821716308594,0,0
2022-04-13T20:45-07:00,246.5471954345703,0,0
2022-04-13T21:00-07:00,353.2894287109375,0,0
2022-04-13T21:15-07:00,258.14703369140625,0,0
2022-04-13T21:30-07:00,192.0988311767578,0,0
2022-04-13T21:45-07:00,199.5818023681641,0,0
2022-04-13T22:00-07:00,176.4030303955078,0,0
2022-04-13T22:15-07:00,157.5393829345703,0,0
2022-04-13T22:30-07:00,157.3315887451172,0,0
2022-04-13T22:45-07:00,193.64601135253903,0,0
2022-04-13T23:00-07:00,182.5150451660156,0,0
2022-04-13T23:15-07:00,171.1990966796875,0,0
2022-04-13T23:30-07:00,176.33865356445312,0,0
2022-04-13T23:45-07:00,164.51417541503906,0,0
2022-04-14T00:00-07:00,159.295654296875,0,0
2022-04-14T00:15-07:00,159.12657165527344,0,0
2022-04-14T00:30-07:00,183.4115753173828,0,0
2022-04-14T00:45-07:00,177.7808837890625,0,0
2022-04-14T01:00-07:00,159.00021362304688,0,0
2022-04-14T01:15-07:00,131.60865783691406,0,0
2022-04-14T01:30-07:00,139.4877471923828,0,0
2022-04-14T01:45-07:00,133.2162628173828,0,0
2022-04-14T02:00-07:00,132.64984130859375,0,0
2022-04-14T02:15-07:00,136.98300170898438,0,0
2022-04-14T02:30-07:00,120.22727966308594,0,0
2022-04-14T02:45-07:00,116.88983154296876,0,0
2022-04-14T03:00-07:00,121.86695861816406,0,0
2022-04-14T03:15-07:00,142.56121826171875,0,0
2022-04-14T03:30-07:00,123.96150207519533,0,0
2022-04-14T03:45-07:00,121.8373031616211,0,0
2022-04-14T04:00-07:00,122.84558868408205,0,0
2022-04-14T04:15-07:00,121.3053741455078,0,0
2022-04-14T04:30-07:00,147.45970153808594,0,0
2022-04-14T04:45-07:00,125.31815338134766,0,0
2022-04-14T05:00-07:00,124.79873657226562,0,0
2022-04-14T05:15-07:00,130.84934997558594,0,0
2022-04-14T05:30-07:00,144.54586791992188,0,0
2022-04-14T05:45-07:00,143.32455444335938,0,0
2022-04-14T06:00-07:00,136.0582275390625,0,0
2022-04-14T06:15-07:00,152.5243682861328,0,0
2022-04-14T06:30-07:00,160.3226776123047,0,0
2022-04-14T06:45-07:00,180.1705017089844,0,0
2022-04-14T07:00-07:00,191.7591094970703,0,0
2022-04-14T07:15-07:00,189.68548583984372,0,0
2022-04-14T07:30-07:00,189.3373565673828,0,0
2022-04-14T07:45-07:00,0.0,16,1
2022-04-14T08:00-07:00,0.0,20,0
2022-04-14T08:15-07:00,350.74285888671875,0,0
2022-04-14T08:30-07:00,174.30801391601562,0,0
2022-04-14T08:45-07:00,179.82872009277344,0,0
2022-04-14T09:00-07:00,216.0843811035156,0,0
2022-04-14T09:15-07:00,176.35540771484375,0,0
2022-04-14T09:30-07:00,172.73231506347656,0,0
2022-04-14T09:45-07:00,337.5487976074219,0,0
2022-04-14T10:00-07:00,286.17022705078125,0,0
2022-04-14T10:15-07:00,239.3169708251953,0,0
2022-04-14T10:30-07:00,223.1543426513672,0,0
2022-04-14T10:45-07:00,358.4051818847656,0,0
2022-04-14T11:00-07:00,402.09088134765625,0,0
2022-04-14T11:15-07:00,206.73716735839844,0,0
2022-04-14T11:30-07:00,497.1848449707031,0,0
2022-04-14T11:45-07:00,325.79168701171875,0,0
2022-04-14T12:00-07:00,231.0616455078125,0,0
2022-04-14T12:15-07:00,254.6689453125,0,0
2022-04-14T12:30-07:00,302.6376647949219,0,0
2022-04-14T12:45-07:00,339.42694091796875,0,0
2022-04-14T13:00-07:00,358.7547912597656,0,0
2022-04-14T13:15-07:00,408.1468200683594,0,0
2022-04-14T13:30-07:00,302.577880859375,0,0
2022-04-14T13:45-07:00,440.53033447265625,0,0
2022-04-14T14:00-07:00,339.2445373535156,0,0
2022-04-14T14:15-07:00,372.72760009765625,0,0
2022-04-14T14:30-07:00,282.3932189941406,0,0
2022-04-14T14:45-07:00,431.3537902832031,0,0
2022-04-14T15:00-07:00,276.4230651855469,0,0
2022-04-14T15:15-07:00,318.4595031738281,0,0
2022-04-14T15:30-07:00,243.7597503662109,0,0
2022-04-14T15:45-07:00,230.56057739257807,0,0
2022-04-14T16:00-07:00,247.71044921875,0,0
2022-04-14T16:15-07:00,271.5535888671875,0,0
2022-04-14T16:30-07:00,285.86492919921875,0,0
2022-04-14T16:45-07:00,336.4295654296875,0,0
2022-04-14T17:00-07:00,263.4220275878906,0,0
2022-04-14T17:15-07:00,250.6493225097656,0,0
2022-04-14T17:30-07:00,241.3492584228516,0,0
2022-04-14T17:45-07:00,259.2075500488281,0,0
2022-04-14T18:00-07:00,281.47198486328125,0,0
2022-04-14T18:15-07:00,327.5442810058594,0,0
2022-04-14T18:30-07:00,321.25054931640625,0,0
2022-04-14T18:45-07:00,304.3533630371094,0,0
2022-04-14T19:00-07:00,247.81690979003903,0,0
2022-04-14T19:15-07:00,340.7132873535156,0,0
2022-04-14T19:30-07:00,306.7352600097656,0,0
2022-04-14T19:45-07:00,341.8934936523437,0,0
2022-04-14T20:00-07:00,266.98809814453125,0,0
2022-04-14T20:15-07:00,321.4072570800781,0,0
2022-04-14T20:30-07:00,314.3170471191406,0,0
2022-04-14T20:45-07:00,301.2412109375,0,0
2022-04-14T21:00-07:00,190.65499877929688,0,0
2022-04-14T21:15-07:00,200.83204650878903,0,0
2022-04-14T21:30-07:00,193.39585876464844,0,0
2022-04-14T21:45-07:00,178.291259765625,0,0
2022-04-14T22:00-07:00,177.42652893066406,0,0
2022-04-14T22:15-07:00,183.48345947265625,0,0
2022-04-14T22:30-07:00,183.20281982421875,0,0
2022-04-14T22:45-07:00,182.35826110839844,0,0
2022-04-14T23:00-07:00,176.32855224609375,0,0
2022-04-14T23:15-07:00,169.8853759765625,0,0
2022-04-14T23:30-07:00,173.6997833251953,0,0
2022-04-14T23:45-07:00,174.1660614013672,0,0
2022-04-15T00:00-07:00,185.7124786376953,0,0
2022-04-15T00:15-07:00,162.43704223632812,0,0
2022-04-15T00:30-07:00,174.46920776367188,0,0
2022-04-15T00:45-07:00,178.98316955566406,0,0
2022-04-15T01:00-07:00,196.40745544433597,0,0
2022-04-15T01:15-07:00,174.07546997070312,0,0
2022-04-15T01:30-07:00,194.0785980224609,0,0
2022-04-15T01:45-07:00,170.84593200683594,0,0
2022-04-15T02:00-07:00,197.1921844482422,0,0
2022-04-15T02:15-07:00,163.4476318359375,0,0
2022-04-15T02:30-07:00,174.52671813964844,0,0
2022-04-15T02:45-07:00,183.57473754882807,0,0
2022-04-15T03:00-07:00,152.3161163330078,0,0
2022-04-15T03:15-07:00,141.87033081054688,0,0
2022-04-15T03:30-07:00,133.65560913085938,0,0
2022-04-15T03:45-07:00,140.49623107910156,0,0
2022-04-15T04:00-07:00,159.2179412841797,0,0
2022-04-15T04:15-07:00,132.79591369628906,0,0
2022-04-15T04:30-07:00,131.59425354003906,0,0
2022-04-15T04:45-07:00,134.5330810546875,0,0
2022-04-15T05:00-07:00,145.1477508544922,0,0
2022-04-15T05:15-07:00,146.1824951171875,0,0
2022-04-15T05:30-07:00,150.0289764404297,0,0
2022-04-15T05:45-07:00,147.5886993408203,0,0
2022-04-15T06:00-07:00,136.51312255859375,0,0
2022-04-15T06:15-07:00,163.060546875,0,0
2022-04-15T06:30-07:00,194.51266479492188,0,0
2022-04-15T06:45-07:00,208.04296875,0,0
2022-04-15T07:00-07:00,197.90866088867188,0,0
2022-04-15T07:15-07:00,197.1868896484375,0,0
2022-04-15T07:30-07:00,202.0675811767578,0,0
2022-04-15T07:45-07:00,187.63119506835935,0,0
2022-04-15T08:00-07:00,220.5205841064453,0,0
2022-04-15T08:15-07:00,198.1156768798828,0,0
2022-04-15T08:30-07:00,228.79942321777344,0,0
2022-04-15T08:45-07:00,308.6749267578125,0,0
2022-04-15T09:00-07:00,223.5601348876953,0,0
2022-04-15T09:15-07:00,216.4795684814453,0,0
2022-04-15T09:30-07:00,212.7389068603516,0,0
2022-04-15T09:45-07:00,353.9210205078125,0,0
2022-04-15T10:00-07:00,202.16331481933597,0,0
2022-04-15T10:15-07:00,203.73126220703125,0,0
2022-04-15T10:30-07:00,382.3150634765625,0,0
2022-04-15T10:45-07:00,236.73416137695312,0,0
2022-04-15T11:00-07:00,405.8849487304688,0,0
2022-04-15T11:15-07:00,260.526611328125,0,0
2022-04-15T11:30-07:00,338.43414306640625,0,0
2022-04-15T11:45-07:00,266.4248046875,0,0
2022-04-15T12:00-07:00,242.3246917724609,0,0
2022-04-15T12:15-07:00,366.3758239746094,0,0
2022-04-15T12:30-07:00,265.00518798828125,0,0
2022-04-15T12:45-07:00,303.82110595703125,0,0
2022-04-15T13:00-07:00,391.2372741699219,0,0
2022-04-15T13:15-07:00,298.23248291015625,0,0
2022-04-15T13:30-07:00,343.0707397460937,0,0
2022-04-15T13:45-07:00,361.5056762695313,0,0
2022-04-15T14:00-07:00,291.48065185546875,0,0
2022-04-15T14:15-07:00,426.02532958984375,0,0
2022-04-15T14:30-07:00,319.0960693359375,0,0
2022-04-15T14:45-07:00,279.93603515625,0,0
2022-04-15T15:00-07:00,268.9989624023437,0,0
2022-04-15T15:15-07:00,379.3100891113281,0,0
2022-04-15T15:30-07:00,293.7637939453125,0,0
2022-04-15T15:45-07:00,239.7369842529297,0,0
2022-04-15T16:00-07:00,238.0950927734375,0,0
2022-04-15T16:15-07:00,230.68826293945312,0,0
2022-04-15T16:30-07:00,235.7223052978516,0,0
2022-04-15T16:45-07:00,237.1725311279297,0,0
2022-04-15T17:00-07:00,259.2811584472656,0,0
2022-04-15T17:15-07:00,250.9663848876953,0,0
2022-04-15T17:30-07:00,288.5234375,0,0
2022-04-15T17:45-07:00,243.64537048339844,0,0
2022-04-15T18:00-07:00,253.9759826660156,0,0
2022-04-15T18:15-07:00,234.8616485595703,0,0
2022-04-15T18:30-07:00,229.91954040527344,0,0
2022-04-15T18:45-07:00,280.43341064453125,0,0
2022-04-15T19:00-07:00,279.14825439453125,0,0
2022-04-15T19:15-07:00,274.9285583496094,0,0
2022-04-15T19:30-07:00,255.42042541503903,0,0
2022-04-15T19:45-07:00,292.1654968261719,0,0
2022-04-15T20:00-07:00,292.4369201660156,0,0
2022-04-15T20:15-07:00,347.8246765136719,0,0
2022-04-15T20:30-07:00,191.15579223632807,0,0
2022-04-15T20:45-07:00,168.8975067138672,0,0
2022-04-15T21:00-07:00,257.38250732421875,0,0
2022-04-15T21:15-07:00,185.87185668945312,0,0
2022-04-15T21:30-07:00,193.31576538085935,0,0
2022-04-15T21:45-07:00,181.6446228027344,0,0
2022-04-15T22:00-07:00,190.50030517578125,0,0
2022-04-15T22:15-07:00,185.6659393310547,0,0
2022-04-15T22:30-07:00,181.9653778076172,0,0
2022-04-15T22:45-07:00,185.24383544921875,0,0
2022-04-15T23:00-07:00,185.3828125,0,0
2022-04-15T23:15-07:00,165.98910522460938,0,0
2022-04-15T23:30-07:00,156.369140625,0,0
2022-04-15T23:45-07:00,176.45826721191406,0,0
2022-04-16T00:00-07:00,192.1075439453125,0,0
2022-04-16T00:15-07:00,163.826171875,0,0
2022-04-16T00:30-07:00,161.28582763671875,0,0
2022-04-16T00:45-07:00,165.12124633789062,0,0
2022-04-16T01:00-07:00,181.8903961181641,0,0
2022-04-16T01:15-07:00,159.54042053222656,0,0
2022-04-16T01:30-07:00,178.82472229003906,0,0
2022-04-16T01:45-07:00,183.4062347412109,0,0
2022-04-16T02:00-07:00,191.25344848632807,0,0
2022-04-16T02:15-07:00,188.2896728515625,0,0
2022-04-16T02:30-07:00,163.11138916015625,0,0
2022-04-16T02:45-07:00,197.0054168701172,0,0
2022-04-16T03:00-07:00,153.39434814453125,0,0
2022-04-16T03:15-07:00,132.68841552734375,0,0
2022-04-16T03:30-07:00,158.63839721679688,0,0
2022-04-16T03:45-07:00,142.16162109375,0,0
2022-04-16T04:00-07:00,145.018798828125,0,0
2022-04-16T04:15-07:00,135.99984741210938,0,0
2022-04-16T04:30-07:00,144.2332763671875,0,0
2022-04-16T04:45-07:00,135.0991668701172,0,0
2022-04-16T05:00-07:00,143.95437622070312,0,0
2022-04-16T05:15-07:00,137.56246948242188,0,0
2022-04-16T05:30-07:00,150.93418884277344,0,0
2022-04-16T05:45-07:00,139.04635620117188,0,0
2022-04-16T06:00-07:00,167.16908264160156,0,0
2022-04-16T06:15-07:00,132.55581665039062,0,0
2022-04-16T06:30-07:00,150.8668212890625,0,0
2022-04-16T06:45-07:00,142.90985107421875,0,0
2022-04-16T07:00-07:00,127.8880844116211,0,0
2022-04-16T07:15-07:00,139.32188415527344,0,0
2022-04-16T07:30-07:00,146.07235717773438,0,0
2022-04-16T07:45-07:00,154.03244018554688,0,0
2022-04-16T08:00-07:00,130.77426147460938,0,0
2022-04-16T08:15-07:00,127.64852905273438,0,0
2022-04-16T08:30-07:00,164.76795959472656,0,0
2022-04-16T08:45-07:00,180.48634338378903,0,0
2022-04-16T09:00-07:00,209.1830139160156,0,0
2022-04-16T09:15-07:00,186.3844451904297,0,0
2022-04-16T09:30-07:00,177.60304260253906,0,0
2022-04-16T09:45-07:00,179.72142028808594,0,0
2022-04-16T10:00-07:00,168.0526580810547,0,0
2022-04-16T10:15-07:00,193.0003662109375,0,0
2022-04-16T10:30-07:00,164.12530517578125,0,0
2022-04-16T10:45-07:00,163.7938232421875,0,0
2022-04-16T11:00-07:00,215.14971923828125,0,0
2022-04-16T11:15-07:00,251.45962524414065,0,0
2022-04-16T11:30-07:00,327.23760986328125,0,0
2022-04-16T11:45-07:00,205.28823852539065,0,0
2022-04-16T12:00-07:00,205.84381103515625,0,0
2022-04-16T12:15-07:00,231.29473876953125,0,0
2022-04-16T12:30-07:00,208.46340942382807,0,0
2022-04-16T12:45-07:00,191.28929138183597,0,0
2022-04-16T13:00-07:00,174.87295532226562,0,0
2022-04-16T13:15-07:00,190.629150390625,0,0
2022-04-16T13:30-07:00,246.1602478027344,0,0
2022-04-16T13:45-07:00,195.76258850097656,0,0
2022-04-16T14:00-07:00,174.5007781982422,0,0
2022-04-16T14:15-07:00,162.10865783691406,0,0
2022-04-16T14:30-07:00,160.96377563476562,0,0
2022-04-16T14:45-07:00,156.74041748046875,0,0
2022-04-16T15:00-07:00,187.33143615722656,0,0
2022-04-16T15:15-07:00,191.7188873291016,0,0
2022-04-16T15:30-07:00,187.35247802734372,0,0
2022-04-16T15:45-07:00,193.7485809326172,0,0
2022-04-16T16:00-07:00,184.84657287597656,0,0
2022-04-16T16:15-07:00,166.94483947753906,0,0
2022-04-16T16:30-07:00,137.74122619628906,0,0
2022-04-16T16:45-07:00,186.2880401611328,0,0
2022-04-16T17:00-07:00,154.62901306152344,0,0
2022-04-16T17:15-07:00,161.62928771972656,0,0
2022-04-16T17:30-07:00,167.36758422851562,0,0
2022-04-16T17:45-07:00,167.30062866210938,0,0
2022-04-16T18:00-07:00,148.15655517578125,0,0
2022-04-16T18:15-07:00,151.15133666992188,0,0
2022-04-16T18:30-07:00,151.059814453125,0,0
2022-04-16T18:45-07:00,158.91319274902344,0,0
2022-04-16T19:00-07:00,153.9704132080078,0,0
2022-04-16T19:15-07:00,138.00404357910156,0,0
2022-04-16T19:30-07:00,163.8737030029297,0,0
2022-04-16T19:45-07:00,143.51341247558594,0,0
2022-04-16T20:00-07:00,167.5149383544922,0,0
2022-04-16T20:15-07:00,141.633056640625,0,0
2022-04-16T20:30-07:00,138.19943237304688,0,0
2022-04-16T20:45-07:00,124.53346252441406,0,0
2022-04-16T21:00-07:00,139.6207733154297,0,0
2022-04-16T21:15-07:00,129.9189453125,0,0
2022-04-16T21:30-07:00,137.9145965576172,0,0
2022-04-16T21:45-07:00,126.0137710571289,0,0
2022-04-16T22:00-07:00,127.7757568359375,0,0
2022-04-16T22:15-07:00,123.31888580322266,0,0
2022-04-16T22:30-07:00,128.00328063964844,0,0
2022-04-16T22:45-07:00,112.5223388671875,0,0
2022-04-16T23:00-07:00,136.00955200195312,0,0
2022-04-16T23:15-07:00,116.7188720703125,0,0
2022-04-16T23:30-07:00,129.4601593017578,0,0
2022-04-16T23:45-07:00,118.05744171142578,0,0
2022-04-17T00:00-07:00,128.66368103027344,0,0
2022-04-17T00:15-07:00,115.81568908691406,0,0
2022-04-17T00:30-07:00,101.26074981689452,0,0
2022-04-17T00:45-07:00,123.23130798339844,0,0
2022-04-17T01:00-07:00,122.4741668701172,0,0
2022-04-17T01:15-07:00,120.82862091064452,0,0
2022-04-17T01:30-07:00,113.71996307373048,0,0
2022-04-17T01:45-07:00,127.7454605102539,0,0
2022-04-17T02:00-07:00,106.10525512695312,0,0
2022-04-17T02:15-07:00,108.908935546875,0,0
2022-04-17T02:30-07:00,97.29122924804688,0,0
2022-04-17T02:45-07:00,116.22694396972656,0,0
2022-04-17T03:00-07:00,135.30276489257812,0,0
2022-04-17T03:15-07:00,126.60449981689452,0,0
2022-04-17T03:30-07:00,118.42821502685548,0,0
2022-04-17T03:45-07:00,120.21511840820312,0,0
2022-04-17T04:00-07:00,117.46324157714844,0,0
2022-04-17T04:15-07:00,119.458984375,0,0
2022-04-17T04:30-07:00,103.4491958618164,0,0
2022-04-17T04:45-07:00,100.44525146484376,0,0
2022-04-17T05:00-07:00,142.84751892089844,0,0
2022-04-17T05:15-07:00,116.3781509399414,0,0
2022-04-17T05:30-07:00,142.62045288085938,0,0
2022-04-17T05:45-07:00,163.0264434814453,0,0
2022-04-17T06:00-07:00,183.14453125,0,0
2022-04-17T06:15-07:00,195.10028076171875,0,0
2022-04-17T06:30-07:00,190.46229553222656,0,0
2022-04-17T06:45-07:00,201.8293914794922,0,0
2022-04-17T07:00-07:00,325.1259460449219,0,0
2022-04-17T07:15-07:00,334.3758544921875,0,0
2022-04-17T07:30-07:00,268.9444885253906,0,0
2022-04-17T07:45-07:00,351.17840576171875,0,0
2022-04-17T08:00-07:00,228.9792022705078,0,0
2022-04-17T08:15-07:00,269.6585388183594,0,0
2022-04-17T08:30-07:00,224.22976684570312,0,0
2022-04-17T08:45-07:00,287.92724609375,0,0
2022-04-17T09:00-07:00,417.1993103027344,0,0
2022-04-17T09:15-07:00,288.8837280273437,0,0
2022-04-17T09:30-07:00,379.2573547363281,0,0
2022-04-17T09:45-07:00,284.08428955078125,0,0
2022-04-17T10:00-07:00,295.6051025390625,0,0
2022-04-17T10:15-07:00,298.9434814453125,0,0
2022-04-17T10:30-07:00,446.5786437988281,0,0
2022-04-17T10:45-07:00,385.6781921386719,0,0
2022-04-17T11:00-07:00,415.428466796875,0,0
2022-04-17T11:15-07:00,273.3229064941406,0,0
2022-04-17T11:30-07:00,273.2137756347656,0,0
2022-04-17T11:45-07:00,422.4494323730469,0,0
2022-04-17T12:00-07:00,325.80328369140625,0,0
2022-04-17T12:15-07:00,404.4747314453125,0,0
2022-04-17T12:30-07:00,253.1324462890625,0,0
2022-04-17T12:45-07:00,256.867919921875,0,0
2022-04-17T13:00-07:00,359.76397705078125,0,0
2022-04-17T13:15-07:00,310.2662353515625,0,0
2022-04-17T13:30-07:00,296.0079040527344,0,0
2022-04-17T13:45-07:00,408.54241943359375,0,0
2022-04-17T14:00-07:00,389.227294921875,0,0
2022-04-17T14:15-07:00,282.9669494628906,0,0
2022-04-17T14:30-07:00,381.0075988769531,0,0
2022-04-17T14:45-07:00,356.37139892578125,0,0
2022-04-17T15:00-07:00,273.7087707519531,0,0
2022-04-17T15:15-07:00,294.05340576171875,0,0
2022-04-17T15:30-07:00,356.75885009765625,0,0
2022-04-17T15:45-07:00,351.5914306640625,0,0
2022-04-17T16:00-07:00,263.6995849609375,0,0
2022-04-17T16:15-07:00,236.63714599609372,0,0
2022-04-17T16:30-07:00,316.2057189941406,0,0
2022-04-17T16:45-07:00,316.8024597167969,0,0
2022-04-17T17:00-07:00,196.97775268554688,0,0
2022-04-17T17:15-07:00,230.59048461914065,0,0
2022-04-17T17:30-07:00,163.5235595703125,0,0
2022-04-17T17:45-07:00,157.9140167236328,0,0
2022-04-17T18:00-07:00,168.7246856689453,0,0
2022-04-17T18:15-07:00,167.63107299804688,0,0
2022-04-17T18:30-07:00,143.876953125,0,0
2022-04-17T18:45-07:00,151.4483184814453,0,0
2022-04-17T19:00-07:00,135.83285522460938,0,0
2022-04-17T19:15-07:00,171.81553649902344,0,0
2022-04-17T19:30-07:00,167.94296264648438,0,0
2022-04-17T19:45-07:00,166.92788696289062,0,0
2022-04-17T20:00-07:00,161.22201538085938,0,0
2022-04-17T20:15-07:00,165.51231384277344,0,0
2022-04-17T20:30-07:00,180.94309997558597,0,0
2022-04-17T20:45-07:00,123.27289581298828,0,0
2022-04-17T21:00-07:00,148.17623901367188,0,0
2022-04-17T21:15-07:00,130.1063232421875,0,0
2022-04-17T21:30-07:00,131.8013916015625,0,0
2022-04-17T21:45-07:00,121.25237274169922,0,0
2022-04-17T22:00-07:00,128.7190704345703,0,0
2022-04-17T22:15-07:00,125.48463439941406,0,0
2022-04-17T22:30-07:00,124.65342712402344,0,0
2022-04-17T22:45-07:00,134.9393310546875,0,0
2022-04-17T23:00-07:00,124.7051239013672,0,0
2022-04-17T23:15-07:00,155.56295776367188,0,0
2022-04-17T23:30-07:00,118.59313201904295,0,0
2022-04-17T23:45-07:00,136.19818115234375,0,0
2022-04-18T00:00-07:00,208.87564086914065,0,0
2022-04-18T00:15-07:00,126.19056701660156,0,0
2022-04-18T00:30-07:00,120.59555053710938,0,0
2022-04-18T00:45-07:00,110.77975463867188,0,0
2022-04-18T01:00-07:00,135.7527313232422,0,0
2022-04-18T01:15-07:00,121.72421264648438,0,0
2022-04-18T01:30-07:00,125.9725112915039,0,0
2022-04-18T01:45-07:00,110.1223373413086,0,0
2022-04-18T02:00-07:00,120.1714324951172,0,0
2022-04-18T02:15-07:00,122.87810516357422,0,0
2022-04-18T02:30-07:00,125.21897888183594,0,0
2022-04-18T02:45-07:00,125.66472625732422,0,0
2022-04-18T03:00-07:00,140.3062744140625,0,0
2022-04-18T03:15-07:00,143.96237182617188,0,0
2022-04-18T03:30-07:00,131.5066680908203,0,0
2022-04-18T03:45-07:00,117.61146545410156,0,0
2022-04-18T04:00-07:00,131.16722106933594,0,0
2022-04-18T04:15-07:00,112.39676666259766,0,0
2022-04-18T04:30-07:00,125.55992889404295,0,0
2022-04-18T04:45-07:00,115.60821533203124,0,0
2022-04-18T05:00-07:00,125.60086822509766,0,0
2022-04-18T05:15-07:00,113.39248657226562,0,0
2022-04-18T05:30-07:00,134.18138122558594,0,0
2022-04-18T05:45-07:00,110.97295379638672,0,0
2022-04-18T06:00-07:00,147.0437774658203,0,0
2022-04-18T06:15-07:00,155.67874145507812,0,0
2022-04-18T06:30-07:00,169.86819458007812,0,0
2022-04-18T06:45-07:00,166.06887817382812,0,0
2022-04-18T07:00-07:00,142.51991271972656,0,0
2022-04-18T07:15-07:00,166.19619750976562,0,0
2022-04-18T07:30-07:00,135.2068328857422,0,0
2022-04-18T07:45-07:00,168.99681091308594,0,0
2022-04-18T08:00-07:00,174.9642333984375,0,0
2022-04-18T08:15-07:00,162.2432861328125,0,0
2022-04-18T08:30-07:00,148.12982177734375,0,0
2022-04-18T08:45-07:00,138.981689453125,0,0
2022-04-18T09:00-07:00,191.20851135253903,0,0
2022-04-18T09:15-07:00,198.2139434814453,0,0
2022-04-18T09:30-07:00,197.96237182617188,0,0
2022-04-18T09:45-07:00,185.05918884277344,0,0
2022-04-18T10:00-07:00,195.03289794921875,0,0
2022-04-18T10:15-07:00,260.03564453125,0,0
2022-04-18T10:30-07:00,202.2254638671875,0,0
2022-04-18T10:45-07:00,259.1570739746094,0,0
2022-04-18T11:00-07:00,196.4890899658203,0,0
2022-04-18T11:15-07:00,233.4365997314453,0,0
2022-04-18T11:30-07:00,261.7536315917969,0,0
2022-04-18T11:45-07:00,239.73114013671875,0,0
2022-04-18T12:00-07:00,321.6641540527344,0,0
2022-04-18T12:15-07:00,362.296875,0,0
2022-04-18T12:30-07:00,254.0545959472656,0,0
2022-04-18T12:45-07:00,321.9703063964844,0,0
2022-04-18T13:00-07:00,398.7062683105469,0,0
2022-04-18T13:15-07:00,282.2592468261719,0,0
2022-04-18T13:30-07:00,293.6589050292969,0,0
2022-04-18T13:45-07:00,286.30816650390625,0,0
2022-04-18T14:00-07:00,405.80126953125,0,0
2022-04-18T14:15-07:00,299.3877868652344,0,0
2022-04-18T14:30-07:00,209.7005157470703,0,0
2022-04-18T14:45-07:00,225.99246215820312,0,0
2022-04-18T15:00-07:00,211.2210998535156,0,0
2022-04-18T15:15-07:00,200.4380340576172,0,0
2022-04-18T15:30-07:00,197.91436767578125,0,0
2022-04-18T15:45-07:00,195.28598022460935,0,0
2022-04-18T16:00-07:00,179.8865203857422,0,0
2022-04-18T16:15-07:00,173.06011962890625,0,0
2022-04-18T16:30-07:00,194.58938598632807,0,0
2022-04-18T16:45-07:00,176.29660034179688,0,0
2022-04-18T17:00-07:00,156.45591735839844,0,0
2022-04-18T17:15-07:00,164.8160858154297,0,0
2022-04-18T17:30-07:00,163.38792419433594,0,0
2022-04-18T17:45-07:00,157.0577850341797,0,0
2022-04-18T18:00-07:00,171.5019073486328,0,0
2022-04-18T18:15-07:00,148.3168487548828,0,0
2022-04-18T18:30-07:00,161.75888061523438,0,0
2022-04-18T18:45-07:00,187.0664520263672,0,0
2022-04-18T19:00-07:00,182.78907775878903,0,0
2022-04-18T19:15-07:00,178.87725830078125,0,0
2022-04-18T19:30-07:00,183.23907470703125,0,0
2022-04-18T19:45-07:00,167.87828063964844,0,0
2022-04-18T20:00-07:00,187.2990875244141,0,0
2022-04-18T20:15-07:00,154.05648803710938,0,0
2022-04-18T20:30-07:00,161.54067993164062,0,0
2022-04-18T20:45-07:00,116.01510620117188,0,0
2022-04-18T21:00-07:00,138.46170043945312,0,0
2022-04-18T21:15-07:00,127.91702270507812,0,0
2022-04-18T21:30-07:00,157.12010192871094,0,0
2022-04-18T21:45-07:00,139.263671875,0,0
2022-04-18T22:00-07:00,151.81353759765625,0,0
2022-04-18T22:15-07:00,145.18153381347656,0,0
2022-04-18T22:30-07:00,101.39306640625,0,0
2022-04-18T22:45-07:00,123.27042388916016,0,0
2022-04-18T23:00-07:00,109.05867004394533,0,0
2022-04-18T23:15-07:00,124.03250122070312,0,0
2022-04-18T23:30-07:00,114.6602554321289,0,0
2022-04-18T23:45-07:00,99.37242889404295,0,0
2022-04-19T00:00-07:00,133.02293395996094,0,0
2022-04-19T00:15-07:00,116.33577728271484,0,0
2022-04-19T00:30-07:00,109.50308227539062,0,0
2022-04-19T00:45-07:00,115.79568481445312,0,0
2022-04-19T01:00-07:00,118.63099670410156,0,0
2022-04-19T01:15-07:00,113.92469787597656,0,0
2022-04-19T01:30-07:00,122.91156005859376,0,0
2022-04-19T01:45-07:00,109.00138092041016,0,0
2022-04-19T02:00-07:00,116.68376922607422,0,0
2022-04-19T02:15-07:00,113.25082397460938,0,0
2022-04-19T02:30-07:00,125.39481353759766,0,0
2022-04-19T02:45-07:00,98.2012176513672,0,0
2022-04-19T03:00-07:00,121.19448852539062,0,0
2022-04-19T03:15-07:00,117.91321563720705,0,0
2022-04-19T03:30-07:00,108.03923034667967,0,0
2022-04-19T03:45-07:00,122.46611785888672,0,0
2022-04-19T04:00-07:00,122.47265625,0,0
2022-04-19T04:15-07:00,132.03756713867188,0,0
2022-04-19T04:30-07:00,107.44982147216795,0,0
2022-04-19T04:45-07:00,122.17565155029295,0,0
2022-04-19T05:00-07:00,145.34693908691406,0,0
2022-04-19T05:15-07:00,136.878662109375,0,0
2022-04-19T05:30-07:00,118.17567443847656,0,0
2022-04-19T05:45-07:00,120.31780242919922,0,0
2022-04-19T06:00-07:00,110.64093780517578,0,0
2022-04-19T06:15-07:00,170.32843017578125,0,0
2022-04-19T06:30-07:00,150.0753631591797,0,0
2022-04-19T06:45-07:00,181.59230041503903,0,0
2022-04-19T07:00-07:00,148.79666137695312,0,0
2022-04-19T07:15-07:00,159.31149291992188,0,0
2022-04-19T07:30-07:00,179.9853973388672,0,0
2022-04-19T07:45-07:00,169.7907257080078,0,0
2022-04-19T08:00-07:00,164.67938232421875,0,0
2022-04-19T08:15-07:00,201.20559692382807,0,0
2022-04-19T08:30-07:00,165.23394775390625,0,0
2022-04-19T08:45-07:00,353.2969055175781,0,0
2022-04-19T09:00-07:00,204.21990966796875,0,0
2022-04-19T09:15-07:00,209.6092834472656,0,0
2022-04-19T09:30-07:00,193.7401580810547,0,0
2022-04-19T09:45-07:00,298.3544616699219,0,0
2022-04-19T10:00-07:00,214.5933837890625,0,0
2022-04-19T10:15-07:00,274.72296142578125,0,0
2022-04-19T10:30-07:00,232.9987030029297,0,0
2022-04-19T10:45-07:00,333.089111328125,0,0
2022-04-19T11:00-07:00,198.5450592041016,0,0
2022-04-19T11:15-07:00,247.150390625,0,0
2022-04-19T11:30-07:00,228.76019287109372,0,0
2022-04-19T11:45-07:00,234.6106719970703,0,0
2022-04-19T12:00-07:00,215.9902801513672,0,0
2022-04-19T12:15-07:00,229.75296020507807,0,0
2022-04-19T12:30-07:00,279.2255554199219,0,0
2022-04-19T12:45-07:00,248.79168701171875,0,0
2022-04-19T13:00-07:00,266.77423095703125,0,0
2022-04-19T13:15-07:00,403.6223754882813,0,0
2022-04-19T13:30-07:00,299.51513671875,0,0
2022-04-19T13:45-07:00,296.2887878417969,0,0
2022-04-19T14:00-07:00,285.8379821777344,0,0
2022-04-19T14:15-07:00,434.8080749511719,0,0
2022-04-19T14:30-07:00,437.3803405761719,0,0
2022-04-19T14:45-07:00,307.5903625488281,0,0
2022-04-19T15:00-07:00,259.8785400390625,0,0
2022-04-19T15:15-07:00,434.81201171875,0,0
2022-04-19T15:30-07:00,325.0386962890625,0,0
2022-04-19T15:45-07:00,240.75863647460935,0,0
2022-04-19T16:00-07:00,235.0655670166016,0,0
2022-04-19T16:15-07:00,279.6678771972656,0,0
2022-04-19T16:30-07:00,302.3129272460937,0,0
2022-04-19T16:45-07:00,268.3385009765625,0,0
2022-04-19T17:00-07:00,265.2410583496094,0,0
2022-04-19T17:15-07:00,304.4150695800781,0,0
2022-04-19T17:30-07:00,342.8775939941406,0,0
2022-04-19T17:45-07:00,227.68145751953125,0,0
2022-04-19T18:00-07:00,303.4910888671875,0,0
2022-04-19T18:15-07:00,246.4007873535156,0,0
2022-04-19T18:30-07:00,370.4436950683594,0,0
2022-04-19T18:45-07:00,265.1615600585937,0,0
2022-04-19T19:00-07:00,273.6686096191406,0,0
2022-04-19T19:15-07:00,293.19708251953125,0,0
2022-04-19T19:30-07:00,368.27581787109375,0,0
2022-04-19T19:45-07:00,290.9901733398437,0,0
2022-04-19T20:00-07:00,292.8747863769531,0,0
2022-04-19T20:15-07:00,248.7865447998047,0,0
2022-04-19T20:30-07:00,248.946044921875,0,0
2022-04-19T20:45-07:00,181.54644775390625,0,0
2022-04-19T21:00-07:00,199.3168182373047,0,0
2022-04-19T21:15-07:00,173.8768768310547,0,0
2022-04-19T21:30-07:00,185.1031036376953,0,0
2022-04-19T21:45-07:00,181.827880859375,0,0
2022-04-19T22:00-07:00,181.9468994140625,0,0
2022-04-19T22:15-07:00,178.09744262695312,0,0
2022-04-19T22:30-07:00,179.59999084472656,0,0
2022-04-19T22:45-07:00,168.75164794921875,0,0
2022-04-19T23:00-07:00,173.3277587890625,0,0
2022-04-19T23:15-07:00,163.9138641357422,0,0
2022-04-19T23:30-07:00,152.36566162109375,0,0
2022-04-19T23:45-07:00,154.1335906982422,0,0
2022-04-20T00:00-07:00,171.47862243652344,0,0
2022-04-20T00:15-07:00,147.87539672851562,0,0
2022-04-20T00:30-07:00,150.0084686279297,0,0
2022-04-20T00:45-07:00,167.8749237060547,0,0
2022-04-20T01:00-07:00,173.60255432128906,0,0
2022-04-20T01:15-07:00,159.79270935058594,0,0
2022-04-20T01:30-07:00,164.94998168945312,0,0
2022-04-20T01:45-07:00,155.37672424316406,0,0
2022-04-20T02:00-07:00,147.21096801757812,0,0
2022-04-20T02:15-07:00,157.79412841796875,0,0
2022-04-20T02:30-07:00,158.0808563232422,0,0
2022-04-20T02:45-07:00,108.75497436523438,0,0
2022-04-20T03:00-07:00,138.75631713867188,0,0
2022-04-20T03:15-07:00,129.33692932128906,0,0
2022-04-20T03:30-07:00,128.203125,0,0
2022-04-20T03:45-07:00,137.38082885742188,0,0
2022-04-20T04:00-07:00,137.14881896972656,0,0
2022-04-20T04:15-07:00,113.68502807617188,0,0
2022-04-20T04:30-07:00,116.51676177978516,0,0
2022-04-20T04:45-07:00,123.50653839111328,0,0
2022-04-20T05:00-07:00,130.177978515625,0,0
2022-04-20T05:15-07:00,121.60941314697266,0,0
2022-04-20T05:30-07:00,99.9133529663086,0,0
2022-04-20T05:45-07:00,96.42991638183594,0,0
2022-04-20T06:00-07:00,137.7059326171875,0,0
2022-04-20T06:15-07:00,193.0918426513672,0,0
2022-04-20T06:30-07:00,176.97084045410156,0,0
2022-04-20T06:45-07:00,189.0570831298828,0,0
2022-04-20T07:00-07:00,197.01675415039065,0,0
2022-04-20T07:15-07:00,215.1025848388672,0,0
2022-04-20T07:30-07:00,201.78787231445312,0,0
2022-04-20T07:45-07:00,170.0809326171875,0,0
2022-04-20T08:00-07:00,212.91539001464844,0,0
2022-04-20T08:15-07:00,310.5947570800781,0,0
2022-04-20T08:30-07:00,179.17063903808594,0,0
2022-04-20T08:45-07:00,198.53472900390625,0,0
2022-04-20T09:00-07:00,223.2644195556641,0,0
2022-04-20T09:15-07:00,195.8907165527344,0,0
2022-04-20T09:30-07:00,202.42037963867188,0,0
2022-04-20T09:45-07:00,248.36984252929688,0,0
2022-04-20T10:00-07:00,212.5370330810547,0,0
2022-04-20T10:15-07:00,301.96881103515625,0,0
2022-04-20T10:30-07:00,265.3749694824219,0,0
2022-04-20T10:45-07:00,273.1063232421875,0,0
2022-04-20T11:00-07:00,269.2962341308594,0,0
2022-04-20T11:15-07:00,295.5343017578125,0,0
2022-04-20T11:30-07:00,428.9161987304688,0,0
2022-04-20T11:45-07:00,269.03729248046875,0,0
2022-04-20T12:00-07:00,289.5987243652344,0,0
2022-04-20T12:15-07:00,428.8433227539063,0,0
2022-04-20T12:30-07:00,250.1695556640625,0,0
2022-04-20T12:45-07:00,275.9417419433594,0,0
2022-04-20T13:00-07:00,315.10992431640625,0,0
2022-04-20T13:15-07:00,266.8335266113281,0,0
2022-04-20T13:30-07:00,256.0115966796875,0,0
2022-04-20T13:45-07:00,319.54693603515625,0,0
2022-04-20T14:00-07:00,254.3316345214844,0,0
2022-04-20T14:15-07:00,379.7088012695313,0,0
2022-04-20T14:30-07:00,287.65936279296875,0,0
2022-04-20T14:45-07:00,265.3682556152344,0,0
2022-04-20T15:00-07:00,273.9649353027344,0,0
2022-04-20T15:15-07:00,298.5209350585937,0,0
2022-04-20T15:30-07:00,388.5094909667969,0,0
2022-04-20T15:45-07:00,295.9302062988281,0,0
2022-04-20T16:00-07:00,237.15586853027344,0,0
2022-04-20T16:15-07:00,233.11915588378903,0,0
2022-04-20T16:30-07:00,223.80551147460935,0,0
2022-04-20T16:45-07:00,329.4154663085937,0,0
2022-04-20T17:00-07:00,279.0350646972656,0,0
2022-04-20T17:15-07:00,249.2798767089844,0,0
2022-04-20T17:30-07:00,287.3256225585937,0,0
2022-04-20T17:45-07:00,271.7103271484375,0,0
2022-04-20T18:00-07:00,249.3014373779297,0,0
2022-04-20T18:15-07:00,277.9867553710937,0,0
2022-04-20T18:30-07:00,259.3102722167969,0,0
2022-04-20T18:45-07:00,261.6405029296875,0,0
2022-04-20T19:00-07:00,312.6185607910156,0,0
2022-04-20T19:15-07:00,319.0274658203125,0,0
2022-04-20T19:30-07:00,288.9715881347656,0,0
2022-04-20T19:45-07:00,339.9469909667969,0,0
2022-04-20T20:00-07:00,291.29901123046875,0,0
2022-04-20T20:15-07:00,345.9853210449219,0,0
2022-04-20T20:30-07:00,294.4385986328125,0,0
2022-04-20T20:45-07:00,194.19798278808597,0,0
2022-04-20T21:00-07:00,150.5828094482422,0,0
2022-04-20T21:15-07:00,228.7880706787109,0,0
2022-04-20T21:30-07:00,332.5129699707031,0,0
2022-04-20T21:45-07:00,187.4280242919922,0,0
2022-04-20T22:00-07:00,190.7296295166016,0,0
2022-04-20T22:15-07:00,159.22865295410156,0,0
2022-04-20T22:30-07:00,151.5085906982422,0,0
2022-04-20T22:45-07:00,167.84622192382812,0,0
2022-04-20T23:00-07:00,181.0406646728516,0,0
2022-04-20T23:15-07:00,163.4513397216797,0,0
2022-04-20T23:30-07:00,149.64129638671875,0,0
2022-04-20T23:45-07:00,156.68798828125,0,0
2022-04-21T00:00-07:00,176.99330139160156,0,0
2022-04-21T00:15-07:00,190.78948974609372,0,0
2022-04-21T00:30-07:00,174.71302795410156,0,0
2022-04-21T00:45-07:00,182.43202209472656,0,0
2022-04-21T01:00-07:00,166.763671875,0,0
2022-04-21T01:15-07:00,194.852294921875,0,0
2022-04-21T01:30-07:00,155.25498962402344,0,0
2022-04-21T01:45-07:00,146.08872985839844,0,0
2022-04-21T02:00-07:00,165.24021911621094,0,0
2022-04-21T02:15-07:00,144.12506103515625,0,0
2022-04-21T02:30-07:00,177.41358947753906,0,0
2022-04-21T02:45-07:00,151.5382537841797,0,0
2022-04-21T03:00-07:00,183.78176879882807,0,0
2022-04-21T03:15-07:00,199.3153533935547,0,0
2022-04-21T03:30-07:00,170.80931091308594,0,0
2022-04-21T03:45-07:00,122.17643737792967,0,0
2022-04-21T04:00-07:00,127.93351745605467,0,0
2022-04-21T04:15-07:00,122.5679931640625,0,0
2022-04-21T04:30-07:00,118.37494659423828,0,0
2022-04-21T04:45-07:00,121.45755004882812,0,0
2022-04-21T05:00-07:00,133.36016845703125,0,0
2022-04-21T05:15-07:00,186.7911376953125,0,0
2022-04-21T05:30-07:00,134.5118865966797,0,0
2022-04-21T05:45-07:00,138.82839965820312,0,0
2022-04-21T06:00-07:00,132.3286895751953,0,0
2022-04-21T06:15-07:00,210.71139526367188,0,0
2022-04-21T06:30-07:00,157.468994140625,0,0
2022-04-21T06:45-07:00,151.15013122558594,0,0
2022-04-21T07:00-07:00,190.2670135498047,0,0
2022-04-21T07:15-07:00,184.44207763671875,0,0
2022-04-21T07:30-07:00,175.2741241455078,0,0
2022-04-21T07:45-07:00,199.4123077392578,0,0
2022-04-21T08:00-07:00,203.03976440429688,0,0
2022-04-21T08:15-07:00,213.44354248046875,0,0
2022-04-21T08:30-07:00,181.83917236328125,0,0
2022-04-21T08:45-07:00,197.93338012695312,0,0
2022-04-21T09:00-07:00,436.9149475097656,0,0
2022-04-21T09:15-07:00,204.2403259277344,0,0
2022-04-21T09:30-07:00,212.10659790039065,0,0
2022-04-21T09:45-07:00,281.5604248046875,0,0
2022-04-21T10:00-07:00,202.7107086181641,0,0
2022-04-21T10:15-07:00,197.2871856689453,0,0
2022-04-21T10:30-07:00,258.3493957519531,0,0
2022-04-21T10:45-07:00,374.8013305664063,0,0
2022-04-21T11:00-07:00,261.8639831542969,0,0
2022-04-21T11:15-07:00,280.6175537109375,0,0
2022-04-21T11:30-07:00,504.2520751953125,0,0
2022-04-21T11:45-07:00,249.3155517578125,0,0
2022-04-21T12:00-07:00,227.90875244140625,0,0
2022-04-21T12:15-07:00,407.3143005371094,0,0
2022-04-21T12:30-07:00,256.0359802246094,0,0
2022-04-21T12:45-07:00,320.658935546875,0,0
2022-04-21T13:00-07:00,279.1470642089844,0,0
2022-04-21T13:15-07:00,350.2358703613281,0,0
2022-04-21T13:30-07:00,307.76617431640625,0,0
2022-04-21T13:45-07:00,343.33367919921875,0,0
2022-04-21T14:00-07:00,377.4162292480469,0,0
2022-04-21T14:15-07:00,329.7462158203125,0,0
2022-04-21T14:30-07:00,267.5077209472656,0,0
2022-04-21T14:45-07:00,327.5438232421875,0,0
2022-04-21T15:00-07:00,342.5357666015625,0,0
2022-04-21T15:15-07:00,446.4173278808594,0,0
2022-04-21T15:30-07:00,425.4612731933594,0,0
2022-04-21T15:45-07:00,303.76580810546875,0,0
2022-04-21T16:00-07:00,269.53875732421875,0,0
2022-04-21T16:15-07:00,295.75152587890625,0,0
2022-04-21T16:30-07:00,276.6373596191406,0,0
2022-04-21T16:45-07:00,234.23439025878903,0,0
2022-04-21T17:00-07:00,229.69448852539065,0,0
2022-04-21T17:15-07:00,235.60055541992188,0,0
2022-04-21T17:30-07:00,207.5069122314453,0,0
2022-04-21T17:45-07:00,240.94064331054688,0,0
2022-04-21T18:00-07:00,266.6471862792969,0,0
2022-04-21T18:15-07:00,235.8142242431641,0,0
2022-04-21T18:30-07:00,248.46682739257807,0,0
2022-04-21T18:45-07:00,240.7321014404297,0,0
2022-04-21T19:00-07:00,279.11590576171875,0,0
2022-04-21T19:15-07:00,264.7479858398437,0,0
2022-04-21T19:30-07:00,221.94485473632807,0,0
2022-04-21T19:45-07:00,238.2552795410156,0,0
2022-04-21T20:00-07:00,348.8883361816406,0,0
2022-04-21T20:15-07:00,324.2880554199219,0,0
2022-04-21T20:30-07:00,161.95753479003906,0,0
2022-04-21T20:45-07:00,303.0736694335937,0,0
2022-04-21T21:00-07:00,392.3553466796875,0,0
2022-04-21T21:15-07:00,342.3417358398437,0,0
2022-04-21T21:30-07:00,190.53399658203125,0,0
2022-04-21T21:45-07:00,160.43858337402344,0,0
2022-04-21T22:00-07:00,169.54527282714844,0,0
2022-04-21T22:15-07:00,149.0381622314453,0,0
2022-04-21T22:30-07:00,144.99359130859375,0,0
2022-04-21T22:45-07:00,145.97230529785156,0,0
2022-04-21T23:00-07:00,148.44784545898438,0,0
2022-04-21T23:15-07:00,146.20108032226562,0,0
2022-04-21T23:30-07:00,177.98367309570312,0,0
2022-04-21T23:45-07:00,141.4017791748047,0,0
2022-04-22T00:00-07:00,151.00628662109375,0,0
2022-04-22T00:15-07:00,159.8275146484375,0,0
2022-04-22T00:30-07:00,147.08058166503906,0,0
2022-04-22T00:45-07:00,132.9938201904297,0,0
2022-04-22T01:00-07:00,141.69268798828125,0,0
2022-04-22T01:15-07:00,150.20858764648438,0,0
2022-04-22T01:30-07:00,160.0338897705078,0,0
2022-04-22T01:45-07:00,159.79209899902344,0,0
2022-04-22T02:00-07:00,176.0102081298828,0,0
2022-04-22T02:15-07:00,161.24392700195312,0,0
2022-04-22T02:30-07:00,123.89249420166016,0,0
2022-04-22T02:45-07:00,130.74160766601562,0,0
2022-04-22T03:00-07:00,145.72036743164062,0,0
2022-04-22T03:15-07:00,120.24026489257812,0,0
2022-04-22T03:30-07:00,117.46774291992188,0,0
2022-04-22T03:45-07:00,115.63671112060548,0,0
2022-04-22T04:00-07:00,120.14203643798828,0,0
2022-04-22T04:15-07:00,119.06243896484376,0,0
2022-04-22T04:30-07:00,109.53663635253906,0,0
2022-04-22T04:45-07:00,124.06621551513672,0,0
2022-04-22T05:00-07:00,122.5125961303711,0,0
2022-04-22T05:15-07:00,133.15713500976562,0,0
2022-04-22T05:30-07:00,132.76858520507812,0,0
2022-04-22T05:45-07:00,135.64254760742188,0,0
2022-04-22T06:00-07:00,133.38194274902344,0,0
2022-04-22T06:15-07:00,154.6754913330078,0,0
2022-04-22T06:30-07:00,160.94180297851562,0,0
2022-04-22T06:45-07:00,182.62576293945312,0,0
2022-04-22T07:00-07:00,162.364501953125,0,0
2022-04-22T07:15-07:00,168.2471160888672,0,0
2022-04-22T07:30-07:00,185.1055450439453,0,0
2022-04-22T07:45-07:00,162.66236877441406,0,0
2022-04-22T08:00-07:00,177.3882598876953,0,0
2022-04-22T08:15-07:00,328.1723937988281,0,0
2022-04-22T08:30-07:00,183.53761291503903,0,0
2022-04-22T08:45-07:00,177.1956329345703,0,0
2022-04-22T09:00-07:00,223.1917724609375,0,0
2022-04-22T09:15-07:00,231.6219024658203,0,0
2022-04-22T09:30-07:00,288.7760925292969,0,0
2022-04-22T09:45-07:00,221.2346649169922,0,0
2022-04-22T10:00-07:00,217.455322265625,0,0
2022-04-22T10:15-07:00,205.77786254882807,0,0
2022-04-22T10:30-07:00,231.09567260742188,0,0
2022-04-22T10:45-07:00,290.9401550292969,0,0
2022-04-22T11:00-07:00,457.1331481933594,0,0
2022-04-22T11:15-07:00,276.4040832519531,0,0
2022-04-22T11:30-07:00,363.17529296875,0,0
2022-04-22T11:45-07:00,255.7333068847656,0,0
2022-04-22T12:00-07:00,320.20220947265625,0,0
2022-04-22T12:15-07:00,304.34228515625,0,0
2022-04-22T12:30-07:00,298.660888671875,0,0
2022-04-22T12:45-07:00,255.4615478515625,0,0
2022-04-22T13:00-07:00,300.0279846191406,0,0
2022-04-22T13:15-07:00,334.4241638183594,0,0
2022-04-22T13:30-07:00,278.6282958984375,0,0
2022-04-22T13:45-07:00,324.5577392578125,0,0
2022-04-22T14:00-07:00,373.7527465820313,0,0
2022-04-22T14:15-07:00,241.4846954345703,0,0
2022-04-22T14:30-07:00,242.1148376464844,0,0
2022-04-22T14:45-07:00,306.19610595703125,0,0
2022-04-22T15:00-07:00,293.778564453125,0,0
2022-04-22T15:15-07:00,379.1042785644531,0,0
2022-04-22T15:30-07:00,374.4271545410156,0,0
2022-04-22T15:45-07:00,261.60821533203125,0,0
2022-04-22T16:00-07:00,251.41783142089844,0,0
2022-04-22T16:15-07:00,232.72122192382807,0,0
2022-04-22T16:30-07:00,255.81353759765625,0,0
2022-04-22T16:45-07:00,329.8931884765625,0,0
2022-04-22T17:00-07:00,285.63580322265625,0,0
2022-04-22T17:15-07:00,233.39561462402344,0,0
2022-04-22T17:30-07:00,233.31411743164065,0,0
2022-04-22T17:45-07:00,310.86309814453125,0,0
2022-04-22T18:00-07:00,244.98129272460935,0,0
2022-04-22T18:15-07:00,369.1448974609375,0,0
2022-04-22T18:30-07:00,259.693603515625,0,0
2022-04-22T18:45-07:00,389.06494140625,0,0
2022-04-22T19:00-07:00,270.2574768066406,0,0
2022-04-22T19:15-07:00,282.6981201171875,0,0
2022-04-22T19:30-07:00,367.084228515625,0,0
2022-04-22T19:45-07:00,376.0790710449219,0,0
2022-04-22T20:00-07:00,227.57342529296875,0,0
2022-04-22T20:15-07:00,221.0544891357422,0,0
2022-04-22T20:30-07:00,214.67349243164065,0,0
2022-04-22T20:45-07:00,254.49588012695312,0,0
2022-04-22T21:00-07:00,367.3165588378906,0,0
2022-04-22T21:15-07:00,350.4547119140625,0,0
2022-04-22T21:30-07:00,358.1380615234375,0,0
2022-04-22T21:45-07:00,326.6506652832031,0,0
2022-04-22T22:00-07:00,198.03076171875,0,0
2022-04-22T22:15-07:00,181.28390502929688,0,0
2022-04-22T22:30-07:00,179.55662536621094,0,0
2022-04-22T22:45-07:00,171.59255981445312,0,0
2022-04-22T23:00-07:00,174.7832489013672,0,0
2022-04-22T23:15-07:00,175.677490234375,0,0
2022-04-22T23:30-07:00,182.44842529296875,0,0
2022-04-22T23:45-07:00,174.39219665527344,0,0
2022-04-23T00:00-07:00,192.66314697265625,0,0
2022-04-23T00:15-07:00,168.81553649902344,0,0
2022-04-23T00:30-07:00,177.55328369140625,0,0
2022-04-23T00:45-07:00,178.8330535888672,0,0
2022-04-23T01:00-07:00,190.35797119140625,0,0
2022-04-23T01:15-07:00,166.5384063720703,0,0
2022-04-23T01:30-07:00,198.57997131347656,0,0
2022-04-23T01:45-07:00,179.4027862548828,0,0
2022-04-23T02:00-07:00,173.38494873046875,0,0
2022-04-23T02:15-07:00,171.10562133789062,0,0
2022-04-23T02:30-07:00,174.75794982910156,0,0
2022-04-23T02:45-07:00,133.74559020996094,0,0
2022-04-23T03:00-07:00,152.43417358398438,0,0
2022-04-23T03:15-07:00,159.2521209716797,0,0
2022-04-23T03:30-07:00,150.29379272460938,0,0
2022-04-23T03:45-07:00,156.12200927734375,0,0
2022-04-23T04:00-07:00,138.37413024902344,0,0
2022-04-23T04:15-07:00,142.9525604248047,0,0
2022-04-23T04:30-07:00,137.92860412597656,0,0
2022-04-23T04:45-07:00,152.41612243652344,0,0
2022-04-23T05:00-07:00,138.21421813964844,0,0
2022-04-23T05:15-07:00,148.7238311767578,0,0
2022-04-23T05:30-07:00,142.5776824951172,0,0
2022-04-23T05:45-07:00,138.06329345703125,0,0
2022-04-23T06:00-07:00,154.45663452148438,0,0
2022-04-23T06:15-07:00,156.2891845703125,0,0
2022-04-23T06:30-07:00,180.22555541992188,0,0
2022-04-23T06:45-07:00,137.718505859375,0,0
2022-04-23T07:00-07:00,148.20025634765625,0,0
2022-04-23T07:15-07:00,120.32200622558594,0,0
2022-04-23T07:30-07:00,139.28399658203125,0,0
2022-04-23T07:45-07:00,147.8812713623047,0,0
2022-04-23T08:00-07:00,121.26741790771484,0,0
2022-04-23T08:15-07:00,135.98602294921875,0,0
2022-04-23T08:30-07:00,135.84158325195312,0,0
2022-04-23T08:45-07:00,190.28518676757807,0,0
2022-04-23T09:00-07:00,196.9406890869141,0,0
2022-04-23T09:15-07:00,192.22869873046875,0,0
2022-04-23T09:30-07:00,197.1580352783203,0,0
2022-04-23T09:45-07:00,186.89401245117188,0,0
2022-04-23T10:00-07:00,173.40533447265625,0,0
2022-04-23T10:15-07:00,173.45571899414062,0,0
2022-04-23T10:30-07:00,166.2539825439453,0,0
2022-04-23T10:45-07:00,186.78916931152344,0,0
2022-04-23T11:00-07:00,170.83358764648438,0,0
2022-04-23T11:15-07:00,243.5415802001953,0,0
2022-04-23T11:30-07:00,206.38999938964844,0,0
2022-04-23T11:45-07:00,177.0352783203125,0,0
2022-04-23T12:00-07:00,173.46665954589844,0,0
2022-04-23T12:15-07:00,179.32225036621094,0,0
2022-04-23T12:30-07:00,173.5147705078125,0,0
2022-04-23T12:45-07:00,158.66946411132812,0,0
2022-04-23T13:00-07:00,179.9660186767578,0,0
2022-04-23T13:15-07:00,167.0985107421875,0,0
2022-04-23T13:30-07:00,164.4119415283203,0,0
2022-04-23T13:45-07:00,180.7406463623047,0,0
2022-04-23T14:00-07:00,178.57823181152344,0,0
2022-04-23T14:15-07:00,188.9351043701172,0,0
2022-04-23T14:30-07:00,188.28207397460935,0,0
2022-04-23T14:45-07:00,166.9759979248047,0,0
2022-04-23T15:00-07:00,200.2708740234375,0,0
2022-04-23T15:15-07:00,175.4306182861328,0,0
2022-04-23T15:30-07:00,174.1631622314453,0,0
2022-04-23T15:45-07:00,162.7724609375,0,0
2022-04-23T16:00-07:00,185.1021728515625,0,0
2022-04-23T16:15-07:00,166.1472930908203,0,0
2022-04-23T16:30-07:00,167.41961669921875,0,0
2022-04-23T16:45-07:00,182.49989318847656,0,0
2022-04-23T17:00-07:00,201.21324157714844,0,0
2022-04-23T17:15-07:00,188.77630615234372,0,0
2022-04-23T17:30-07:00,191.6922149658203,0,0
2022-04-23T17:45-07:00,207.5077972412109,0,0
2022-04-23T18:00-07:00,199.18934631347656,0,0
2022-04-23T18:15-07:00,175.11936950683594,0,0
2022-04-23T18:30-07:00,191.11366271972656,0,0
2022-04-23T18:45-07:00,178.89231872558594,0,0
2022-04-23T19:00-07:00,178.3217010498047,0,0
2022-04-23T19:15-07:00,176.75453186035156,0,0
2022-04-23T19:30-07:00,168.56887817382812,0,0
2022-04-23T19:45-07:00,175.09332275390625,0,0
2022-04-23T20:00-07:00,182.1273498535156,0,0
2022-04-23T20:15-07:00,162.492919921875,0,0
2022-04-23T20:30-07:00,159.84327697753906,0,0
2022-04-23T20:45-07:00,167.3804931640625,0,0
2022-04-23T21:00-07:00,152.60275268554688,0,0
2022-04-23T21:15-07:00,168.07577514648438,0,0
2022-04-23T21:30-07:00,148.6654815673828,0,0
2022-04-23T21:45-07:00,159.1131591796875,0,0
2022-04-23T22:00-07:00,137.7076416015625,0,0
2022-04-23T22:15-07:00,136.49151611328125,0,0
2022-04-23T22:30-07:00,142.54043579101562,0,0
2022-04-23T22:45-07:00,158.49673461914062,0,0
2022-04-23T23:00-07:00,150.1901397705078,0,0
2022-04-23T23:15-07:00,170.93914794921875,0,0
2022-04-23T23:30-07:00,150.30821228027344,0,0
2022-04-23T23:45-07:00,167.83372497558594,0,0
2022-04-24T00:00-07:00,157.78721618652344,0,0
2022-04-24T00:15-07:00,133.8817138671875,0,0
2022-04-24T00:30-07:00,129.99331665039062,0,0
2022-04-24T00:45-07:00,146.17405700683594,0,0
2022-04-24T01:00-07:00,144.09449768066406,0,0
2022-04-24T01:15-07:00,169.2979278564453,0,0
2022-04-24T01:30-07:00,172.1557159423828,0,0
2022-04-24T01:45-07:00,167.44174194335938,0,0
2022-04-24T02:00-07:00,169.10992431640625,0,0
2022-04-24T02:15-07:00,161.54782104492188,0,0
2022-04-24T02:30-07:00,126.86473846435548,0,0
2022-04-24T02:45-07:00,147.38092041015625,0,0
2022-04-24T03:00-07:00,146.79505920410156,0,0
2022-04-24T03:15-07:00,133.39968872070312,0,0
2022-04-24T03:30-07:00,128.47012329101562,0,0
2022-04-24T03:45-07:00,153.59368896484375,0,0
2022-04-24T04:00-07:00,147.47425842285156,0,0
2022-04-24T04:15-07:00,131.37158203125,0,0
2022-04-24T04:30-07:00,142.1732177734375,0,0
2022-04-24T04:45-07:00,139.98995971679688,0,0
2022-04-24T05:00-07:00,163.79403686523438,0,0
2022-04-24T05:15-07:00,146.46482849121094,0,0
2022-04-24T05:30-07:00,143.00807189941406,0,0
2022-04-24T05:45-07:00,122.56031799316406,0,0
2022-04-24T06:00-07:00,162.25173950195312,0,0
2022-04-24T06:15-07:00,145.12986755371094,0,0
2022-04-24T06:30-07:00,150.28074645996094,0,0
2022-04-24T06:45-07:00,131.47116088867188,0,0
2022-04-24T07:00-07:00,144.2087860107422,0,0
2022-04-24T07:15-07:00,136.49722290039062,0,0
2022-04-24T07:30-07:00,148.99900817871094,0,0
2022-04-24T07:45-07:00,134.32179260253906,0,0
2022-04-24T08:00-07:00,158.30987548828125,0,0
2022-04-24T08:15-07:00,123.14456176757812,0,0
2022-04-24T08:30-07:00,132.9917449951172,0,0
2022-04-24T08:45-07:00,182.7969665527344,0,0
2022-04-24T09:00-07:00,179.78656005859375,0,0
2022-04-24T09:15-07:00,185.5392608642578,0,0
2022-04-24T09:30-07:00,175.66322326660156,0,0
2022-04-24T09:45-07:00,175.4695587158203,0,0
2022-04-24T10:00-07:00,224.3979339599609,0,0
2022-04-24T10:15-07:00,180.93577575683597,0,0
2022-04-24T10:30-07:00,193.40570068359372,0,0
2022-04-24T10:45-07:00,166.05291748046875,0,0
2022-04-24T11:00-07:00,175.60418701171875,0,0
2022-04-24T11:15-07:00,183.2626800537109,0,0
2022-04-24T11:30-07:00,185.7542724609375,0,0
2022-04-24T11:45-07:00,166.69007873535156,0,0
2022-04-24T12:00-07:00,192.73204040527344,0,0
2022-04-24T12:15-07:00,184.4952392578125,0,0
2022-04-24T12:30-07:00,170.93540954589844,0,0
2022-04-24T12:45-07:00,192.71534729003903,0,0
2022-04-24T13:00-07:00,191.321533203125,0,0
2022-04-24T13:15-07:00,173.9933624267578,0,0
2022-04-24T13:30-07:00,189.62078857421875,0,0
2022-04-24T13:45-07:00,181.2891540527344,0,0
2022-04-24T14:00-07:00,184.13780212402344,0,0
2022-04-24T14:15-07:00,193.40008544921875,0,0
2022-04-24T14:30-07:00,176.8222198486328,0,0
2022-04-24T14:45-07:00,188.0852203369141,0,0
2022-04-24T15:00-07:00,198.0546722412109,0,0
2022-04-24T15:15-07:00,205.4936981201172,0,0
2022-04-24T15:30-07:00,184.70867919921875,0,0
2022-04-24T15:45-07:00,200.43263244628903,0,0
2022-04-24T16:00-07:00,177.89797973632812,0,0
2022-04-24T16:15-07:00,170.54794311523438,0,0
2022-04-24T16:30-07:00,196.25341796875,0,0
2022-04-24T16:45-07:00,181.53016662597656,0,0
2022-04-24T17:00-07:00,180.30894470214844,0,0
2022-04-24T17:15-07:00,198.2028350830078,0,0
2022-04-24T17:30-07:00,192.3355865478516,0,0
2022-04-24T17:45-07:00,167.95565795898438,0,0
2022-04-24T18:00-07:00,180.0288543701172,0,0
2022-04-24T18:15-07:00,164.0680694580078,0,0
2022-04-24T18:30-07:00,190.5003662109375,0,0
2022-04-24T18:45-07:00,185.7707061767578,0,0
2022-04-24T19:00-07:00,183.2430725097656,0,0
2022-04-24T19:15-07:00,183.6558532714844,0,0
2022-04-24T19:30-07:00,175.5420379638672,0,0
2022-04-24T19:45-07:00,184.0840301513672,0,0
2022-04-24T20:00-07:00,188.322265625,0,0
2022-04-24T20:15-07:00,182.6407012939453,0,0
2022-04-24T20:30-07:00,155.71482849121094,0,0
2022-04-24T20:45-07:00,129.5149688720703,0,0
2022-04-24T21:00-07:00,154.03573608398438,0,0
2022-04-24T21:15-07:00,132.9397735595703,0,0
2022-04-24T21:30-07:00,157.93719482421875,0,0
2022-04-24T21:45-07:00,145.00694274902344,0,0
2022-04-24T22:00-07:00,164.0277099609375,0,0
2022-04-24T22:15-07:00,130.85081481933594,0,0
2022-04-24T22:30-07:00,142.48985290527344,0,0
2022-04-24T22:45-07:00,137.0396728515625,0,0
2022-04-24T23:00-07:00,148.01414489746094,0,0
2022-04-24T23:15-07:00,142.23655700683594,0,0
2022-04-24T23:30-07:00,150.23678588867188,0,0
2022-04-24T23:45-07:00,136.6018524169922,0,0
2022-04-25T00:00-07:00,146.86659240722656,0,0
2022-04-25T00:15-07:00,136.06610107421875,0,0
2022-04-25T00:30-07:00,120.42578887939452,0,0
2022-04-25T00:45-07:00,140.33033752441406,0,0
2022-04-25T01:00-07:00,142.721923828125,0,0
2022-04-25T01:15-07:00,139.61599731445312,0,0
2022-04-25T01:30-07:00,146.1739501953125,0,0
2022-04-25T01:45-07:00,141.3766326904297,0,0
2022-04-25T02:00-07:00,144.51475524902344,0,0
2022-04-25T02:15-07:00,157.9539794921875,0,0
2022-04-25T02:30-07:00,136.33700561523438,0,0
2022-04-25T02:45-07:00,148.7152557373047,0,0
2022-04-25T03:00-07:00,169.08047485351562,0,0
2022-04-25T03:15-07:00,141.16012573242188,0,0
2022-04-25T03:30-07:00,138.7647247314453,0,0
2022-04-25T03:45-07:00,138.80197143554688,0,0
2022-04-25T04:00-07:00,147.08914184570312,0,0
2022-04-25T04:15-07:00,151.10287475585938,0,0
2022-04-25T04:30-07:00,161.04208374023438,0,0
2022-04-25T04:45-07:00,152.6735382080078,0,0
2022-04-25T05:00-07:00,153.83193969726562,0,0
2022-04-25T05:15-07:00,118.70557403564452,0,0
2022-04-25T05:30-07:00,135.45608520507812,0,0
2022-04-25T05:45-07:00,141.6457061767578,0,0
2022-04-25T06:00-07:00,151.2168731689453,0,0
2022-04-25T06:15-07:00,144.8805694580078,0,0
2022-04-25T06:30-07:00,177.2402801513672,0,0
2022-04-25T06:45-07:00,153.2767791748047,0,0
2022-04-25T07:00-07:00,167.04920959472656,0,0
2022-04-25T07:15-07:00,148.67210388183594,0,0
2022-04-25T07:30-07:00,135.185302734375,0,0
2022-04-25T07:45-07:00,165.6829833984375,0,0
2022-04-25T08:00-07:00,190.20779418945312,0,0
2022-04-25T08:15-07:00,187.04823303222656,0,0
2022-04-25T08:30-07:00,197.5463104248047,0,0
2022-04-25T08:45-07:00,190.859130859375,0,0
2022-04-25T09:00-07:00,292.5956726074219,0,0
2022-04-25T09:15-07:00,221.5611572265625,0,0
2022-04-25T09:30-07:00,226.6130828857422,0,0
2022-04-25T09:45-07:00,291.8509521484375,0,0
2022-04-25T10:00-07:00,262.87322998046875,0,0
2022-04-25T10:15-07:00,227.9718780517578,0,0
2022-04-25T10:30-07:00,264.178466796875,0,0
2022-04-25T10:45-07:00,340.3095092773437,0,0
2022-04-25T11:00-07:00,250.0858459472656,0,0
2022-04-25T11:15-07:00,369.48046875,0,0
2022-04-25T11:30-07:00,401.4898071289063,0,0
2022-04-25T11:45-07:00,311.9082946777344,0,0
2022-04-25T12:00-07:00,283.1513061523437,0,0
2022-04-25T12:15-07:00,389.8421936035156,0,0
2022-04-25T12:30-07:00,278.1401672363281,0,0
2022-04-25T12:45-07:00,433.4534606933594,0,0
2022-04-25T13:00-07:00,377.4097290039063,0,0
2022-04-25T13:15-07:00,424.9479675292969,0,0
2022-04-25T13:30-07:00,286.893310546875,0,0
2022-04-25T13:45-07:00,251.19866943359372,0,0
2022-04-25T14:00-07:00,444.0010070800781,0,0
2022-04-25T14:15-07:00,257.2272033691406,0,0
2022-04-25T14:30-07:00,364.0657043457031,0,0
2022-04-25T14:45-07:00,331.465576171875,0,0
2022-04-25T15:00-07:00,310.6705017089844,0,0
2022-04-25T15:15-07:00,282.1092224121094,0,0
2022-04-25T15:30-07:00,241.17648315429688,0,0
2022-04-25T15:45-07:00,260.2578125,0,0
2022-04-25T16:00-07:00,237.5745391845703,0,0
2022-04-25T16:15-07:00,233.830078125,0,0
2022-04-25T16:30-07:00,217.97381591796875,0,0
2022-04-25T16:45-07:00,213.6986083984375,0,0
2022-04-25T17:00-07:00,234.18206787109372,0,0
2022-04-25T17:15-07:00,376.2394409179688,0,0
2022-04-25T17:30-07:00,377.0394287109375,0,0
2022-04-25T17:45-07:00,238.22491455078125,0,0
2022-04-25T18:00-07:00,226.02047729492188,0,0
2022-04-25T18:15-07:00,222.87208557128903,0,0
2022-04-25T18:30-07:00,207.29827880859372,0,0
2022-04-25T18:45-07:00,192.7442626953125,0,0
2022-04-25T19:00-07:00,416.9322204589844,0,0
2022-04-25T19:15-07:00,346.9114074707031,0,0
2022-04-25T19:30-07:00,337.1200866699219,0,0
2022-04-25T19:45-07:00,191.7620086669922,0,0
2022-04-25T20:00-07:00,185.51377868652344,0,0
2022-04-25T20:15-07:00,158.395263671875,0,0
2022-04-25T20:30-07:00,148.72518920898438,0,0
2022-04-25T20:45-07:00,135.8011932373047,0,0
2022-04-25T21:00-07:00,146.07550048828125,0,0
2022-04-25T21:15-07:00,133.89151000976562,0,0
2022-04-25T21:30-07:00,135.31954956054688,0,0
2022-04-25T21:45-07:00,147.7685089111328,0,0
2022-04-25T22:00-07:00,146.76271057128906,0,0
2022-04-25T22:15-07:00,136.24032592773438,0,0
2022-04-25T22:30-07:00,143.37054443359375,0,0
2022-04-25T22:45-07:00,132.92713928222656,0,0
2022-04-25T23:00-07:00,147.01914978027344,0,0
2022-04-25T23:15-07:00,123.39693450927734,0,0
2022-04-25T23:30-07:00,121.08995056152344,0,0
2022-04-25T23:45-07:00,133.86624145507812,0,0
2022-04-26T00:00-07:00,135.01026916503906,0,0
2022-04-26T00:15-07:00,142.59405517578125,0,0
2022-04-26T00:30-07:00,118.39581298828124,0,0
2022-04-26T00:45-07:00,144.36090087890625,0,0
2022-04-26T01:00-07:00,111.3853530883789,0,0
2022-04-26T01:15-07:00,130.8114013671875,0,0
2022-04-26T01:30-07:00,122.27207946777344,0,0
2022-04-26T01:45-07:00,98.41666412353516,0,0
2022-04-26T02:00-07:00,132.4829864501953,0,0
2022-04-26T02:15-07:00,141.66400146484375,0,0
2022-04-26T02:30-07:00,122.9581527709961,0,0
2022-04-26T02:45-07:00,116.0781478881836,0,0
2022-04-26T03:00-07:00,127.38480377197266,0,0
2022-04-26T03:15-07:00,131.242919921875,0,0
2022-04-26T03:30-07:00,120.70150756835938,0,0
2022-04-26T03:45-07:00,125.05684661865234,0,0
2022-04-26T04:00-07:00,133.61883544921875,0,0
2022-04-26T04:15-07:00,129.23406982421875,0,0
2022-04-26T04:30-07:00,123.19754028320312,0,0
2022-04-26T04:45-07:00,119.80592346191406,0,0
2022-04-26T05:00-07:00,110.1076202392578,0,0
2022-04-26T05:15-07:00,144.14805603027344,0,0
2022-04-26T05:30-07:00,143.5772705078125,0,0
2022-04-26T05:45-07:00,151.18096923828125,0,0
2022-04-26T06:00-07:00,114.4966812133789,0,0
2022-04-26T06:15-07:00,145.64234924316406,0,0
2022-04-26T06:30-07:00,148.18280029296875,0,0
2022-04-26T06:45-07:00,166.33633422851562,0,0
2022-04-26T07:00-07:00,162.38674926757812,0,0
2022-04-26T07:15-07:00,151.82000732421875,0,0
2022-04-26T07:30-07:00,177.20968627929688,0,0
2022-04-26T07:45-07:00,194.6419982910156,0,0
2022-04-26T08:00-07:00,174.4359130859375,0,0
2022-04-26T08:15-07:00,231.7232666015625,0,0
2022-04-26T08:30-07:00,209.67758178710935,0,0
2022-04-26T08:45-07:00,299.54522705078125,0,0
2022-04-26T09:00-07:00,184.1820068359375,0,0
2022-04-26T09:15-07:00,180.22950744628903,0,0
2022-04-26T09:30-07:00,193.68798828125,0,0
2022-04-26T09:45-07:00,210.73831176757807,0,0
2022-04-26T10:00-07:00,203.9570770263672,0,0
2022-04-26T10:15-07:00,213.2906188964844,0,0
2022-04-26T10:30-07:00,272.1234130859375,0,0
2022-04-26T10:45-07:00,253.47344970703125,0,0
2022-04-26T11:00-07:00,313.14019775390625,0,0
2022-04-26T11:15-07:00,259.2301025390625,0,0
2022-04-26T11:30-07:00,258.13995361328125,0,0
2022-04-26T11:45-07:00,327.54705810546875,0,0
2022-04-26T12:00-07:00,252.8079071044922,0,0
2022-04-26T12:15-07:00,289.429443359375,0,0
2022-04-26T12:30-07:00,247.53842163085935,0,0
2022-04-26T12:45-07:00,289.5168762207031,0,0
2022-04-26T13:00-07:00,425.3806457519531,0,0
2022-04-26T13:15-07:00,308.8378601074219,0,0
2022-04-26T13:30-07:00,285.65252685546875,0,0
2022-04-26T13:45-07:00,351.6846008300781,0,0
2022-04-26T14:00-07:00,276.0262451171875,0,0
2022-04-26T14:15-07:00,332.5094909667969,0,0
2022-04-26T14:30-07:00,499.5877685546875,0,0
2022-04-26T14:45-07:00,316.1645202636719,0,0
2022-04-26T15:00-07:00,276.3922119140625,0,0
2022-04-26T15:15-07:00,318.6134338378906,0,0
2022-04-26T15:30-07:00,289.7451477050781,0,0
2022-04-26T15:45-07:00,285.592041015625,0,0
2022-04-26T16:00-07:00,344.791015625,0,0
2022-04-26T16:15-07:00,340.8485412597656,0,0
2022-04-26T16:30-07:00,284.0922241210937,0,0
2022-04-26T16:45-07:00,346.5237731933594,0,0
2022-04-26T17:00-07:00,280.3895263671875,0,0
2022-04-26T17:15-07:00,265.7122802734375,0,0
2022-04-26T17:30-07:00,382.1365661621094,0,0
2022-04-26T17:45-07:00,327.9499816894531,0,0
2022-04-26T18:00-07:00,372.177490234375,0,0
2022-04-26T18:15-07:00,321.9012451171875,0,0
2022-04-26T18:30-07:00,333.8371276855469,0,0
2022-04-26T18:45-07:00,338.3477783203125,0,0
2022-04-26T19:00-07:00,450.0466003417969,0,0
2022-04-26T19:15-07:00,339.0273132324219,0,0
2022-04-26T19:30-07:00,432.1378173828125,0,0
2022-04-26T19:45-07:00,276.9390563964844,0,0
2022-04-26T20:00-07:00,242.5624237060547,0,0
2022-04-26T20:15-07:00,324.0177307128906,0,0
2022-04-26T20:30-07:00,239.4910125732422,0,0
2022-04-26T20:45-07:00,389.01611328125,0,0
2022-04-26T21:00-07:00,352.8841552734375,0,0
2022-04-26T21:15-07:00,195.8822021484375,0,0
2022-04-26T21:30-07:00,304.65728759765625,0,0
2022-04-26T21:45-07:00,269.2595520019531,0,0
2022-04-26T22:00-07:00,211.82177734375,0,0
2022-04-26T22:15-07:00,189.9127197265625,0,0
2022-04-26T22:30-07:00,191.91265869140625,0,0
2022-04-26T22:45-07:00,203.2715606689453,0,0
2022-04-26T23:00-07:00,202.38511657714844,0,0
2022-04-26T23:15-07:00,195.98101806640625,0,0
2022-04-26T23:30-07:00,209.66107177734372,0,0
2022-04-26T23:45-07:00,201.79830932617188,0,0
2022-04-27T00:00-07:00,187.89508056640625,0,0
2022-04-27T00:15-07:00,185.98573303222656,0,0
2022-04-27T00:30-07:00,189.3655548095703,0,0
2022-04-27T00:45-07:00,188.44973754882807,0,0
2022-04-27T01:00-07:00,199.310791015625,0,0
2022-04-27T01:15-07:00,166.10470581054688,0,0
2022-04-27T01:30-07:00,155.56077575683594,0,0
2022-04-27T01:45-07:00,178.73374938964844,0,0
2022-04-27T02:00-07:00,175.97286987304688,0,0
2022-04-27T02:15-07:00,183.9976348876953,0,0
2022-04-27T02:30-07:00,162.60508728027344,0,0
2022-04-27T02:45-07:00,127.38302612304688,0,0
2022-04-27T03:00-07:00,135.81275939941406,0,0
2022-04-27T03:15-07:00,134.9753875732422,0,0
2022-04-27T03:30-07:00,174.88255310058594,0,0
2022-04-27T03:45-07:00,142.97515869140625,0,0
2022-04-27T04:00-07:00,123.10718536376952,0,0
2022-04-27T04:15-07:00,143.93768310546875,0,0
2022-04-27T04:30-07:00,133.77833557128906,0,0
2022-04-27T04:45-07:00,153.92892456054688,0,0
2022-04-27T05:00-07:00,165.72940063476562,0,0
2022-04-27T05:15-07:00,148.6593475341797,0,0
2022-04-27T05:30-07:00,144.1435089111328,0,0
2022-04-27T05:45-07:00,134.33535766601562,0,0
2022-04-27T06:00-07:00,148.28575134277344,0,0
2022-04-27T06:15-07:00,152.2904510498047,0,0
2022-04-27T06:30-07:00,164.87057495117188,0,0
2022-04-27T06:45-07:00,210.24136352539065,0,0
2022-04-27T07:00-07:00,201.9625396728516,0,0
2022-04-27T07:15-07:00,212.7815399169922,0,0
2022-04-27T07:30-07:00,233.6238555908203,0,0
2022-04-27T07:45-07:00,221.1305084228516,0,0
2022-04-27T08:00-07:00,212.22244262695312,0,0
2022-04-27T08:15-07:00,269.95086669921875,0,0
2022-04-27T08:30-07:00,260.20147705078125,0,0
2022-04-27T08:45-07:00,208.27996826171875,0,0
2022-04-27T09:00-07:00,339.8282775878906,0,0
2022-04-27T09:15-07:00,277.57763671875,0,0
2022-04-27T09:30-07:00,343.8558349609375,0,0
2022-04-27T09:45-07:00,345.9844055175781,0,0
2022-04-27T10:00-07:00,290.06866455078125,0,0
2022-04-27T10:15-07:00,349.2427978515625,0,0
2022-04-27T10:30-07:00,302.7618408203125,0,0
2022-04-27T10:45-07:00,235.9001007080078,0,0
2022-04-27T11:00-07:00,306.0578308105469,0,0
2022-04-27T11:15-07:00,318.7926330566406,0,0
2022-04-27T11:30-07:00,447.2337646484375,0,0
2022-04-27T11:45-07:00,279.9087219238281,0,0
2022-04-27T12:00-07:00,311.4205627441406,0,0
2022-04-27T12:15-07:00,266.53912353515625,0,0
2022-04-27T12:30-07:00,246.09567260742188,0,0
2022-04-27T12:45-07:00,282.8253173828125,0,0
2022-04-27T13:00-07:00,326.246337890625,0,0
2022-04-27T13:15-07:00,364.36077880859375,0,0
2022-04-27T13:30-07:00,324.7346496582031,0,0
2022-04-27T13:45-07:00,298.1029968261719,0,0
2022-04-27T14:00-07:00,280.59600830078125,0,0
2022-04-27T14:15-07:00,467.5855712890625,0,0
2022-04-27T14:30-07:00,294.65313720703125,0,0
2022-04-27T14:45-07:00,295.90509033203125,0,0
2022-04-27T15:00-07:00,294.3954162597656,0,0
2022-04-27T15:15-07:00,453.62506103515625,0,0
2022-04-27T15:30-07:00,278.0020446777344,0,0
2022-04-27T15:45-07:00,258.0357360839844,0,0
2022-04-27T16:00-07:00,290.6197814941406,0,0
2022-04-27T16:15-07:00,279.50506591796875,0,0
2022-04-27T16:30-07:00,275.68829345703125,0,0
2022-04-27T16:45-07:00,300.5606689453125,0,0
2022-04-27T17:00-07:00,298.877685546875,0,0
2022-04-27T17:15-07:00,295.24658203125,0,0
2022-04-27T17:30-07:00,411.2762451171875,0,0
2022-04-27T17:45-07:00,277.5534362792969,0,0
2022-04-27T18:00-07:00,397.4938049316406,0,0
2022-04-27T18:15-07:00,320.00909423828125,0,0
2022-04-27T18:30-07:00,299.1453857421875,0,0
2022-04-27T18:45-07:00,327.596923828125,0,0
2022-04-27T19:00-07:00,398.4935607910156,0,0
2022-04-27T19:15-07:00,322.53094482421875,0,0
2022-04-27T19:30-07:00,370.0315246582031,0,0
2022-04-27T19:45-07:00,339.06890869140625,0,0
2022-04-27T20:00-07:00,322.8199768066406,0,0
2022-04-27T20:15-07:00,314.0949401855469,0,0
2022-04-27T20:30-07:00,408.0639343261719,0,0
2022-04-27T20:45-07:00,334.07373046875,0,0
2022-04-27T21:00-07:00,217.36834716796875,0,0
2022-04-27T21:15-07:00,258.4419250488281,0,0
2022-04-27T21:30-07:00,206.24789428710935,0,0
2022-04-27T21:45-07:00,189.5274658203125,0,0
2022-04-27T22:00-07:00,164.9456024169922,0,0
2022-04-27T22:15-07:00,171.91470336914062,0,0
2022-04-27T22:30-07:00,165.72120666503906,0,0
2022-04-27T22:45-07:00,165.25363159179688,0,0
2022-04-27T23:00-07:00,167.86106872558594,0,0
2022-04-27T23:15-07:00,164.4080352783203,0,0
2022-04-27T23:30-07:00,179.39254760742188,0,0
2022-04-27T23:45-07:00,160.93836975097656,0,0
2022-04-28T00:00-07:00,156.94590759277344,0,0
2022-04-28T00:15-07:00,173.89064025878906,0,0
2022-04-28T00:30-07:00,164.58248901367188,0,0
2022-04-28T00:45-07:00,169.57440185546875,0,0
2022-04-28T01:00-07:00,166.53208923339844,0,0
2022-04-28T01:15-07:00,157.56932067871094,0,0
2022-04-28T01:30-07:00,143.2169952392578,0,0
2022-04-28T01:45-07:00,172.914794921875,0,0
2022-04-28T02:00-07:00,147.9227752685547,0,0
2022-04-28T02:15-07:00,158.95823669433594,0,0
2022-04-28T02:30-07:00,149.1073455810547,0,0
2022-04-28T02:45-07:00,140.46238708496094,0,0
2022-04-28T03:00-07:00,129.45419311523438,0,0
2022-04-28T03:15-07:00,126.26593780517578,0,0
2022-04-28T03:30-07:00,126.35523223876952,0,0
2022-04-28T03:45-07:00,120.35941314697266,0,0
2022-04-28T04:00-07:00,136.01206970214844,0,0
2022-04-28T04:15-07:00,135.35008239746094,0,0
2022-04-28T04:30-07:00,101.09334564208984,0,0
2022-04-28T04:45-07:00,149.85154724121094,0,0
2022-04-28T05:00-07:00,121.07315826416016,0,0
2022-04-28T05:15-07:00,147.1121063232422,0,0
2022-04-28T05:30-07:00,133.83074951171875,0,0
2022-04-28T05:45-07:00,140.35914611816406,0,0
2022-04-28T06:00-07:00,137.27000427246094,0,0
2022-04-28T06:15-07:00,192.7761688232422,0,0
2022-04-28T06:30-07:00,265.5145568847656,0,0
2022-04-28T06:45-07:00,182.2965545654297,0,0
2022-04-28T07:00-07:00,187.33221435546875,0,0
2022-04-28T07:15-07:00,187.9540100097656,0,0
2022-04-28T07:30-07:00,184.8041076660156,0,0
2022-04-28T07:45-07:00,183.45713806152344,0,0
2022-04-28T08:00-07:00,189.8656463623047,0,0
2022-04-28T08:15-07:00,208.5504150390625,0,0
2022-04-28T08:30-07:00,179.2191619873047,0,0
2022-04-28T08:45-07:00,199.78314208984372,0,0
2022-04-28T09:00-07:00,239.70669555664065,0,0
2022-04-28T09:15-07:00,202.1929626464844,0,0
2022-04-28T09:30-07:00,227.09841918945312,0,0
2022-04-28T09:45-07:00,264.030029296875,0,0
2022-04-28T10:00-07:00,228.660400390625,0,0
2022-04-28T10:15-07:00,239.26182556152344,0,0
2022-04-28T10:30-07:00,310.0408020019531,0,0
2022-04-28T10:45-07:00,244.5350341796875,0,0
2022-04-28T11:00-07:00,377.6927185058594,0,0
2022-04-28T11:15-07:00,372.25335693359375,0,0
2022-04-28T11:30-07:00,401.8279724121094,0,0
2022-04-28T11:45-07:00,295.0773010253906,0,0
2022-04-28T12:00-07:00,279.4101867675781,0,0
2022-04-28T12:15-07:00,291.1190185546875,0,0
2022-04-28T12:30-07:00,245.4402313232422,0,0
2022-04-28T12:45-07:00,394.9846496582031,0,0
2022-04-28T13:00-07:00,340.15020751953125,0,0
2022-04-28T13:15-07:00,419.8495178222656,0,0
2022-04-28T13:30-07:00,365.468994140625,0,0
2022-04-28T13:45-07:00,318.67608642578125,0,0
2022-04-28T14:00-07:00,346.2605285644531,0,0
2022-04-28T14:15-07:00,321.4229736328125,0,0
2022-04-28T14:30-07:00,245.5604553222656,0,0
2022-04-28T14:45-07:00,364.6146240234375,0,0
2022-04-28T15:00-07:00,291.6640319824219,0,0
2022-04-28T15:15-07:00,418.9968566894531,0,0
2022-04-28T15:30-07:00,410.5661315917969,0,0
2022-04-28T15:45-07:00,316.0500183105469,0,0
2022-04-28T16:00-07:00,271.3949279785156,0,0
2022-04-28T16:15-07:00,304.04473876953125,0,0
2022-04-28T16:30-07:00,308.656005859375,0,0
2022-04-28T16:45-07:00,307.38397216796875,0,0
2022-04-28T17:00-07:00,362.4374084472656,0,0
2022-04-28T17:15-07:00,429.0172119140625,0,0
2022-04-28T17:30-07:00,440.5511779785156,0,0
2022-04-28T17:45-07:00,332.4534912109375,0,0
2022-04-28T18:00-07:00,338.2470397949219,0,0
2022-04-28T18:15-07:00,293.4340209960937,0,0
2022-04-28T18:30-07:00,360.4861145019531,0,0
2022-04-28T18:45-07:00,316.1281433105469,0,0
2022-04-28T19:00-07:00,393.2451477050781,0,0
2022-04-28T19:15-07:00,318.9838256835937,0,0
2022-04-28T19:30-07:00,287.1831970214844,0,0
2022-04-28T19:45-07:00,352.90966796875,0,0
2022-04-28T20:00-07:00,277.4647216796875,0,0
2022-04-28T20:15-07:00,411.9190979003906,0,0
2022-04-28T20:30-07:00,302.5375671386719,0,0
2022-04-28T20:45-07:00,234.2042694091797,0,0
2022-04-28T21:00-07:00,348.225830078125,0,0
2022-04-28T21:15-07:00,373.6673278808594,0,0
2022-04-28T21:30-07:00,221.68402099609372,0,0
2022-04-28T21:45-07:00,193.05528259277344,0,0
2022-04-28T22:00-07:00,178.114013671875,0,0
2022-04-28T22:15-07:00,185.6844482421875,0,0
2022-04-28T22:30-07:00,178.85595703125,0,0
2022-04-28T22:45-07:00,185.5035552978516,0,0
2022-04-28T23:00-07:00,166.3682861328125,0,0
2022-04-28T23:15-07:00,180.24270629882807,0,0
2022-04-28T23:30-07:00,167.81396484375,0,0
2022-04-28T23:45-07:00,194.86607360839844,0,0
2022-04-29T00:00-07:00,162.4144287109375,0,0
2022-04-29T00:15-07:00,192.31993103027344,0,0
2022-04-29T00:30-07:00,170.5621795654297,0,0
2022-04-29T00:45-07:00,174.97532653808594,0,0
2022-04-29T01:00-07:00,164.05918884277344,0,0
2022-04-29T01:15-07:00,172.81451416015625,0,0
2022-04-29T01:30-07:00,152.9170379638672,0,0
2022-04-29T01:45-07:00,185.87803649902344,0,0
2022-04-29T02:00-07:00,187.50083923339844,0,0
2022-04-29T02:15-07:00,206.6934814453125,0,0
2022-04-29T02:30-07:00,150.92236328125,0,0
2022-04-29T02:45-07:00,156.17056274414062,0,0
2022-04-29T03:00-07:00,137.36361694335938,0,0
2022-04-29T03:15-07:00,136.01043701171875,0,0
2022-04-29T03:30-07:00,160.2158660888672,0,0
2022-04-29T03:45-07:00,140.30165100097656,0,0
2022-04-29T04:00-07:00,120.64188385009766,0,0
2022-04-29T04:15-07:00,148.55274963378906,0,0
2022-04-29T04:30-07:00,145.48794555664062,0,0
2022-04-29T04:45-07:00,124.0449676513672,0,0
2022-04-29T05:00-07:00,148.02731323242188,0,0
2022-04-29T05:15-07:00,160.7852783203125,0,0
2022-04-29T05:30-07:00,137.12208557128906,0,0
2022-04-29T05:45-07:00,142.49969482421875,0,0
2022-04-29T06:00-07:00,130.11705017089844,0,0
2022-04-29T06:15-07:00,171.06744384765625,0,0
2022-04-29T06:30-07:00,188.3459625244141,0,0
2022-04-29T06:45-07:00,204.65463256835935,0,0
2022-04-29T07:00-07:00,215.55300903320312,0,0
2022-04-29T07:15-07:00,206.6288299560547,0,0
2022-04-29T07:30-07:00,211.5521697998047,0,0
2022-04-29T07:45-07:00,215.7729949951172,0,0
2022-04-29T08:00-07:00,204.52793884277344,0,0
2022-04-29T08:15-07:00,278.40020751953125,0,0
2022-04-29T08:30-07:00,223.80555725097656,0,0
2022-04-29T08:45-07:00,196.3701019287109,0,0
2022-04-29T09:00-07:00,188.85104370117188,0,0
2022-04-29T09:15-07:00,230.80856323242188,0,0
2022-04-29T09:30-07:00,208.3432159423828,0,0
2022-04-29T09:45-07:00,260.3259582519531,0,0
2022-04-29T10:00-07:00,209.61614990234372,0,0
2022-04-29T10:15-07:00,245.7250213623047,0,0
2022-04-29T10:30-07:00,253.3907928466797,0,0
2022-04-29T10:45-07:00,329.4951477050781,0,0
2022-04-29T11:00-07:00,378.24505615234375,0,0
2022-04-29T11:15-07:00,397.3624572753906,0,0
2022-04-29T11:30-07:00,263.0290832519531,0,0
2022-04-29T11:45-07:00,294.35693359375,0,0
2022-04-29T12:00-07:00,279.0771789550781,0,0
2022-04-29T12:15-07:00,270.1229858398437,0,0
2022-04-29T12:30-07:00,270.4442749023437,0,0
2022-04-29T12:45-07:00,391.810791015625,0,0
2022-04-29T13:00-07:00,319.0198059082031,0,0
2022-04-29T13:15-07:00,291.3024597167969,0,0
2022-04-29T13:30-07:00,256.0985412597656,0,0
2022-04-29T13:45-07:00,321.3310241699219,0,0
2022-04-29T14:00-07:00,415.7839050292969,0,0
2022-04-29T14:15-07:00,317.26251220703125,0,0
2022-04-29T14:30-07:00,328.8916320800781,0,0
2022-04-29T14:45-07:00,259.7149353027344,0,0
2022-04-29T15:00-07:00,273.72528076171875,0,0
2022-04-29T15:15-07:00,386.4710693359375,0,0
2022-04-29T15:30-07:00,332.6269836425781,0,0
2022-04-29T15:45-07:00,274.1901550292969,0,0
2022-04-29T16:00-07:00,253.25765991210935,0,0
2022-04-29T16:15-07:00,239.5488128662109,0,0
2022-04-29T16:30-07:00,243.68359375,0,0
2022-04-29T16:45-07:00,281.11749267578125,0,0
2022-04-29T17:00-07:00,260.1294860839844,0,0
2022-04-29T17:15-07:00,264.1377868652344,0,0
2022-04-29T17:30-07:00,307.1394348144531,0,0
2022-04-29T17:45-07:00,255.9953155517578,0,0
2022-04-29T18:00-07:00,314.8558349609375,0,0
2022-04-29T18:15-07:00,315.86090087890625,0,0
2022-04-29T18:30-07:00,296.2218322753906,0,0
2022-04-29T18:45-07:00,287.6241455078125,0,0
2022-04-29T19:00-07:00,267.2061462402344,0,0
2022-04-29T19:15-07:00,280.7157287597656,0,0
2022-04-29T19:30-07:00,279.4068603515625,0,0
2022-04-29T19:45-07:00,312.7501220703125,0,0
2022-04-29T20:00-07:00,268.6722717285156,0,0
2022-04-29T20:15-07:00,304.296142578125,0,0
2022-04-29T20:30-07:00,256.0632629394531,0,0
2022-04-29T20:45-07:00,229.5186462402344,0,0
2022-04-29T21:00-07:00,361.2053527832031,0,0
2022-04-29T21:15-07:00,269.0223999023437,0,0
2022-04-29T21:30-07:00,216.1441650390625,0,0
2022-04-29T21:45-07:00,223.65147399902344,0,0
2022-04-29T22:00-07:00,204.4317321777344,0,0
2022-04-29T22:15-07:00,167.91534423828125,0,0
2022-04-29T22:30-07:00,198.4666748046875,0,0
2022-04-29T22:45-07:00,192.23785400390625,0,0
2022-04-29T23:00-07:00,190.83859252929688,0,0
2022-04-29T23:15-07:00,189.7492218017578,0,0
2022-04-29T23:30-07:00,182.8431396484375,0,0
2022-04-29T23:45-07:00,186.4647674560547,0,0
2022-04-30T00:00-07:00,198.37437438964844,0,0
2022-04-30T00:15-07:00,180.6436309814453,0,0
2022-04-30T00:30-07:00,161.1825408935547,0,0
2022-04-30T00:45-07:00,192.47743225097656,0,0
2022-04-30T01:00-07:00,174.66517639160156,0,0
2022-04-30T01:15-07:00,173.5610809326172,0,0
2022-04-30T01:30-07:00,194.5428924560547,0,0
2022-04-30T01:45-07:00,179.5294189453125,0,0
2022-04-30T02:00-07:00,181.9627685546875,0,0
2022-04-30T02:15-07:00,194.4390563964844,0,0
2022-04-30T02:30-07:00,195.1625823974609,0,0
2022-04-30T02:45-07:00,175.97613525390625,0,0
2022-04-30T03:00-07:00,153.64682006835938,0,0
2022-04-30T03:15-07:00,149.78091430664062,0,0
2022-04-30T03:30-07:00,143.75868225097656,0,0
2022-04-30T03:45-07:00,157.50164794921875,0,0
2022-04-30T04:00-07:00,149.9450225830078,0,0
2022-04-30T04:15-07:00,137.8695831298828,0,0
2022-04-30T04:30-07:00,140.23435974121094,0,0
2022-04-30T04:45-07:00,142.7908172607422,0,0
2022-04-30T05:00-07:00,147.31260681152344,0,0
2022-04-30T05:15-07:00,136.79119873046875,0,0
2022-04-30T05:30-07:00,157.4077606201172,0,0
2022-04-30T05:45-07:00,149.66839599609375,0,0
2022-04-30T06:00-07:00,153.9049072265625,0,0
2022-04-30T06:15-07:00,194.7882080078125,0,0
2022-04-30T06:30-07:00,189.9146728515625,0,0
2022-04-30T06:45-07:00,192.3083038330078,0,0
2022-04-30T07:00-07:00,203.55958557128903,0,0
2022-04-30T07:15-07:00,163.30738830566406,0,0
2022-04-30T07:30-07:00,195.3668975830078,0,0
2022-04-30T07:45-07:00,189.57498168945312,0,0
2022-04-30T08:00-07:00,173.98060607910156,0,0
2022-04-30T08:15-07:00,197.8417510986328,0,0
2022-04-30T08:30-07:00,192.44189453125,0,0
2022-04-30T08:45-07:00,188.8262939453125,0,0
2022-04-30T09:00-07:00,207.51036071777344,0,0
2022-04-30T09:15-07:00,177.3101043701172,0,0
2022-04-30T09:30-07:00,190.20034790039065,0,0
2022-04-30T09:45-07:00,195.6112365722656,0,0
2022-04-30T10:00-07:00,188.6879425048828,0,0
2022-04-30T10:15-07:00,202.6406707763672,0,0
2022-04-30T10:30-07:00,190.99859619140625,0,0
2022-04-30T10:45-07:00,192.16940307617188,0,0
2022-04-30T11:00-07:00,207.858642578125,0,0
2022-04-30T11:15-07:00,196.531494140625,0,0
2022-04-30T11:30-07:00,200.3379669189453,0,0
2022-04-30T11:45-07:00,213.6223602294922,0,0
2022-04-30T12:00-07:00,206.44744873046875,0,0
2022-04-30T12:15-07:00,225.869384765625,0,0
2022-04-30T12:30-07:00,209.03958129882807,0,0
2022-04-30T12:45-07:00,273.4628601074219,0,0
2022-04-30T13:00-07:00,223.91921997070312,0,0
2022-04-30T13:15-07:00,232.8839111328125,0,0
2022-04-30T13:30-07:00,233.5220642089844,0,0
2022-04-30T13:45-07:00,230.5735015869141,0,0
2022-04-30T14:00-07:00,231.23577880859372,0,0
2022-04-30T14:15-07:00,251.8885803222656,0,0
2022-04-30T14:30-07:00,230.8530731201172,0,0
2022-04-30T14:45-07:00,233.99710083007807,0,0
2022-04-30T15:00-07:00,246.5742034912109,0,0
2022-04-30T15:15-07:00,243.7471160888672,0,0
2022-04-30T15:30-07:00,247.8392333984375,0,0
2022-04-30T15:45-07:00,287.834228515625,0,0
2022-04-30T16:00-07:00,371.99908447265625,0,0
2022-04-30T16:15-07:00,237.1586456298828,0,0
2022-04-30T16:30-07:00,390.945556640625,0,0
2022-04-30T16:45-07:00,254.72317504882807,0,0
2022-04-30T17:00-07:00,241.1772003173828,0,0
2022-04-30T17:15-07:00,245.98248291015625,0,0
2022-04-30T17:30-07:00,331.9676208496094,0,0
2022-04-30T17:45-07:00,276.4911804199219,0,0
2022-04-30T18:00-07:00,299.611328125,0,0
2022-04-30T18:15-07:00,406.4810180664063,0,0
2022-04-30T18:30-07:00,250.34127807617188,0,0
2022-04-30T18:45-07:00,241.1079559326172,0,0
2022-04-30T19:00-07:00,253.24856567382807,0,0
2022-04-30T19:15-07:00,314.9827880859375,0,0
2022-04-30T19:30-07:00,255.9453125,0,0
2022-04-30T19:45-07:00,240.07403564453125,0,0
2022-04-30T20:00-07:00,240.29774475097656,0,0
2022-04-30T20:15-07:00,301.6637878417969,0,0
2022-04-30T20:30-07:00,347.3000793457031,0,0
2022-04-30T20:45-07:00,362.0370178222656,0,0
2022-04-30T21:00-07:00,215.3279571533203,0,0
2022-04-30T21:15-07:00,214.08482360839844,0,0
2022-04-30T21:30-07:00,227.88067626953125,0,0
2022-04-30T21:45-07:00,326.86529541015625,0,0
2022-04-30T22:00-07:00,361.6473388671875,0,0
2022-04-30T22:15-07:00,317.53594970703125,0,0
2022-04-30T22:30-07:00,236.42762756347656,0,0
2022-04-30T22:45-07:00,332.8836669921875,0,0
2022-04-30T23:00-07:00,329.6758728027344,0,0
2022-04-30T23:15-07:00,336.6053466796875,0,0
2022-04-30T23:30-07:00,192.4961700439453,0,0
2022-04-30T23:45-07:00,205.588623046875,0,0
2022-05-01T00:00-07:00,173.2056427001953,0,0
2022-05-01T00:15-07:00,171.27699279785156,0,0
2022-05-01T00:30-07:00,168.53817749023438,0,0
2022-05-01T00:45-07:00,197.8970642089844,0,0
2022-05-01T01:00-07:00,189.77642822265625,0,0
2022-05-01T01:15-07:00,159.08067321777344,0,0
2022-05-01T01:30-07:00,185.44168090820312,0,0
2022-05-01T01:45-07:00,171.9866943359375,0,0
2022-05-01T02:00-07:00,175.61415100097656,0,0
2022-05-01T02:15-07:00,180.47317504882807,0,0
2022-05-01T02:30-07:00,186.66896057128903,0,0
2022-05-01T02:45-07:00,133.10198974609375,0,0
2022-05-01T03:00-07:00,161.52244567871094,0,0
2022-05-01T03:15-07:00,133.57130432128906,0,0
2022-05-01T03:30-07:00,143.2224884033203,0,0
2022-05-01T03:45-07:00,133.9559783935547,0,0
2022-05-01T04:00-07:00,169.98049926757812,0,0
2022-05-01T04:15-07:00,130.83651733398438,0,0
2022-05-01T04:30-07:00,130.33949279785156,0,0
2022-05-01T04:45-07:00,146.305908203125,0,0
2022-05-01T05:00-07:00,143.60153198242188,0,0
2022-05-01T05:15-07:00,133.77041625976562,0,0
2022-05-01T05:30-07:00,146.3568572998047,0,0
2022-05-01T05:45-07:00,141.02613830566406,0,0
2022-05-01T06:00-07:00,127.45677185058594,0,0
2022-05-01T06:15-07:00,114.7205047607422,0,0
2022-05-01T06:30-07:00,147.0437774658203,0,0
2022-05-01T06:45-07:00,130.3947296142578,0,0
2022-05-01T07:00-07:00,116.64205932617188,0,0
2022-05-01T07:15-07:00,131.6233367919922,0,0
2022-05-01T07:30-07:00,132.97467041015625,0,0
2022-05-01T07:45-07:00,138.17807006835938,0,0
2022-05-01T08:00-07:00,107.70901489257812,0,0
2022-05-01T08:15-07:00,126.70520782470705,0,0
2022-05-01T08:30-07:00,111.31922149658205,0,0
2022-05-01T08:45-07:00,180.52674865722656,0,0
2022-05-01T09:00-07:00,183.13868713378903,0,0
2022-05-01T09:15-07:00,161.17611694335938,0,0
2022-05-01T09:30-07:00,177.31126403808594,0,0
2022-05-01T09:45-07:00,168.5775146484375,0,0
2022-05-01T10:00-07:00,171.29071044921875,0,0
2022-05-01T10:15-07:00,167.9358673095703,0,0
2022-05-01T10:30-07:00,183.1913909912109,0,0
2022-05-01T10:45-07:00,163.0979766845703,0,0
2022-05-01T11:00-07:00,156.5080108642578,0,0
2022-05-01T11:15-07:00,166.28785705566406,0,0
2022-05-01T11:30-07:00,181.58737182617188,0,0
2022-05-01T11:45-07:00,166.3778076171875,0,0
2022-05-01T12:00-07:00,169.9828643798828,0,0
2022-05-01T12:15-07:00,146.41976928710938,0,0
2022-05-01T12:30-07:00,173.6289520263672,0,0
2022-05-01T12:45-07:00,160.40280151367188,0,0
2022-05-01T13:00-07:00,174.7746124267578,0,0
2022-05-01T13:15-07:00,157.1307830810547,0,0
2022-05-01T13:30-07:00,156.64889526367188,0,0
2022-05-01T13:45-07:00,155.2881317138672,0,0
2022-05-01T14:00-07:00,177.86221313476562,0,0
2022-05-01T14:15-07:00,154.6443328857422,0,0
2022-05-01T14:30-07:00,165.16970825195312,0,0
2022-05-01T14:45-07:00,168.9154510498047,0,0
2022-05-01T15:00-07:00,195.7801055908203,0,0
2022-05-01T15:15-07:00,174.65646362304688,0,0
2022-05-01T15:30-07:00,206.8802947998047,0,0
2022-05-01T15:45-07:00,169.4521942138672,0,0
2022-05-01T16:00-07:00,195.18544006347656,0,0
2022-05-01T16:15-07:00,175.12811279296875,0,0
2022-05-01T16:30-07:00,176.05484008789062,0,0
2022-05-01T16:45-07:00,167.32264709472656,0,0
2022-05-01T17:00-07:00,176.78787231445312,0,0
2022-05-01T17:15-07:00,168.74920654296875,0,0
2022-05-01T17:30-07:00,191.83380126953125,0,0
2022-05-01T17:45-07:00,185.06103515625,0,0
2022-05-01T18:00-07:00,162.52822875976562,0,0
2022-05-01T18:15-07:00,190.53672790527344,0,0
2022-05-01T18:30-07:00,203.96710205078125,0,0
2022-05-01T18:45-07:00,200.0655670166016,0,0
2022-05-01T19:00-07:00,206.99632263183597,0,0
2022-05-01T19:15-07:00,196.9261474609375,0,0
2022-05-01T19:30-07:00,203.99005126953125,0,0
2022-05-01T19:45-07:00,194.3485870361328,0,0
2022-05-01T20:00-07:00,200.56268310546875,0,0
2022-05-01T20:15-07:00,162.00799560546875,0,0
2022-05-01T20:30-07:00,174.46856689453125,0,0
2022-05-01T20:45-07:00,136.56398010253906,0,0
2022-05-01T21:00-07:00,150.48902893066406,0,0
2022-05-01T21:15-07:00,136.05694580078125,0,0
2022-05-01T21:30-07:00,134.67044067382812,0,0
2022-05-01T21:45-07:00,135.6182403564453,0,0
2022-05-01T22:00-07:00,134.419677734375,0,0
2022-05-01T22:15-07:00,135.39247131347656,0,0
2022-05-01T22:30-07:00,142.7962188720703,0,0
2022-05-01T22:45-07:00,130.0537872314453,0,0
2022-05-01T23:00-07:00,130.76144409179688,0,0
2022-05-01T23:15-07:00,124.65290832519533,0,0
2022-05-01T23:30-07:00,136.67906188964844,0,0
2022-05-01T23:45-07:00,136.51046752929688,0,0
2022-05-02T00:00-07:00,142.1580047607422,0,0
2022-05-02T00:15-07:00,125.32998657226562,0,0
2022-05-02T00:30-07:00,114.34545135498048,0,0
2022-05-02T00:45-07:00,134.1799774169922,0,0
2022-05-02T01:00-07:00,126.9221420288086,0,0
2022-05-02T01:15-07:00,127.73965454101562,0,0
2022-05-02T01:30-07:00,127.81259155273438,0,0
2022-05-02T01:45-07:00,146.9916229248047,0,0
2022-05-02T02:00-07:00,120.24334716796876,0,0
2022-05-02T02:15-07:00,126.41297912597656,0,0
2022-05-02T02:30-07:00,118.16844940185548,0,0
2022-05-02T02:45-07:00,128.340576171875,0,0
2022-05-02T03:00-07:00,149.6318359375,0,0
2022-05-02T03:15-07:00,133.28463745117188,0,0
2022-05-02T03:30-07:00,142.74049377441406,0,0
2022-05-02T03:45-07:00,134.91845703125,0,0
2022-05-02T04:00-07:00,132.8685302734375,0,0
2022-05-02T04:15-07:00,150.41004943847656,0,0
2022-05-02T04:30-07:00,131.9529266357422,0,0
2022-05-02T04:45-07:00,145.38758850097656,0,0
2022-05-02T05:00-07:00,147.64697265625,0,0
2022-05-02T05:15-07:00,126.52146911621094,0,0
2022-05-02T05:30-07:00,135.3172149658203,0,0
2022-05-02T05:45-07:00,118.68130493164062,0,0
2022-05-02T06:00-07:00,163.1475830078125,0,0
2022-05-02T06:15-07:00,180.75621032714844,0,0
2022-05-02T06:30-07:00,181.5746154785156,0,0
2022-05-02T06:45-07:00,176.50009155273438,0,0
2022-05-02T07:00-07:00,190.72149658203125,0,0
2022-05-02T07:15-07:00,168.3293914794922,0,0
2022-05-02T07:30-07:00,192.18592834472656,0,0
2022-05-02T07:45-07:00,176.6212615966797,0,0
2022-05-02T08:00-07:00,167.47250366210938,0,0
2022-05-02T08:15-07:00,179.76315307617188,0,0
2022-05-02T08:30-07:00,197.80067443847656,0,0
2022-05-02T08:45-07:00,193.76123046875,0,0
2022-05-02T09:00-07:00,240.2395782470703,0,0
2022-05-02T09:15-07:00,213.2801818847656,0,0
2022-05-02T09:30-07:00,252.7228240966797,0,0
2022-05-02T09:45-07:00,232.7483367919922,0,0
2022-05-02T10:00-07:00,211.4395446777344,0,0
2022-05-02T10:15-07:00,239.0475311279297,0,0
2022-05-02T10:30-07:00,211.177490234375,0,0
2022-05-02T10:45-07:00,326.3536376953125,0,0
2022-05-02T11:00-07:00,229.75604248046875,0,0
2022-05-02T11:15-07:00,248.251220703125,0,0
2022-05-02T11:30-07:00,289.340576171875,0,0
2022-05-02T11:45-07:00,286.6355285644531,0,0
2022-05-02T12:00-07:00,262.99102783203125,0,0
2022-05-02T12:15-07:00,437.8191528320313,0,0
2022-05-02T12:30-07:00,254.30860900878903,0,0
2022-05-02T12:45-07:00,389.56683349609375,0,0
2022-05-02T13:00-07:00,289.8928527832031,0,0
2022-05-02T13:15-07:00,398.5403137207031,0,0
2022-05-02T13:30-07:00,380.558349609375,0,0
2022-05-02T13:45-07:00,231.60418701171875,0,0
2022-05-02T14:00-07:00,311.8210144042969,0,0
2022-05-02T14:15-07:00,289.6336364746094,0,0
2022-05-02T14:30-07:00,335.7696228027344,0,0
2022-05-02T14:45-07:00,401.3195495605469,0,0
2022-05-02T15:00-07:00,241.6492919921875,0,0
2022-05-02T15:15-07:00,355.4220886230469,0,0
2022-05-02T15:30-07:00,230.46856689453125,0,0
2022-05-02T15:45-07:00,211.36810302734372,0,0
2022-05-02T16:00-07:00,219.11117553710935,0,0
2022-05-02T16:15-07:00,283.2326354980469,0,0
2022-05-02T16:30-07:00,217.0209197998047,0,0
2022-05-02T16:45-07:00,222.06692504882807,0,0
2022-05-02T17:00-07:00,212.32493591308597,0,0
2022-05-02T17:15-07:00,206.77346801757807,0,0
2022-05-02T17:30-07:00,210.63897705078125,0,0
2022-05-02T17:45-07:00,222.01535034179688,0,0
2022-05-02T18:00-07:00,291.0226135253906,0,0
2022-05-02T18:15-07:00,228.1872100830078,0,0
2022-05-02T18:30-07:00,192.2097625732422,0,0
2022-05-02T18:45-07:00,241.6552734375,0,0
2022-05-02T19:00-07:00,237.59506225585935,0,0
2022-05-02T19:15-07:00,196.1562347412109,0,0
2022-05-02T19:30-07:00,205.98619079589844,0,0
2022-05-02T19:45-07:00,238.2848358154297,0,0
2022-05-02T20:00-07:00,261.6625366210937,0,0
2022-05-02T20:15-07:00,229.4881591796875,0,0
2022-05-02T20:30-07:00,241.96897888183597,0,0
2022-05-02T20:45-07:00,192.6669006347656,0,0
2022-05-02T21:00-07:00,141.26918029785156,0,0
2022-05-02T21:15-07:00,126.5697784423828,0,0
2022-05-02T21:30-07:00,143.7645721435547,0,0
2022-05-02T21:45-07:00,115.08065032958984,0,0
2022-05-02T22:00-07:00,128.02883911132812,0,0
2022-05-02T22:15-07:00,120.36841583251952,0,0
2022-05-02T22:30-07:00,97.08839416503906,0,0
2022-05-02T22:45-07:00,110.32819366455078,0,0
2022-05-02T23:00-07:00,116.84927368164062,0,0
2022-05-02T23:15-07:00,139.12664794921875,0,0
2022-05-02T23:30-07:00,142.28787231445312,0,0
2022-05-02T23:45-07:00,137.21485900878906,0,0
2022-05-03T00:00-07:00,149.45094299316406,0,0
2022-05-03T00:15-07:00,118.15074157714844,0,0
2022-05-03T00:30-07:00,126.54920959472656,0,0
2022-05-03T00:45-07:00,119.79837036132812,0,0
2022-05-03T01:00-07:00,106.0143814086914,0,0
2022-05-03T01:15-07:00,126.56268310546876,0,0
2022-05-03T01:30-07:00,113.83187866210938,0,0
2022-05-03T01:45-07:00,118.21680450439452,0,0
2022-05-03T02:00-07:00,100.66046905517578,0,0
2022-05-03T02:15-07:00,124.7196044921875,0,0
2022-05-03T02:30-07:00,109.8455581665039,0,0
2022-05-03T02:45-07:00,120.48565673828124,0,0
2022-05-03T03:00-07:00,140.15382385253906,0,0
2022-05-03T03:15-07:00,137.0041046142578,0,0
2022-05-03T03:30-07:00,119.71671295166016,0,0
2022-05-03T03:45-07:00,121.26671600341795,0,0
2022-05-03T04:00-07:00,142.23655700683594,0,0
2022-05-03T04:15-07:00,116.30255126953124,0,0
2022-05-03T04:30-07:00,110.30982208251952,0,0
2022-05-03T04:45-07:00,118.51075744628906,0,0
2022-05-03T05:00-07:00,124.79095458984376,0,0
2022-05-03T05:15-07:00,135.46054077148438,0,0
2022-05-03T05:30-07:00,97.28074645996094,0,0
2022-05-03T05:45-07:00,117.4452896118164,0,0
2022-05-03T06:00-07:00,104.998779296875,0,0
2022-05-03T06:15-07:00,177.7505340576172,0,0
2022-05-03T06:30-07:00,233.1602325439453,0,0
2022-05-03T06:45-07:00,179.61827087402344,0,0
2022-05-03T07:00-07:00,170.9965362548828,0,0
2022-05-03T07:15-07:00,179.41033935546875,0,0
2022-05-03T07:30-07:00,172.8689727783203,0,0
2022-05-03T07:45-07:00,186.6644287109375,0,0
2022-05-03T08:00-07:00,207.81251525878903,0,0
2022-05-03T08:15-07:00,278.63922119140625,0,0
2022-05-03T08:30-07:00,194.9142303466797,0,0
2022-05-03T08:45-07:00,180.6985626220703,0,0
2022-05-03T09:00-07:00,217.06857299804688,0,0
2022-05-03T09:15-07:00,274.01324462890625,0,0
2022-05-03T09:30-07:00,240.2193603515625,0,0
2022-05-03T09:45-07:00,191.3704071044922,0,0
2022-05-03T10:00-07:00,281.5926208496094,0,0
2022-05-03T10:15-07:00,225.625244140625,0,0
2022-05-03T10:30-07:00,278.4239501953125,0,0
2022-05-03T10:45-07:00,256.35675048828125,0,0
2022-05-03T11:00-07:00,276.1636962890625,0,0
2022-05-03T11:15-07:00,394.4249572753906,0,0
2022-05-03T11:30-07:00,279.7017822265625,0,0
2022-05-03T11:45-07:00,253.86898803710935,0,0
2022-05-03T12:00-07:00,402.974609375,0,0
2022-05-03T12:15-07:00,397.9426574707031,0,0
2022-05-03T12:30-07:00,413.5384521484375,0,0
2022-05-03T12:45-07:00,270.8603515625,0,0
2022-05-03T13:00-07:00,452.1858215332031,0,0
2022-05-03T13:15-07:00,250.40728759765625,0,0
2022-05-03T13:30-07:00,377.0299682617188,0,0
2022-05-03T13:45-07:00,357.58941650390625,0,0
2022-05-03T14:00-07:00,291.5513610839844,0,0
2022-05-03T14:15-07:00,348.1184997558594,0,0
2022-05-03T14:30-07:00,351.81573486328125,0,0
2022-05-03T14:45-07:00,273.7882385253906,0,0
2022-05-03T15:00-07:00,279.73114013671875,0,0
2022-05-03T15:15-07:00,349.5469970703125,0,0
2022-05-03T15:30-07:00,333.0725402832031,0,0
2022-05-03T15:45-07:00,281.3837890625,0,0
2022-05-03T16:00-07:00,287.8125,0,0
2022-05-03T16:15-07:00,255.68544006347656,0,0
2022-05-03T16:30-07:00,228.8047637939453,0,0
2022-05-03T16:45-07:00,260.5794982910156,0,0
2022-05-03T17:00-07:00,270.3632202148437,0,0
2022-05-03T17:15-07:00,274.13671875,0,0
2022-05-03T17:30-07:00,243.39700317382807,0,0
2022-05-03T17:45-07:00,318.0062561035156,0,0
2022-05-03T18:00-07:00,250.2535858154297,0,0
2022-05-03T18:15-07:00,240.47959899902344,0,0
2022-05-03T18:30-07:00,277.3197937011719,0,0
2022-05-03T18:45-07:00,239.34825134277344,0,0
2022-05-03T19:00-07:00,373.6258544921875,0,0
2022-05-03T19:15-07:00,360.1894226074219,0,0
2022-05-03T19:30-07:00,263.5065002441406,0,0
2022-05-03T19:45-07:00,281.72119140625,0,0
2022-05-03T20:00-07:00,220.01223754882807,0,0
2022-05-03T20:15-07:00,220.10028076171875,0,0
2022-05-03T20:30-07:00,209.4008026123047,0,0
2022-05-03T20:45-07:00,323.84527587890625,0,0
2022-05-03T21:00-07:00,255.20562744140625,0,0
2022-05-03T21:15-07:00,194.98175048828125,0,0
2022-05-03T21:30-07:00,188.30075073242188,0,0
2022-05-03T21:45-07:00,170.0831298828125,0,0
2022-05-03T22:00-07:00,160.5682373046875,0,0
2022-05-03T22:15-07:00,158.34751892089844,0,0
2022-05-03T22:30-07:00,151.82211303710938,0,0
2022-05-03T22:45-07:00,161.18643188476562,0,0
2022-05-03T23:00-07:00,168.80517578125,0,0
2022-05-03T23:15-07:00,167.04806518554688,0,0
2022-05-03T23:30-07:00,140.09805297851562,0,0
2022-05-03T23:45-07:00,151.68719482421875,0,0
2022-05-04T00:00-07:00,177.66737365722656,0,0
2022-05-04T00:15-07:00,146.02496337890625,0,0
2022-05-04T00:30-07:00,150.05360412597656,0,0
2022-05-04T00:45-07:00,153.15179443359375,0,0
2022-05-04T01:00-07:00,159.3092498779297,0,0
2022-05-04T01:15-07:00,169.19635009765625,0,0
2022-05-04T01:30-07:00,156.82566833496094,0,0
2022-05-04T01:45-07:00,148.9869384765625,0,0
2022-05-04T02:00-07:00,170.5502471923828,0,0
2022-05-04T02:15-07:00,133.09445190429688,0,0
2022-05-04T02:30-07:00,114.8345947265625,0,0
2022-05-04T02:45-07:00,105.64217376708984,0,0
2022-05-04T03:00-07:00,125.41653442382812,0,0
2022-05-04T03:15-07:00,108.0060043334961,0,0
2022-05-04T03:30-07:00,125.7430191040039,0,0
2022-05-04T03:45-07:00,122.09801483154295,0,0
2022-05-04T04:00-07:00,130.40916442871094,0,0
2022-05-04T04:15-07:00,136.5457305908203,0,0
2022-05-04T04:30-07:00,121.95986938476562,0,0
2022-05-04T04:45-07:00,130.2240753173828,0,0
2022-05-04T05:00-07:00,113.02716064453124,0,0
2022-05-04T05:15-07:00,120.16646575927734,0,0
2022-05-04T05:30-07:00,124.06471252441406,0,0
2022-05-04T05:45-07:00,111.4370346069336,0,0
2022-05-04T06:00-07:00,182.8787841796875,0,0
2022-05-04T06:15-07:00,201.45559692382807,0,0
2022-05-04T06:30-07:00,170.1309051513672,0,0
2022-05-04T06:45-07:00,190.347412109375,0,0
2022-05-04T07:00-07:00,221.1115875244141,0,0
2022-05-04T07:15-07:00,215.4266662597656,0,0
2022-05-04T07:30-07:00,241.14512634277344,0,0
2022-05-04T07:45-07:00,195.6249542236328,0,0
2022-05-04T08:00-07:00,204.5066375732422,0,0
2022-05-04T08:15-07:00,246.9683074951172,0,0
2022-05-04T08:30-07:00,190.73483276367188,0,0
2022-05-04T08:45-07:00,191.08172607421875,0,0
2022-05-04T09:00-07:00,208.5729522705078,0,0
2022-05-04T09:15-07:00,337.7915344238281,0,0
2022-05-04T09:30-07:00,314.999267578125,0,0
2022-05-04T09:45-07:00,327.75848388671875,0,0
2022-05-04T10:00-07:00,311.1902160644531,0,0
2022-05-04T10:15-07:00,211.5447998046875,0,0
2022-05-04T10:30-07:00,365.5561828613281,0,0
2022-05-04T10:45-07:00,281.0103454589844,0,0
2022-05-04T11:00-07:00,301.2463073730469,0,0
2022-05-04T11:15-07:00,238.81597900390625,0,0
2022-05-04T11:30-07:00,318.8187866210937,0,0
2022-05-04T11:45-07:00,278.0604248046875,0,0
2022-05-04T12:00-07:00,262.49188232421875,0,0
2022-05-04T12:15-07:00,329.6045227050781,0,0
2022-05-04T12:30-07:00,298.2917785644531,0,0
2022-05-04T12:45-07:00,271.1473083496094,0,0
2022-05-04T13:00-07:00,248.34654235839844,0,0
2022-05-04T13:15-07:00,409.9877014160156,0,0
2022-05-04T13:30-07:00,363.9888610839844,0,0
2022-05-04T13:45-07:00,414.5360107421875,0,0
2022-05-04T14:00-07:00,283.4087219238281,0,0
2022-05-04T14:15-07:00,411.7892456054688,0,0
2022-05-04T14:30-07:00,366.1412048339844,0,0
2022-05-04T14:45-07:00,311.1792907714844,0,0
2022-05-04T15:00-07:00,257.64794921875,0,0
2022-05-04T15:15-07:00,281.1066589355469,0,0
2022-05-04T15:30-07:00,253.2535400390625,0,0
2022-05-04T15:45-07:00,282.50616455078125,0,0
2022-05-04T16:00-07:00,250.47311401367188,0,0
2022-05-04T16:15-07:00,256.12518310546875,0,0
2022-05-04T16:30-07:00,285.5774841308594,0,0
2022-05-04T16:45-07:00,270.42193603515625,0,0
2022-05-04T17:00-07:00,252.6954498291016,0,0
2022-05-04T17:15-07:00,263.08868408203125,0,0
2022-05-04T17:30-07:00,251.8115081787109,0,0
2022-05-04T17:45-07:00,261.1728210449219,0,0
2022-05-04T18:00-07:00,334.5053405761719,0,0
2022-05-04T18:15-07:00,231.3826904296875,0,0
2022-05-04T18:30-07:00,290.71221923828125,0,0
2022-05-04T18:45-07:00,286.3158569335937,0,0
2022-05-04T19:00-07:00,399.814208984375,0,0
2022-05-04T19:15-07:00,404.2005004882813,0,0
2022-05-04T19:30-07:00,410.553955078125,0,0
2022-05-04T19:45-07:00,384.6233520507813,0,0
2022-05-04T20:00-07:00,324.7232971191406,0,0
2022-05-04T20:15-07:00,253.40411376953125,0,0
2022-05-04T20:30-07:00,346.35333251953125,0,0
2022-05-04T20:45-07:00,187.95172119140625,0,0
2022-05-04T21:00-07:00,238.8348693847656,0,0
2022-05-04T21:15-07:00,228.1760711669922,0,0
2022-05-04T21:30-07:00,359.25006103515625,0,0
2022-05-04T21:45-07:00,380.2926940917969,0,0
2022-05-04T22:00-07:00,364.3994445800781,0,0
2022-05-04T22:15-07:00,372.8771362304688,0,0
2022-05-04T22:30-07:00,220.20751953125,0,0
2022-05-04T22:45-07:00,208.9115295410156,0,0
2022-05-04T23:00-07:00,208.1467742919922,0,0
2022-05-04T23:15-07:00,187.68179321289065,0,0
2022-05-04T23:30-07:00,192.03309631347656,0,0
2022-05-04T23:45-07:00,183.56137084960935,0,0
2022-05-05T00:00-07:00,195.02825927734372,0,0
2022-05-05T00:15-07:00,189.43960571289065,0,0
2022-05-05T00:30-07:00,166.26731872558594,0,0
2022-05-05T00:45-07:00,196.64279174804688,0,0
2022-05-05T01:00-07:00,170.99951171875,0,0
2022-05-05T01:15-07:00,177.91729736328125,0,0
2022-05-05T01:30-07:00,194.62841796875,0,0
2022-05-05T01:45-07:00,189.94677734375,0,0
2022-05-05T02:00-07:00,189.12193298339844,0,0
2022-05-05T02:15-07:00,167.07728576660156,0,0
2022-05-05T02:30-07:00,178.86807250976562,0,0
2022-05-05T02:45-07:00,158.07472229003906,0,0
2022-05-05T03:00-07:00,150.671875,0,0
2022-05-05T03:15-07:00,138.53160095214844,0,0
2022-05-05T03:30-07:00,152.5441436767578,0,0
2022-05-05T03:45-07:00,152.63067626953125,0,0
2022-05-05T04:00-07:00,151.70855712890625,0,0
2022-05-05T04:15-07:00,137.21844482421875,0,0
2022-05-05T04:30-07:00,147.8372802734375,0,0
2022-05-05T04:45-07:00,145.6750030517578,0,0
2022-05-05T05:00-07:00,145.47769165039062,0,0
2022-05-05T05:15-07:00,154.83261108398438,0,0
2022-05-05T05:30-07:00,148.9305419921875,0,0
2022-05-05T05:45-07:00,143.20223999023438,0,0
2022-05-05T06:00-07:00,187.4077911376953,0,0
2022-05-05T06:15-07:00,227.31021118164065,0,0
2022-05-05T06:30-07:00,211.30047607421875,0,0
2022-05-05T06:45-07:00,223.2988739013672,0,0
2022-05-05T07:00-07:00,227.78916931152344,0,0
2022-05-05T07:15-07:00,257.5638122558594,0,0
2022-05-05T07:30-07:00,233.11880493164065,0,0
2022-05-05T07:45-07:00,273.31671142578125,0,0
2022-05-05T08:00-07:00,247.0660095214844,0,0
2022-05-05T08:15-07:00,248.37831115722656,0,0
2022-05-05T08:30-07:00,235.14015197753903,0,0
2022-05-05T08:45-07:00,259.0046691894531,0,0
2022-05-05T09:00-07:00,269.0303955078125,0,0
2022-05-05T09:15-07:00,260.64654541015625,0,0
2022-05-05T09:30-07:00,288.5594787597656,0,0
2022-05-05T09:45-07:00,266.3717041015625,0,0
2022-05-05T10:00-07:00,301.72320556640625,0,0
2022-05-05T10:15-07:00,309.5394592285156,0,0
2022-05-05T10:30-07:00,373.2659912109375,0,0
2022-05-05T10:45-07:00,301.5095520019531,0,0
2022-05-05T11:00-07:00,254.26080322265625,0,0
2022-05-05T11:15-07:00,402.64251708984375,0,0
2022-05-05T11:30-07:00,323.318603515625,0,0
2022-05-05T11:45-07:00,287.5540466308594,0,0
2022-05-05T12:00-07:00,258.772216796875,0,0
2022-05-05T12:15-07:00,287.1566467285156,0,0
2022-05-05T12:30-07:00,338.1961364746094,0,0
2022-05-05T12:45-07:00,343.7400207519531,0,0
2022-05-05T13:00-07:00,343.2718200683594,0,0
2022-05-05T13:15-07:00,259.8695068359375,0,0
2022-05-05T13:30-07:00,266.2094421386719,0,0
2022-05-05T13:45-07:00,285.37384033203125,0,0
2022-05-05T14:00-07:00,306.9636535644531,0,0
2022-05-05T14:15-07:00,318.9755249023437,0,0
2022-05-05T14:30-07:00,278.4222106933594,0,0
2022-05-05T14:45-07:00,316.9333190917969,0,0
2022-05-05T15:00-07:00,291.6554260253906,0,0
2022-05-05T15:15-07:00,324.88726806640625,0,0
2022-05-05T15:30-07:00,389.1012573242188,0,0
2022-05-05T15:45-07:00,275.2452697753906,0,0
2022-05-05T16:00-07:00,295.9364013671875,0,0
2022-05-05T16:15-07:00,266.15087890625,0,0
2022-05-05T16:30-07:00,265.353515625,0,0
2022-05-05T16:45-07:00,297.74755859375,0,0
2022-05-05T17:00-07:00,273.9135131835937,0,0
2022-05-05T17:15-07:00,267.6582946777344,0,0
2022-05-05T17:30-07:00,318.15496826171875,0,0
2022-05-05T17:45-07:00,280.323486328125,0,0
2022-05-05T18:00-07:00,342.7254943847656,0,0
2022-05-05T18:15-07:00,304.1866760253906,0,0
2022-05-05T18:30-07:00,291.6858215332031,0,0
2022-05-05T18:45-07:00,290.2939758300781,0,0
2022-05-05T19:00-07:00,318.3046569824219,0,0
2022-05-05T19:15-07:00,324.6112670898437,0,0
2022-05-05T19:30-07:00,347.980712890625,0,0
2022-05-05T19:45-07:00,331.55712890625,0,0
2022-05-05T20:00-07:00,365.9608459472656,0,0
2022-05-05T20:15-07:00,267.7164306640625,0,0
2022-05-05T20:30-07:00,292.7654724121094,0,0
2022-05-05T20:45-07:00,220.8218536376953,0,0
2022-05-05T21:00-07:00,293.3036193847656,0,0
2022-05-05T21:15-07:00,290.9822998046875,0,0
2022-05-05T21:30-07:00,239.4471893310547,0,0
2022-05-05T21:45-07:00,219.9297332763672,0,0
2022-05-05T22:00-07:00,185.4340362548828,0,0
2022-05-05T22:15-07:00,191.587158203125,0,0
2022-05-05T22:30-07:00,205.46359252929688,0,0
2022-05-05T22:45-07:00,197.7013092041016,0,0
2022-05-05T23:00-07:00,180.33428955078125,0,0
2022-05-05T23:15-07:00,196.28224182128903,0,0
2022-05-05T23:30-07:00,186.6461334228516,0,0
2022-05-05T23:45-07:00,192.97360229492188,0,0
2022-05-06T00:00-07:00,175.78895568847656,0,0
2022-05-06T00:15-07:00,169.7069091796875,0,0
2022-05-06T00:30-07:00,157.61553955078125,0,0
2022-05-06T00:45-07:00,151.59170532226562,0,0
2022-05-06T01:00-07:00,182.7358245849609,0,0
2022-05-06T01:15-07:00,181.1171875,0,0
2022-05-06T01:30-07:00,182.25498962402344,0,0
2022-05-06T01:45-07:00,151.6121826171875,0,0
2022-05-06T02:00-07:00,162.79855346679688,0,0
2022-05-06T02:15-07:00,188.3240203857422,0,0
2022-05-06T02:30-07:00,167.14532470703125,0,0
2022-05-06T02:45-07:00,140.14195251464844,0,0
2022-05-06T03:00-07:00,139.8588104248047,0,0
2022-05-06T03:15-07:00,129.08876037597656,0,0
2022-05-06T03:30-07:00,134.3024444580078,0,0
2022-05-06T03:45-07:00,142.2665557861328,0,0
2022-05-06T04:00-07:00,123.48959350585938,0,0
2022-05-06T04:15-07:00,127.83370971679688,0,0
2022-05-06T04:30-07:00,115.1201171875,0,0
2022-05-06T04:45-07:00,139.796630859375,0,0
2022-05-06T05:00-07:00,137.16510009765625,0,0
2022-05-06T05:15-07:00,130.35069274902344,0,0
2022-05-06T05:30-07:00,146.44435119628906,0,0
2022-05-06T05:45-07:00,131.3658447265625,0,0
2022-05-06T06:00-07:00,175.8601837158203,0,0
2022-05-06T06:15-07:00,184.97467041015625,0,0
2022-05-06T06:30-07:00,201.01878356933597,0,0
2022-05-06T06:45-07:00,190.3382110595703,0,0
2022-05-06T07:00-07:00,196.2811737060547,0,0
2022-05-06T07:15-07:00,202.12454223632807,0,0
2022-05-06T07:30-07:00,225.009033203125,0,0
2022-05-06T07:45-07:00,236.4971160888672,0,0
2022-05-06T08:00-07:00,233.51466369628903,0,0
2022-05-06T08:15-07:00,317.34735107421875,0,0
2022-05-06T08:30-07:00,209.08538818359372,0,0
2022-05-06T08:45-07:00,204.93536376953125,0,0
2022-05-06T09:00-07:00,372.2212829589844,0,0
2022-05-06T09:15-07:00,215.7864990234375,0,0
2022-05-06T09:30-07:00,295.044189453125,0,0
2022-05-06T09:45-07:00,377.8000793457031,0,0
2022-05-06T10:00-07:00,308.2118225097656,0,0
2022-05-06T10:15-07:00,253.62559509277344,0,0
2022-05-06T10:30-07:00,243.76596069335935,0,0
2022-05-06T10:45-07:00,266.6698913574219,0,0
2022-05-06T11:00-07:00,278.4757080078125,0,0
2022-05-06T11:15-07:00,270.4807434082031,0,0
2022-05-06T11:30-07:00,417.8997802734375,0,0
2022-05-06T11:45-07:00,223.18533325195312,0,0
2022-05-06T12:00-07:00,241.3902587890625,0,0
2022-05-06T12:15-07:00,290.5894470214844,0,0
2022-05-06T12:30-07:00,271.26812744140625,0,0
2022-05-06T12:45-07:00,274.4615173339844,0,0
2022-05-06T13:00-07:00,294.1087646484375,0,0
2022-05-06T13:15-07:00,315.3353576660156,0,0
2022-05-06T13:30-07:00,339.8608093261719,0,0
2022-05-06T13:45-07:00,406.2908325195313,0,0
2022-05-06T14:00-07:00,223.7099609375,0,0
2022-05-06T14:15-07:00,297.832763671875,0,0
2022-05-06T14:30-07:00,421.2018432617188,0,0
2022-05-06T14:45-07:00,388.56939697265625,0,0
2022-05-06T15:00-07:00,260.26861572265625,0,0
2022-05-06T15:15-07:00,292.89849853515625,0,0
2022-05-06T15:30-07:00,400.7704162597656,0,0
2022-05-06T15:45-07:00,272.4492492675781,0,0
2022-05-06T16:00-07:00,246.1595001220703,0,0
2022-05-06T16:15-07:00,259.13116455078125,0,0
2022-05-06T16:30-07:00,234.1998291015625,0,0
2022-05-06T16:45-07:00,260.9620056152344,0,0
2022-05-06T17:00-07:00,249.8770294189453,0,0
2022-05-06T17:15-07:00,243.400634765625,0,0
2022-05-06T17:30-07:00,225.02322387695312,0,0
2022-05-06T17:45-07:00,297.3926086425781,0,0
2022-05-06T18:00-07:00,254.0365447998047,0,0
2022-05-06T18:15-07:00,234.35968017578125,0,0
2022-05-06T18:30-07:00,378.2344665527344,0,0
2022-05-06T18:45-07:00,353.2777709960937,0,0
2022-05-06T19:00-07:00,252.80470275878903,0,0
2022-05-06T19:15-07:00,231.1351623535156,0,0
2022-05-06T19:30-07:00,284.135986328125,0,0
2022-05-06T19:45-07:00,251.3182678222656,0,0
2022-05-06T20:00-07:00,233.31790161132807,0,0
2022-05-06T20:15-07:00,301.3475341796875,0,0
2022-05-06T20:30-07:00,187.67605590820312,0,0
2022-05-06T20:45-07:00,197.3724670410156,0,0
2022-05-06T21:00-07:00,222.67906188964844,0,0
2022-05-06T21:15-07:00,207.53054809570312,0,0
2022-05-06T21:30-07:00,213.7974853515625,0,0
2022-05-06T21:45-07:00,200.2489776611328,0,0
2022-05-06T22:00-07:00,193.9928741455078,0,0
2022-05-06T22:15-07:00,213.2736358642578,0,0
2022-05-06T22:30-07:00,188.67257690429688,0,0
2022-05-06T22:45-07:00,183.308349609375,0,0
2022-05-06T23:00-07:00,177.77769470214844,0,0
2022-05-06T23:15-07:00,172.73960876464844,0,0
2022-05-06T23:30-07:00,199.96885681152344,0,0
2022-05-06T23:45-07:00,193.9304351806641,0,0
2022-05-07T00:00-07:00,197.00962829589844,0,0
2022-05-07T00:15-07:00,173.85423278808594,0,0
2022-05-07T00:30-07:00,182.85931396484372,0,0
2022-05-07T00:45-07:00,186.67913818359372,0,0
2022-05-07T01:00-07:00,199.2705993652344,0,0
2022-05-07T01:15-07:00,178.85816955566406,0,0
2022-05-07T01:30-07:00,188.1581573486328,0,0
2022-05-07T01:45-07:00,169.4618377685547,0,0
2022-05-07T02:00-07:00,176.1539306640625,0,0
2022-05-07T02:15-07:00,193.75796508789065,0,0
2022-05-07T02:30-07:00,130.9441680908203,0,0
2022-05-07T02:45-07:00,131.18544006347656,0,0
2022-05-07T03:00-07:00,156.82896423339844,0,0
2022-05-07T03:15-07:00,152.83042907714844,0,0
2022-05-07T03:30-07:00,150.02914428710938,0,0
2022-05-07T03:45-07:00,160.94384765625,0,0
2022-05-07T04:00-07:00,161.84841918945312,0,0
2022-05-07T04:15-07:00,127.07608032226562,0,0
2022-05-07T04:30-07:00,130.6154022216797,0,0
2022-05-07T04:45-07:00,157.7058868408203,0,0
2022-05-07T05:00-07:00,146.65505981445312,0,0
2022-05-07T05:15-07:00,147.3817138671875,0,0
2022-05-07T05:30-07:00,150.443603515625,0,0
2022-05-07T05:45-07:00,163.09292602539062,0,0
2022-05-07T06:00-07:00,154.61471557617188,0,0
2022-05-07T06:15-07:00,165.41220092773438,0,0
2022-05-07T06:30-07:00,158.2363739013672,0,0
2022-05-07T06:45-07:00,153.28524780273438,0,0
2022-05-07T07:00-07:00,132.47959899902344,0,0
2022-05-07T07:15-07:00,153.4828338623047,0,0
2022-05-07T07:30-07:00,141.06851196289062,0,0
2022-05-07T07:45-07:00,147.12338256835938,0,0
2022-05-07T08:00-07:00,130.921630859375,0,0
2022-05-07T08:15-07:00,149.37698364257812,0,0
2022-05-07T08:30-07:00,177.28170776367188,0,0
2022-05-07T08:45-07:00,172.62396240234375,0,0
2022-05-07T09:00-07:00,180.71556091308597,0,0
2022-05-07T09:15-07:00,197.4117584228516,0,0
2022-05-07T09:30-07:00,200.3613128662109,0,0
2022-05-07T09:45-07:00,199.55300903320312,0,0
2022-05-07T10:00-07:00,220.71075439453125,0,0
2022-05-07T10:15-07:00,203.4825439453125,0,0
2022-05-07T10:30-07:00,189.2079925537109,0,0
2022-05-07T10:45-07:00,204.33596801757807,0,0
2022-05-07T11:00-07:00,201.076416015625,0,0
2022-05-07T11:15-07:00,262.78887939453125,0,0
2022-05-07T11:30-07:00,205.29440307617188,0,0
2022-05-07T11:45-07:00,213.06396484375,0,0
2022-05-07T12:00-07:00,199.13270568847656,0,0
2022-05-07T12:15-07:00,180.03785705566406,0,0
2022-05-07T12:30-07:00,199.4250946044922,0,0
2022-05-07T12:45-07:00,194.7076110839844,0,0
2022-05-07T13:00-07:00,192.2329864501953,0,0
2022-05-07T13:15-07:00,174.85250854492188,0,0
2022-05-07T13:30-07:00,210.6370391845703,0,0
2022-05-07T13:45-07:00,200.14968872070312,0,0
2022-05-07T14:00-07:00,194.30474853515625,0,0
2022-05-07T14:15-07:00,203.28277587890625,0,0
2022-05-07T14:30-07:00,176.41554260253906,0,0
2022-05-07T14:45-07:00,199.99148559570312,0,0
2022-05-07T15:00-07:00,224.5163116455078,0,0
2022-05-07T15:15-07:00,195.39996337890625,0,0
2022-05-07T15:30-07:00,180.3329162597656,0,0
2022-05-07T15:45-07:00,184.0232391357422,0,0
2022-05-07T16:00-07:00,181.5424346923828,0,0
2022-05-07T16:15-07:00,238.3604278564453,0,0
2022-05-07T16:30-07:00,177.28009033203125,0,0
2022-05-07T16:45-07:00,182.03668212890625,0,0
2022-05-07T17:00-07:00,209.06517028808597,0,0
2022-05-07T17:15-07:00,183.7260589599609,0,0
2022-05-07T17:30-07:00,189.0849151611328,0,0
2022-05-07T17:45-07:00,204.007080078125,0,0
2022-05-07T18:00-07:00,184.34771728515625,0,0
2022-05-07T18:15-07:00,183.90122985839844,0,0
2022-05-07T18:30-07:00,172.68243408203125,0,0
2022-05-07T18:45-07:00,189.39340209960935,0,0
2022-05-07T19:00-07:00,193.72564697265625,0,0
2022-05-07T19:15-07:00,200.3692169189453,0,0
2022-05-07T19:30-07:00,196.09852600097656,0,0
2022-05-07T19:45-07:00,203.2412872314453,0,0
2022-05-07T20:00-07:00,201.98377990722656,0,0
2022-05-07T20:15-07:00,178.49832153320312,0,0
2022-05-07T20:30-07:00,175.33132934570312,0,0
2022-05-07T20:45-07:00,147.4928741455078,0,0
2022-05-07T21:00-07:00,166.30242919921875,0,0
2022-05-07T21:15-07:00,161.1904754638672,0,0
2022-05-07T21:30-07:00,170.89468383789062,0,0
2022-05-07T21:45-07:00,141.60678100585938,0,0
2022-05-07T22:00-07:00,146.23487854003906,0,0
2022-05-07T22:15-07:00,158.73312377929688,0,0
2022-05-07T22:30-07:00,132.14251708984375,0,0
2022-05-07T22:45-07:00,175.33651733398438,0,0
2022-05-07T23:00-07:00,169.50546264648438,0,0
2022-05-07T23:15-07:00,159.4830322265625,0,0
2022-05-07T23:30-07:00,146.14317321777344,0,0
2022-05-07T23:45-07:00,182.0764617919922,0,0
2022-05-08T00:00-07:00,128.66256713867188,0,0
2022-05-08T00:15-07:00,134.342529296875,0,0
2022-05-08T00:30-07:00,148.6189727783203,0,0
2022-05-08T00:45-07:00,153.2987060546875,0,0
2022-05-08T01:00-07:00,164.15313720703125,0,0
2022-05-08T01:15-07:00,148.9451904296875,0,0
2022-05-08T01:30-07:00,155.55392456054688,0,0
2022-05-08T01:45-07:00,144.0379638671875,0,0
2022-05-08T02:00-07:00,189.4684600830078,0,0
2022-05-08T02:15-07:00,159.20904541015625,0,0
2022-05-08T02:30-07:00,153.3192901611328,0,0
2022-05-08T02:45-07:00,145.40243530273438,0,0
2022-05-08T03:00-07:00,151.41049194335938,0,0
2022-05-08T03:15-07:00,144.7296600341797,0,0
2022-05-08T03:30-07:00,159.2185516357422,0,0
2022-05-08T03:45-07:00,125.4378890991211,0,0
2022-05-08T04:00-07:00,134.29263305664062,0,0
2022-05-08T04:15-07:00,145.38409423828125,0,0
2022-05-08T04:30-07:00,129.42922973632812,0,0
2022-05-08T04:45-07:00,141.76095581054688,0,0
2022-05-08T05:00-07:00,165.94052124023438,0,0
2022-05-08T05:15-07:00,196.0911865234375,0,0
2022-05-08T05:30-07:00,199.9297637939453,0,0
2022-05-08T05:45-07:00,212.78684997558597,0,0
2022-05-08T06:00-07:00,190.64163208007807,0,0
2022-05-08T06:15-07:00,235.25538635253903,0,0
2022-05-08T06:30-07:00,237.6829071044922,0,0
2022-05-08T06:45-07:00,247.01483154296875,0,0
2022-05-08T07:00-07:00,237.14389038085935,0,0
2022-05-08T07:15-07:00,376.232666015625,0,0
2022-05-08T07:30-07:00,241.1343994140625,0,0
2022-05-08T07:45-07:00,285.15692138671875,0,0
2022-05-08T08:00-07:00,297.53570556640625,0,0
2022-05-08T08:15-07:00,253.51901245117188,0,0
2022-05-08T08:30-07:00,304.11865234375,0,0
2022-05-08T08:45-07:00,297.4736633300781,0,0
2022-05-08T09:00-07:00,455.43560791015625,0,0
2022-05-08T09:15-07:00,293.85723876953125,0,0
2022-05-08T09:30-07:00,317.77886962890625,0,0
2022-05-08T09:45-07:00,268.6236267089844,0,0
2022-05-08T10:00-07:00,510.0744018554688,0,0
2022-05-08T10:15-07:00,279.4693908691406,0,0
2022-05-08T10:30-07:00,336.3475341796875,0,0
2022-05-08T10:45-07:00,292.7499694824219,0,0
2022-05-08T11:00-07:00,429.8505554199219,0,0
2022-05-08T11:15-07:00,446.8289794921875,0,0
2022-05-08T11:30-07:00,391.8565368652344,0,0
2022-05-08T11:45-07:00,437.1695861816406,0,0
2022-05-08T12:00-07:00,360.7817077636719,0,0
2022-05-08T12:15-07:00,437.8499145507813,0,0
2022-05-08T12:30-07:00,390.1961669921875,0,0
2022-05-08T12:45-07:00,428.8282165527344,0,0
2022-05-08T13:00-07:00,437.81878662109375,0,0
2022-05-08T13:15-07:00,329.8443298339844,0,0
2022-05-08T13:30-07:00,361.22369384765625,0,0
2022-05-08T13:45-07:00,404.1198120117188,0,0
2022-05-08T14:00-07:00,307.7006225585937,0,0
2022-05-08T14:15-07:00,384.555419921875,0,0
2022-05-08T14:30-07:00,265.735595703125,0,0
2022-05-08T14:45-07:00,419.6416931152344,0,0
2022-05-08T15:00-07:00,314.0258483886719,0,0
2022-05-08T15:15-07:00,358.2867126464844,0,0
2022-05-08T15:30-07:00,412.6119079589844,0,0
2022-05-08T15:45-07:00,400.1777648925781,0,0
2022-05-08T16:00-07:00,359.0064697265625,0,0
2022-05-08T16:15-07:00,194.1109161376953,0,0
2022-05-08T16:30-07:00,231.20985412597656,0,0
2022-05-08T16:45-07:00,223.7453765869141,0,0
2022-05-08T17:00-07:00,210.5919647216797,0,0
2022-05-08T17:15-07:00,195.7952423095703,0,0
2022-05-08T17:30-07:00,214.3541717529297,0,0
2022-05-08T17:45-07:00,203.52261352539065,0,0
2022-05-08T18:00-07:00,175.56396484375,0,0
2022-05-08T18:15-07:00,199.9277191162109,0,0
2022-05-08T18:30-07:00,197.02642822265625,0,0
2022-05-08T18:45-07:00,191.9634704589844,0,0
2022-05-08T19:00-07:00,184.28125,0,0
2022-05-08T19:15-07:00,206.77870178222656,0,0
2022-05-08T19:30-07:00,169.50506591796875,0,0
2022-05-08T19:45-07:00,213.4617462158203,0,0
2022-05-08T20:00-07:00,188.3185272216797,0,0
2022-05-08T20:15-07:00,188.0225524902344,0,0
2022-05-08T20:30-07:00,194.3374481201172,0,0
2022-05-08T20:45-07:00,162.1702880859375,0,0
2022-05-08T21:00-07:00,163.339111328125,0,0
2022-05-08T21:15-07:00,146.5077667236328,0,0
2022-05-08T21:30-07:00,173.9913330078125,0,0
2022-05-08T21:45-07:00,157.86871337890625,0,0
2022-05-08T22:00-07:00,168.83177185058594,0,0
2022-05-08T22:15-07:00,145.41265869140625,0,0
2022-05-08T22:30-07:00,138.90570068359375,0,0
2022-05-08T22:45-07:00,156.0580596923828,0,0
2022-05-08T23:00-07:00,146.4636993408203,0,0
2022-05-08T23:15-07:00,159.34075927734375,0,0
2022-05-08T23:30-07:00,162.1813507080078,0,0
2022-05-08T23:45-07:00,163.19058227539062,0,0
2022-05-09T00:00-07:00,173.72732543945312,0,0
2022-05-09T00:15-07:00,138.43760681152344,0,0
2022-05-09T00:30-07:00,161.67967224121094,0,0
2022-05-09T00:45-07:00,140.69662475585938,0,0
2022-05-09T01:00-07:00,154.54229736328125,0,0
2022-05-09T01:15-07:00,161.255859375,0,0
2022-05-09T01:30-07:00,154.5059356689453,0,0
2022-05-09T01:45-07:00,147.50143432617188,0,0
2022-05-09T02:00-07:00,139.5371551513672,0,0
2022-05-09T02:15-07:00,160.70565795898438,0,0
2022-05-09T02:30-07:00,147.77610778808594,0,0
2022-05-09T02:45-07:00,148.16207885742188,0,0
2022-05-09T03:00-07:00,174.21563720703125,0,0
2022-05-09T03:15-07:00,149.6109619140625,0,0
2022-05-09T03:30-07:00,139.7553253173828,0,0
2022-05-09T03:45-07:00,146.7174530029297,0,0
2022-05-09T04:00-07:00,181.11990356445312,0,0
2022-05-09T04:15-07:00,140.4109344482422,0,0
2022-05-09T04:30-07:00,163.55218505859375,0,0
2022-05-09T04:45-07:00,167.5288543701172,0,0
2022-05-09T05:00-07:00,171.12437438964844,0,0
2022-05-09T05:15-07:00,151.1757049560547,0,0
2022-05-09T05:30-07:00,152.5868682861328,0,0
2022-05-09T05:45-07:00,158.20925903320312,0,0
2022-05-09T06:00-07:00,143.00982666015625,0,0
2022-05-09T06:15-07:00,164.1083984375,0,0
2022-05-09T06:30-07:00,182.34161376953125,0,0
2022-05-09T06:45-07:00,218.7262725830078,0,0
2022-05-09T07:00-07:00,197.31085205078125,0,0
2022-05-09T07:15-07:00,202.0215606689453,0,0
2022-05-09T07:30-07:00,202.4849548339844,0,0
2022-05-09T07:45-07:00,194.081787109375,0,0
2022-05-09T08:00-07:00,222.21841430664065,0,0
2022-05-09T08:15-07:00,192.928466796875,0,0
2022-05-09T08:30-07:00,186.2072296142578,0,0
2022-05-09T08:45-07:00,203.72520446777344,0,0
2022-05-09T09:00-07:00,221.68527221679688,0,0
2022-05-09T09:15-07:00,346.4410705566406,0,0
2022-05-09T09:30-07:00,259.5631408691406,0,0
2022-05-09T09:45-07:00,252.1173248291016,0,0
2022-05-09T10:00-07:00,285.6496276855469,0,0
2022-05-09T10:15-07:00,265.77703857421875,0,0
2022-05-09T10:30-07:00,258.8725280761719,0,0
2022-05-09T10:45-07:00,428.8042907714844,0,0
2022-05-09T11:00-07:00,397.5000305175781,0,0
2022-05-09T11:15-07:00,328.0923156738281,0,0
2022-05-09T11:30-07:00,312.5242004394531,0,0
2022-05-09T11:45-07:00,270.4544677734375,0,0
2022-05-09T12:00-07:00,290.1915588378906,0,0
2022-05-09T12:15-07:00,394.5396423339844,0,0
2022-05-09T12:30-07:00,323.07379150390625,0,0
2022-05-09T12:45-07:00,315.8214416503906,0,0
2022-05-09T13:00-07:00,355.01953125,0,0
2022-05-09T13:15-07:00,291.5726013183594,0,0
2022-05-09T13:30-07:00,329.1671447753906,0,0
2022-05-09T13:45-07:00,458.4822387695313,0,0
2022-05-09T14:00-07:00,456.0372314453125,0,0
2022-05-09T14:15-07:00,293.1025390625,0,0
2022-05-09T14:30-07:00,253.3508758544922,0,0
2022-05-09T14:45-07:00,421.3602294921875,0,0
2022-05-09T15:00-07:00,226.28909301757807,0,0
2022-05-09T15:15-07:00,353.0732727050781,0,0
2022-05-09T15:30-07:00,368.0710144042969,0,0
2022-05-09T15:45-07:00,278.67510986328125,0,0
2022-05-09T16:00-07:00,220.02102661132807,0,0
2022-05-09T16:15-07:00,209.514892578125,0,0
2022-05-09T16:30-07:00,199.23855590820312,0,0
2022-05-09T16:45-07:00,182.9761657714844,0,0
2022-05-09T17:00-07:00,185.1187744140625,0,0
2022-05-09T17:15-07:00,171.17306518554688,0,0
2022-05-09T17:30-07:00,184.76206970214844,0,0
2022-05-09T17:45-07:00,195.7403564453125,0,0
2022-05-09T18:00-07:00,187.25216674804688,0,0
2022-05-09T18:15-07:00,177.6368865966797,0,0
2022-05-09T18:30-07:00,159.7365264892578,0,0
2022-05-09T18:45-07:00,175.47251892089844,0,0
2022-05-09T19:00-07:00,174.815185546875,0,0
2022-05-09T19:15-07:00,173.35653686523438,0,0
2022-05-09T19:30-07:00,162.20669555664062,0,0
2022-05-09T19:45-07:00,156.0814666748047,0,0
2022-05-09T20:00-07:00,171.6207733154297,0,0
2022-05-09T20:15-07:00,183.1083221435547,0,0
2022-05-09T20:30-07:00,181.7919464111328,0,0
2022-05-09T20:45-07:00,162.81094360351562,0,0
2022-05-09T21:00-07:00,163.65843200683594,0,0
2022-05-09T21:15-07:00,149.30221557617188,0,0
2022-05-09T21:30-07:00,142.35154724121094,0,0
2022-05-09T21:45-07:00,147.55291748046875,0,0
2022-05-09T22:00-07:00,141.55882263183594,0,0
2022-05-09T22:15-07:00,122.31697082519533,0,0
2022-05-09T22:30-07:00,126.82769012451172,0,0
2022-05-09T22:45-07:00,157.62730407714844,0,0
2022-05-09T23:00-07:00,151.4080810546875,0,0
2022-05-09T23:15-07:00,153.3267364501953,0,0
2022-05-09T23:30-07:00,114.399658203125,0,0
2022-05-09T23:45-07:00,133.67164611816406,0,0
2022-05-10T00:00-07:00,137.61697387695312,0,0
2022-05-10T00:15-07:00,141.44749450683594,0,0
2022-05-10T00:30-07:00,123.0348892211914,0,0
2022-05-10T00:45-07:00,116.95823669433594,0,0
2022-05-10T01:00-07:00,146.66619873046875,0,0
2022-05-10T01:15-07:00,140.3327178955078,0,0
2022-05-10T01:30-07:00,136.70144653320312,0,0
2022-05-10T01:45-07:00,112.31629943847656,0,0
2022-05-10T02:00-07:00,131.31822204589844,0,0
2022-05-10T02:15-07:00,135.35227966308594,0,0
2022-05-10T02:30-07:00,115.84339904785156,0,0
2022-05-10T02:45-07:00,129.92901611328125,0,0
2022-05-10T03:00-07:00,148.9278106689453,0,0
2022-05-10T03:15-07:00,143.3291473388672,0,0
2022-05-10T03:30-07:00,149.69554138183594,0,0
2022-05-10T03:45-07:00,140.61114501953125,0,0
2022-05-10T04:00-07:00,135.7881317138672,0,0
2022-05-10T04:15-07:00,143.36399841308594,0,0
2022-05-10T04:30-07:00,129.6246337890625,0,0
2022-05-10T04:45-07:00,126.30389404296876,0,0
2022-05-10T05:00-07:00,127.41912078857422,0,0
2022-05-10T05:15-07:00,140.13623046875,0,0
2022-05-10T05:30-07:00,131.23968505859375,0,0
2022-05-10T05:45-07:00,149.89320373535156,0,0
2022-05-10T06:00-07:00,134.77769470214844,0,0
2022-05-10T06:15-07:00,156.8193359375,0,0
2022-05-10T06:30-07:00,174.62767028808594,0,0
2022-05-10T06:45-07:00,166.7639617919922,0,0
2022-05-10T07:00-07:00,166.42758178710938,0,0
2022-05-10T07:15-07:00,185.61436462402344,0,0
2022-05-10T07:30-07:00,260.27398681640625,0,0
2022-05-10T07:45-07:00,219.00482177734372,0,0
2022-05-10T08:00-07:00,208.2516326904297,0,0
2022-05-10T08:15-07:00,274.431640625,0,0
2022-05-10T08:30-07:00,325.6884460449219,0,0
2022-05-10T08:45-07:00,237.48263549804688,0,0
2022-05-10T09:00-07:00,233.14894104003903,0,0
2022-05-10T09:15-07:00,251.18582153320312,0,0
2022-05-10T09:30-07:00,230.1746368408203,0,0
2022-05-10T09:45-07:00,216.2556610107422,0,0
2022-05-10T10:00-07:00,203.5689392089844,0,0
2022-05-10T10:15-07:00,215.2247314453125,0,0
2022-05-10T10:30-07:00,254.2526092529297,0,0
2022-05-10T10:45-07:00,370.6707763671875,0,0
2022-05-10T11:00-07:00,361.3172302246094,0,0
2022-05-10T11:15-07:00,274.6640319824219,0,0
2022-05-10T11:30-07:00,366.2490539550781,0,0
2022-05-10T11:45-07:00,257.20526123046875,0,0
2022-05-10T12:00-07:00,238.7430877685547,0,0
2022-05-10T12:15-07:00,401.0991821289063,0,0
2022-05-10T12:30-07:00,396.0680847167969,0,0
2022-05-10T12:45-07:00,426.5247192382813,0,0
2022-05-10T13:00-07:00,496.3494262695313,0,0
2022-05-10T13:15-07:00,275.8158874511719,0,0
2022-05-10T13:30-07:00,300.4669189453125,0,0
2022-05-10T13:45-07:00,431.9659729003906,0,0
2022-05-10T14:00-07:00,406.1578674316406,0,0
2022-05-10T14:15-07:00,523.12255859375,0,0
2022-05-10T14:30-07:00,274.4462280273437,0,0
2022-05-10T14:45-07:00,385.5706787109375,0,0
2022-05-10T15:00-07:00,350.203369140625,0,0
2022-05-10T15:15-07:00,280.3323059082031,0,0
2022-05-10T15:30-07:00,273.8321533203125,0,0
2022-05-10T15:45-07:00,259.4533996582031,0,0
2022-05-10T16:00-07:00,249.86996459960935,0,0
2022-05-10T16:15-07:00,313.711181640625,0,0
2022-05-10T16:30-07:00,251.01670837402344,0,0
2022-05-10T16:45-07:00,261.3297424316406,0,0
2022-05-10T17:00-07:00,282.6606140136719,0,0
2022-05-10T17:15-07:00,248.10467529296875,0,0
2022-05-10T17:30-07:00,266.1195678710937,0,0
2022-05-10T17:45-07:00,260.0008239746094,0,0
2022-05-10T18:00-07:00,259.3166198730469,0,0
2022-05-10T18:15-07:00,296.7466125488281,0,0
2022-05-10T18:30-07:00,251.9237060546875,0,0
2022-05-10T18:45-07:00,268.16015625,0,0
2022-05-10T19:00-07:00,262.30279541015625,0,0
2022-05-10T19:15-07:00,250.03317260742188,0,0
2022-05-10T19:30-07:00,308.5859680175781,0,0
2022-05-10T19:45-07:00,425.0035705566406,0,0
2022-05-10T20:00-07:00,299.9600830078125,0,0
2022-05-10T20:15-07:00,312.35406494140625,0,0
2022-05-10T20:30-07:00,352.7319030761719,0,0
2022-05-10T20:45-07:00,247.19049072265625,0,0
2022-05-10T21:00-07:00,241.67372131347656,0,0
2022-05-10T21:15-07:00,200.0956573486328,0,0
2022-05-10T21:30-07:00,189.1085968017578,0,0
2022-05-10T21:45-07:00,176.6934356689453,0,0
2022-05-10T22:00-07:00,180.30430603027344,0,0
2022-05-10T22:15-07:00,154.17959594726562,0,0
2022-05-10T22:30-07:00,180.45315551757807,0,0
2022-05-10T22:45-07:00,157.67820739746094,0,0
2022-05-10T23:00-07:00,153.3231201171875,0,0
2022-05-10T23:15-07:00,170.55747985839844,0,0
2022-05-10T23:30-07:00,170.80889892578125,0,0
2022-05-10T23:45-07:00,171.13177490234375,0,0
2022-05-11T00:00-07:00,162.2361602783203,0,0
2022-05-11T00:15-07:00,168.6535186767578,0,0
2022-05-11T00:30-07:00,148.60537719726562,0,0
2022-05-11T00:45-07:00,167.775634765625,0,0
2022-05-11T01:00-07:00,152.72508239746094,0,0
2022-05-11T01:15-07:00,184.2646484375,0,0
2022-05-11T01:30-07:00,171.50491333007812,0,0
2022-05-11T01:45-07:00,168.27635192871094,0,0
2022-05-11T02:00-07:00,171.37161254882812,0,0
2022-05-11T02:15-07:00,151.77215576171875,0,0
2022-05-11T02:30-07:00,164.44602966308594,0,0
2022-05-11T02:45-07:00,146.80735778808594,0,0
2022-05-11T03:00-07:00,143.67706298828125,0,0
2022-05-11T03:15-07:00,131.00311279296875,0,0
2022-05-11T03:30-07:00,128.3762664794922,0,0
2022-05-11T03:45-07:00,147.88571166992188,0,0
2022-05-11T04:00-07:00,130.12257385253906,0,0
2022-05-11T04:15-07:00,135.54852294921875,0,0
2022-05-11T04:30-07:00,126.1559600830078,0,0
2022-05-11T04:45-07:00,139.23837280273438,0,0
2022-05-11T05:00-07:00,127.32527923583984,0,0
2022-05-11T05:15-07:00,137.35250854492188,0,0
2022-05-11T05:30-07:00,128.68609619140625,0,0
2022-05-11T05:45-07:00,133.80616760253906,0,0
2022-05-11T06:00-07:00,138.91375732421875,0,0
2022-05-11T06:15-07:00,134.2156219482422,0,0
2022-05-11T06:30-07:00,154.10621643066406,0,0
2022-05-11T06:45-07:00,189.06195068359372,0,0
2022-05-11T07:00-07:00,178.42816162109375,0,0
2022-05-11T07:15-07:00,213.42970275878903,0,0
2022-05-11T07:30-07:00,225.2104339599609,0,0
2022-05-11T07:45-07:00,209.7350006103516,0,0
2022-05-11T08:00-07:00,238.9215850830078,0,0
2022-05-11T08:15-07:00,296.4652709960937,0,0
2022-05-11T08:30-07:00,224.77194213867188,0,0
2022-05-11T08:45-07:00,201.2389373779297,0,0
2022-05-11T09:00-07:00,219.17544555664065,0,0
2022-05-11T09:15-07:00,254.9307556152344,0,0
2022-05-11T09:30-07:00,269.3923645019531,0,0
2022-05-11T09:45-07:00,223.1446990966797,0,0
2022-05-11T10:00-07:00,252.89007568359372,0,0
2022-05-11T10:15-07:00,224.754150390625,0,0
2022-05-11T10:30-07:00,225.18528747558597,0,0
2022-05-11T10:45-07:00,336.5520324707031,0,0
2022-05-11T11:00-07:00,372.608154296875,0,0
2022-05-11T11:15-07:00,300.5927429199219,0,0
2022-05-11T11:30-07:00,311.793212890625,0,0
2022-05-11T11:45-07:00,307.63140869140625,0,0
2022-05-11T12:00-07:00,272.5130310058594,0,0
2022-05-11T12:15-07:00,360.3115234375,0,0
2022-05-11T12:30-07:00,349.8207092285156,0,0
2022-05-11T12:45-07:00,344.9896850585937,0,0
2022-05-11T13:00-07:00,316.52459716796875,0,0
2022-05-11T13:15-07:00,286.8227233886719,0,0
2022-05-11T13:30-07:00,347.263427734375,0,0
2022-05-11T13:45-07:00,334.0413818359375,0,0
2022-05-11T14:00-07:00,310.64373779296875,0,0
2022-05-11T14:15-07:00,351.2669982910156,0,0
2022-05-11T14:30-07:00,280.8417358398437,0,0
2022-05-11T14:45-07:00,423.6700439453125,0,0
2022-05-11T15:00-07:00,272.580810546875,0,0
2022-05-11T15:15-07:00,454.1925048828125,0,0
2022-05-11T15:30-07:00,314.2772827148437,0,0
2022-05-11T15:45-07:00,276.3575134277344,0,0
2022-05-11T16:00-07:00,284.38818359375,0,0
2022-05-11T16:15-07:00,365.9325256347656,0,0
2022-05-11T16:30-07:00,244.2084808349609,0,0
2022-05-11T16:45-07:00,276.396728515625,0,0
2022-05-11T17:00-07:00,279.7542419433594,0,0
2022-05-11T17:15-07:00,271.4283752441406,0,0
2022-05-11T17:30-07:00,277.8109436035156,0,0
2022-05-11T17:45-07:00,327.08575439453125,0,0
2022-05-11T18:00-07:00,267.45965576171875,0,0
2022-05-11T18:15-07:00,235.848388671875,0,0
2022-05-11T18:30-07:00,304.8892517089844,0,0
2022-05-11T18:45-07:00,267.3265075683594,0,0
2022-05-11T19:00-07:00,335.0344543457031,0,0
2022-05-11T19:15-07:00,367.1657409667969,0,0
2022-05-11T19:30-07:00,373.3887634277344,0,0
2022-05-11T19:45-07:00,359.9363098144531,0,0
2022-05-11T20:00-07:00,337.08203125,0,0
2022-05-11T20:15-07:00,318.208251953125,0,0
2022-05-11T20:30-07:00,265.81317138671875,0,0
2022-05-11T20:45-07:00,257.17889404296875,0,0
2022-05-11T21:00-07:00,377.20123291015625,0,0
2022-05-11T21:15-07:00,205.15382385253903,0,0
2022-05-11T21:30-07:00,223.6446228027344,0,0
2022-05-11T21:45-07:00,185.1697540283203,0,0
2022-05-11T22:00-07:00,194.79258728027344,0,0
2022-05-11T22:15-07:00,170.5647735595703,0,0
2022-05-11T22:30-07:00,158.45921325683594,0,0
2022-05-11T22:45-07:00,176.71417236328125,0,0
2022-05-11T23:00-07:00,157.5487060546875,0,0
2022-05-11T23:15-07:00,162.06137084960938,0,0
2022-05-11T23:30-07:00,178.47470092773438,0,0
2022-05-11T23:45-07:00,175.2763671875,0,0
2022-05-12T00:00-07:00,187.7499542236328,0,0
2022-05-12T00:15-07:00,156.72193908691406,0,0
2022-05-12T00:30-07:00,157.3533477783203,0,0
2022-05-12T00:45-07:00,176.48751831054688,0,0
2022-05-12T01:00-07:00,186.7912750244141,0,0
2022-05-12T01:15-07:00,171.11407470703125,0,0
2022-05-12T01:30-07:00,157.4252471923828,0,0
2022-05-12T01:45-07:00,173.54885864257812,0,0
2022-05-12T02:00-07:00,175.7637481689453,0,0
2022-05-12T02:15-07:00,167.50021362304688,0,0
2022-05-12T02:30-07:00,165.41049194335938,0,0
2022-05-12T02:45-07:00,178.88302612304688,0,0
2022-05-12T03:00-07:00,151.64041137695312,0,0
2022-05-12T03:15-07:00,136.76084899902344,0,0
2022-05-12T03:30-07:00,157.0572967529297,0,0
2022-05-12T03:45-07:00,118.4153289794922,0,0
2022-05-12T04:00-07:00,125.99327087402344,0,0
2022-05-12T04:15-07:00,139.4523162841797,0,0
2022-05-12T04:30-07:00,143.7144012451172,0,0
2022-05-12T04:45-07:00,124.4166030883789,0,0
2022-05-12T05:00-07:00,118.41834259033205,0,0
2022-05-12T05:15-07:00,150.3769073486328,0,0
2022-05-12T05:30-07:00,151.38304138183594,0,0
2022-05-12T05:45-07:00,146.73446655273438,0,0
2022-05-12T06:00-07:00,207.2518768310547,0,0
2022-05-12T06:15-07:00,222.9861297607422,0,0
2022-05-12T06:30-07:00,195.2653350830078,0,0
2022-05-12T06:45-07:00,203.8046875,0,0
2022-05-12T07:00-07:00,229.75294494628903,0,0
2022-05-12T07:15-07:00,246.89535522460935,0,0
2022-05-12T07:30-07:00,230.0634307861328,0,0
2022-05-12T07:45-07:00,214.61996459960935,0,0
2022-05-12T08:00-07:00,210.93939208984372,0,0
2022-05-12T08:15-07:00,234.0908966064453,0,0
2022-05-12T08:30-07:00,222.9442901611328,0,0
2022-05-12T08:45-07:00,220.0482177734375,0,0
2022-05-12T09:00-07:00,229.708740234375,0,0
2022-05-12T09:15-07:00,222.63232421875,0,0
2022-05-12T09:30-07:00,355.8016357421875,0,0
2022-05-12T09:45-07:00,334.85107421875,0,0
2022-05-12T10:00-07:00,257.2359619140625,0,0
2022-05-12T10:15-07:00,268.4652709960937,0,0
2022-05-12T10:30-07:00,224.39552307128903,0,0
2022-05-12T10:45-07:00,286.0087280273437,0,0
2022-05-12T11:00-07:00,297.1874694824219,0,0
2022-05-12T11:15-07:00,400.4775695800781,0,0
2022-05-12T11:30-07:00,376.7615051269531,0,0
2022-05-12T11:45-07:00,291.2069396972656,0,0
2022-05-12T12:00-07:00,270.5199890136719,0,0
2022-05-12T12:15-07:00,420.255859375,0,0
2022-05-12T12:30-07:00,280.1355895996094,0,0
2022-05-12T12:45-07:00,334.72174072265625,0,0
2022-05-12T13:00-07:00,316.4866638183594,0,0
2022-05-12T13:15-07:00,300.7567138671875,0,0
2022-05-12T13:30-07:00,348.1440734863281,0,0
2022-05-12T13:45-07:00,319.6183166503906,0,0
2022-05-12T14:00-07:00,305.1322631835937,0,0
2022-05-12T14:15-07:00,485.773193359375,0,0
2022-05-12T14:30-07:00,437.0846557617188,0,0
2022-05-12T14:45-07:00,256.1534423828125,0,0
2022-05-12T15:00-07:00,273.1577453613281,0,0
2022-05-12T15:15-07:00,522.9722900390625,0,0
2022-05-12T15:30-07:00,349.9402160644531,0,0
2022-05-12T15:45-07:00,316.5207824707031,0,0
2022-05-12T16:00-07:00,268.5650939941406,0,0
2022-05-12T16:15-07:00,287.997802734375,0,0
2022-05-12T16:30-07:00,278.7176818847656,0,0
2022-05-12T16:45-07:00,253.4044342041016,0,0
2022-05-12T17:00-07:00,263.7441711425781,0,0
2022-05-12T17:15-07:00,317.83013916015625,0,0
2022-05-12T17:30-07:00,244.28770446777344,0,0
2022-05-12T17:45-07:00,266.4991455078125,0,0
2022-05-12T18:00-07:00,273.0801696777344,0,0
2022-05-12T18:15-07:00,274.1819152832031,0,0
2022-05-12T18:30-07:00,326.8395690917969,0,0
2022-05-12T18:45-07:00,321.17755126953125,0,0
2022-05-12T19:00-07:00,295.5790710449219,0,0
2022-05-12T19:15-07:00,310.7832946777344,0,0
2022-05-12T19:30-07:00,266.62176513671875,0,0
2022-05-12T19:45-07:00,375.619384765625,0,0
2022-05-12T20:00-07:00,248.17588806152344,0,0
2022-05-12T20:15-07:00,292.1369323730469,0,0
2022-05-12T20:30-07:00,246.17694091796875,0,0
2022-05-12T20:45-07:00,220.56878662109372,0,0
2022-05-12T21:00-07:00,261.6942749023437,0,0
2022-05-12T21:15-07:00,241.7534637451172,0,0
2022-05-12T21:30-07:00,204.13180541992188,0,0
2022-05-12T21:45-07:00,195.99681091308597,0,0
2022-05-12T22:00-07:00,189.6519012451172,0,0
2022-05-12T22:15-07:00,176.40908813476562,0,0
2022-05-12T22:30-07:00,156.97024536132812,0,0
2022-05-12T22:45-07:00,177.38824462890625,0,0
2022-05-12T23:00-07:00,176.67486572265625,0,0
2022-05-12T23:15-07:00,167.89126586914062,0,0
2022-05-12T23:30-07:00,176.14329528808594,0,0
2022-05-12T23:45-07:00,178.2792510986328,0,0
2022-05-13T00:00-07:00,152.57838439941406,0,0
2022-05-13T00:15-07:00,181.5653533935547,0,0
2022-05-13T00:30-07:00,165.77545166015625,0,0
2022-05-13T00:45-07:00,155.80715942382812,0,0
2022-05-13T01:00-07:00,173.22720336914062,0,0
2022-05-13T01:15-07:00,173.9556427001953,0,0
2022-05-13T01:30-07:00,156.08828735351562,0,0
2022-05-13T01:45-07:00,176.53993225097656,0,0
2022-05-13T02:00-07:00,166.6161346435547,0,0
2022-05-13T02:15-07:00,167.1771697998047,0,0
2022-05-13T02:30-07:00,155.46337890625,0,0
2022-05-13T02:45-07:00,157.57090759277344,0,0
2022-05-13T03:00-07:00,140.73475646972656,0,0
2022-05-13T03:15-07:00,137.3246612548828,0,0
2022-05-13T03:30-07:00,149.35743713378906,0,0
2022-05-13T03:45-07:00,131.3187713623047,0,0
2022-05-13T04:00-07:00,138.56613159179688,0,0
2022-05-13T04:15-07:00,116.83838653564452,0,0
2022-05-13T04:30-07:00,119.1781234741211,0,0
2022-05-13T04:45-07:00,142.76190185546875,0,0
2022-05-13T05:00-07:00,141.74720764160156,0,0
2022-05-13T05:15-07:00,133.3497314453125,0,0
2022-05-13T05:30-07:00,136.52005004882812,0,0
2022-05-13T05:45-07:00,133.533447265625,0,0
2022-05-13T06:00-07:00,159.5845489501953,0,0
2022-05-13T06:15-07:00,224.9528961181641,0,0
2022-05-13T06:30-07:00,190.18153381347656,0,0
2022-05-13T06:45-07:00,196.0852203369141,0,0
2022-05-13T07:00-07:00,209.57110595703125,0,0
2022-05-13T07:15-07:00,217.28717041015625,0,0
2022-05-13T07:30-07:00,237.05142211914065,0,0
2022-05-13T07:45-07:00,233.12472534179688,0,0
2022-05-13T08:00-07:00,189.2696990966797,0,0
2022-05-13T08:15-07:00,293.0545654296875,0,0
2022-05-13T08:30-07:00,234.52407836914065,0,0
2022-05-13T08:45-07:00,205.75418090820312,0,0
2022-05-13T09:00-07:00,387.87200927734375,0,0
2022-05-13T09:15-07:00,274.6352233886719,0,0
2022-05-13T09:30-07:00,233.1221466064453,0,0
2022-05-13T09:45-07:00,283.56396484375,0,0
2022-05-13T10:00-07:00,284.0203857421875,0,0
2022-05-13T10:15-07:00,249.9299774169922,0,0
2022-05-13T10:30-07:00,393.9780883789063,0,0
2022-05-13T10:45-07:00,307.4001770019531,0,0
2022-05-13T11:00-07:00,344.4072570800781,0,0
2022-05-13T11:15-07:00,389.8636169433594,0,0
2022-05-13T11:30-07:00,397.6396484375,0,0
2022-05-13T11:45-07:00,314.6056823730469,0,0
2022-05-13T12:00-07:00,349.9815368652344,0,0
2022-05-13T12:15-07:00,249.12342834472656,0,0
2022-05-13T12:30-07:00,275.8002319335937,0,0
2022-05-13T12:45-07:00,345.2172241210937,0,0
2022-05-13T13:00-07:00,379.5448913574219,0,0
2022-05-13T13:15-07:00,337.09625244140625,0,0
2022-05-13T13:30-07:00,274.3378601074219,0,0
2022-05-13T13:45-07:00,306.6812438964844,0,0
2022-05-13T14:00-07:00,256.013671875,0,0
2022-05-13T14:15-07:00,432.7888488769531,0,0
2022-05-13T14:30-07:00,381.5884399414063,0,0
2022-05-13T14:45-07:00,339.34088134765625,0,0
2022-05-13T15:00-07:00,274.4677429199219,0,0
2022-05-13T15:15-07:00,444.6370849609375,0,0
2022-05-13T15:30-07:00,389.8479614257813,0,0
2022-05-13T15:45-07:00,328.2300720214844,0,0
2022-05-13T16:00-07:00,256.4313659667969,0,0
2022-05-13T16:15-07:00,263.1933898925781,0,0
2022-05-13T16:30-07:00,268.5675354003906,0,0
2022-05-13T16:45-07:00,305.5892333984375,0,0
2022-05-13T17:00-07:00,276.6576538085937,0,0
2022-05-13T17:15-07:00,298.8216857910156,0,0
2022-05-13T17:30-07:00,283.081298828125,0,0
2022-05-13T17:45-07:00,371.4490356445313,0,0
2022-05-13T18:00-07:00,274.2448425292969,0,0
2022-05-13T18:15-07:00,294.5506896972656,0,0
2022-05-13T18:30-07:00,304.81658935546875,0,0
2022-05-13T18:45-07:00,284.32623291015625,0,0
2022-05-13T19:00-07:00,342.3773193359375,0,0
2022-05-13T19:15-07:00,272.1424255371094,0,0
2022-05-13T19:30-07:00,292.4282531738281,0,0
2022-05-13T19:45-07:00,274.307861328125,0,0
2022-05-13T20:00-07:00,389.9078369140625,0,0
2022-05-13T20:15-07:00,263.6514892578125,0,0
2022-05-13T20:30-07:00,366.0721130371094,0,0
2022-05-13T20:45-07:00,187.7439422607422,0,0
2022-05-13T21:00-07:00,250.0294647216797,0,0
2022-05-13T21:15-07:00,229.89959716796875,0,0
2022-05-13T21:30-07:00,252.95050048828125,0,0
2022-05-13T21:45-07:00,287.6006164550781,0,0
2022-05-13T22:00-07:00,217.4863128662109,0,0
2022-05-13T22:15-07:00,335.308349609375,0,0
2022-05-13T22:30-07:00,202.771728515625,0,0
2022-05-13T22:45-07:00,196.2796173095703,0,0
2022-05-13T23:00-07:00,196.19503784179688,0,0
2022-05-13T23:15-07:00,207.09698486328125,0,0
2022-05-13T23:30-07:00,186.34075927734372,0,0
2022-05-13T23:45-07:00,189.88992309570312,0,0
2022-05-14T00:00-07:00,164.27481079101562,0,0
2022-05-14T00:15-07:00,185.5214691162109,0,0
2022-05-14T00:30-07:00,206.4856719970703,0,0
2022-05-14T00:45-07:00,172.0717315673828,0,0
2022-05-14T01:00-07:00,180.0176239013672,0,0
2022-05-14T01:15-07:00,178.42247009277344,0,0
2022-05-14T01:30-07:00,189.6357269287109,0,0
2022-05-14T01:45-07:00,186.8946075439453,0,0
2022-05-14T02:00-07:00,191.4478759765625,0,0
2022-05-14T02:15-07:00,193.56314086914065,0,0
2022-05-14T02:30-07:00,188.54684448242188,0,0
2022-05-14T02:45-07:00,168.5845489501953,0,0
2022-05-14T03:00-07:00,172.9274444580078,0,0
2022-05-14T03:15-07:00,144.53993225097656,0,0
2022-05-14T03:30-07:00,161.3592071533203,0,0
2022-05-14T03:45-07:00,156.3478546142578,0,0
2022-05-14T04:00-07:00,140.9297637939453,0,0
2022-05-14T04:15-07:00,138.6543426513672,0,0
2022-05-14T04:30-07:00,146.06298828125,0,0
2022-05-14T04:45-07:00,158.34715270996094,0,0
2022-05-14T05:00-07:00,142.836181640625,0,0
2022-05-14T05:15-07:00,134.14852905273438,0,0
2022-05-14T05:30-07:00,155.74386596679688,0,0
2022-05-14T05:45-07:00,156.65174865722656,0,0
2022-05-14T06:00-07:00,151.31619262695312,0,0
2022-05-14T06:15-07:00,128.0409393310547,0,0
2022-05-14T06:30-07:00,173.58383178710938,0,0
2022-05-14T06:45-07:00,150.70494079589844,0,0
2022-05-14T07:00-07:00,155.197265625,0,0
2022-05-14T07:15-07:00,141.3392791748047,0,0
2022-05-14T07:30-07:00,140.41043090820312,0,0
2022-05-14T07:45-07:00,152.11886596679688,0,0
2022-05-14T08:00-07:00,138.9676971435547,0,0
2022-05-14T08:15-07:00,143.4958038330078,0,0
2022-05-14T08:30-07:00,137.12965393066406,0,0
2022-05-14T08:45-07:00,163.70889282226562,0,0
2022-05-14T09:00-07:00,188.4257354736328,0,0
2022-05-14T09:15-07:00,167.17054748535156,0,0
2022-05-14T09:30-07:00,183.3718719482422,0,0
2022-05-14T09:45-07:00,186.560546875,0,0
2022-05-14T10:00-07:00,175.4486846923828,0,0
2022-05-14T10:15-07:00,169.22019958496094,0,0
2022-05-14T10:30-07:00,187.3841094970703,0,0
2022-05-14T10:45-07:00,206.49273681640625,0,0
2022-05-14T11:00-07:00,204.69924926757807,0,0
2022-05-14T11:15-07:00,211.9886016845703,0,0
2022-05-14T11:30-07:00,199.11993408203125,0,0
2022-05-14T11:45-07:00,205.3760223388672,0,0
2022-05-14T12:00-07:00,214.40110778808597,0,0
2022-05-14T12:15-07:00,203.4475555419922,0,0
2022-05-14T12:30-07:00,206.35324096679688,0,0
2022-05-14T12:45-07:00,206.17742919921875,0,0
2022-05-14T13:00-07:00,213.71237182617188,0,0
2022-05-14T13:15-07:00,209.28587341308597,0,0
2022-05-14T13:30-07:00,182.97439575195312,0,0
2022-05-14T13:45-07:00,193.98785400390625,0,0
2022-05-14T14:00-07:00,212.3408050537109,0,0
2022-05-14T14:15-07:00,208.4535675048828,0,0
2022-05-14T14:30-07:00,198.9802398681641,0,0
2022-05-14T14:45-07:00,180.2917938232422,0,0
2022-05-14T15:00-07:00,192.98806762695312,0,0
2022-05-14T15:15-07:00,191.90367126464844,0,0
2022-05-14T15:30-07:00,216.0662841796875,0,0
2022-05-14T15:45-07:00,199.63119506835935,0,0
2022-05-14T16:00-07:00,207.8518218994141,0,0
2022-05-14T16:15-07:00,204.0638885498047,0,0
2022-05-14T16:30-07:00,202.742919921875,0,0
2022-05-14T16:45-07:00,206.850830078125,0,0
2022-05-14T17:00-07:00,203.8882751464844,0,0
2022-05-14T17:15-07:00,197.9234313964844,0,0
2022-05-14T17:30-07:00,208.3697967529297,0,0
2022-05-14T17:45-07:00,195.2927703857422,0,0
2022-05-14T18:00-07:00,190.5128936767578,0,0
2022-05-14T18:15-07:00,197.30458068847656,0,0
2022-05-14T18:30-07:00,208.1082763671875,0,0
2022-05-14T18:45-07:00,170.40321350097656,0,0
2022-05-14T19:00-07:00,192.1844024658203,0,0
2022-05-14T19:15-07:00,177.3513641357422,0,0
2022-05-14T19:30-07:00,184.0353240966797,0,0
2022-05-14T19:45-07:00,202.47515869140625,0,0
2022-05-14T20:00-07:00,174.8490753173828,0,0
2022-05-14T20:15-07:00,164.93203735351562,0,0
2022-05-14T20:30-07:00,161.3421173095703,0,0
2022-05-14T20:45-07:00,134.52337646484375,0,0
2022-05-14T21:00-07:00,140.94989013671875,0,0
2022-05-14T21:15-07:00,135.15089416503906,0,0
2022-05-14T21:30-07:00,166.27096557617188,0,0
2022-05-14T21:45-07:00,152.6148681640625,0,0
2022-05-14T22:00-07:00,146.42185974121094,0,0
2022-05-14T22:15-07:00,129.2234649658203,0,0
2022-05-14T22:30-07:00,135.70654296875,0,0
2022-05-14T22:45-07:00,163.0562744140625,0,0
2022-05-14T23:00-07:00,143.6063995361328,0,0
2022-05-14T23:15-07:00,153.95379638671875,0,0
2022-05-14T23:30-07:00,122.69439697265624,0,0
2022-05-14T23:45-07:00,131.67184448242188,0,0
2022-05-15T00:00-07:00,132.48533630371094,0,0
2022-05-15T00:15-07:00,129.84085083007812,0,0
2022-05-15T00:30-07:00,143.33673095703125,0,0
2022-05-15T00:45-07:00,141.04818725585938,0,0
2022-05-15T01:00-07:00,160.77243041992188,0,0
2022-05-15T01:15-07:00,140.44754028320312,0,0
2022-05-15T01:30-07:00,133.025634765625,0,0
2022-05-15T01:45-07:00,118.92840576171876,0,0
2022-05-15T02:00-07:00,133.25303649902344,0,0
2022-05-15T02:15-07:00,155.67803955078125,0,0
2022-05-15T02:30-07:00,150.12197875976562,0,0
2022-05-15T02:45-07:00,143.9103240966797,0,0
2022-05-15T03:00-07:00,155.30593872070312,0,0
2022-05-15T03:15-07:00,131.94615173339844,0,0
2022-05-15T03:30-07:00,144.85394287109375,0,0
2022-05-15T03:45-07:00,129.0459747314453,0,0
2022-05-15T04:00-07:00,128.95608520507812,0,0
2022-05-15T04:15-07:00,146.083740234375,0,0
2022-05-15T04:30-07:00,135.11111450195312,0,0
2022-05-15T04:45-07:00,168.01678466796875,0,0
2022-05-15T05:00-07:00,132.6760711669922,0,0
2022-05-15T05:15-07:00,140.55079650878906,0,0
2022-05-15T05:30-07:00,129.08779907226562,0,0
2022-05-15T05:45-07:00,145.14688110351562,0,0
2022-05-15T06:00-07:00,148.03021240234375,0,0
2022-05-15T06:15-07:00,137.0417022705078,0,0
2022-05-15T06:30-07:00,150.85401916503906,0,0
2022-05-15T06:45-07:00,157.32888793945312,0,0
2022-05-15T07:00-07:00,138.18099975585938,0,0
2022-05-15T07:15-07:00,121.42095947265624,0,0
2022-05-15T07:30-07:00,138.77374267578125,0,0
2022-05-15T07:45-07:00,152.8209228515625,0,0
2022-05-15T08:00-07:00,149.69287109375,0,0
2022-05-15T08:15-07:00,145.5012664794922,0,0
2022-05-15T08:30-07:00,152.3809356689453,0,0
2022-05-15T08:45-07:00,179.81236267089844,0,0
2022-05-15T09:00-07:00,188.42811584472656,0,0
2022-05-15T09:15-07:00,182.5444183349609,0,0
2022-05-15T09:30-07:00,178.24896240234375,0,0
2022-05-15T09:45-07:00,177.5089111328125,0,0
2022-05-15T10:00-07:00,189.57325744628903,0,0
2022-05-15T10:15-07:00,191.4790496826172,0,0
2022-05-15T10:30-07:00,181.9154510498047,0,0
2022-05-15T10:45-07:00,177.5824432373047,0,0
2022-05-15T11:00-07:00,167.04718017578125,0,0
2022-05-15T11:15-07:00,207.11886596679688,0,0
2022-05-15T11:30-07:00,195.7566375732422,0,0
2022-05-15T11:45-07:00,206.4871063232422,0,0
2022-05-15T12:00-07:00,202.40155029296875,0,0
2022-05-15T12:15-07:00,202.7169952392578,0,0
2022-05-15T12:30-07:00,184.6325225830078,0,0
2022-05-15T12:45-07:00,190.3728179931641,0,0
2022-05-15T13:00-07:00,193.2231903076172,0,0
2022-05-15T13:15-07:00,180.70675659179688,0,0
2022-05-15T13:30-07:00,197.713623046875,0,0
2022-05-15T13:45-07:00,199.37628173828125,0,0
2022-05-15T14:00-07:00,187.71229553222656,0,0
2022-05-15T14:15-07:00,254.5230407714844,0,0
2022-05-15T14:30-07:00,166.2024383544922,0,0
2022-05-15T14:45-07:00,166.4199676513672,0,0
2022-05-15T15:00-07:00,191.93423461914065,0,0
2022-05-15T15:15-07:00,191.61160278320312,0,0
2022-05-15T15:30-07:00,188.9421539306641,0,0
2022-05-15T15:45-07:00,179.08636474609375,0,0
2022-05-15T16:00-07:00,192.2382354736328,0,0
2022-05-15T16:15-07:00,176.13522338867188,0,0
2022-05-15T16:30-07:00,181.7179107666016,0,0
2022-05-15T16:45-07:00,191.01873779296875,0,0
2022-05-15T17:00-07:00,166.1211700439453,0,0
2022-05-15T17:15-07:00,164.13461303710938,0,0
2022-05-15T17:30-07:00,188.1425018310547,0,0
2022-05-15T17:45-07:00,174.07408142089844,0,0
2022-05-15T18:00-07:00,168.52786254882812,0,0
2022-05-15T18:15-07:00,178.9642791748047,0,0
2022-05-15T18:30-07:00,180.3004302978516,0,0
2022-05-15T18:45-07:00,154.00485229492188,0,0
2022-05-15T19:00-07:00,179.26101684570312,0,0
2022-05-15T19:15-07:00,173.0889129638672,0,0
2022-05-15T19:30-07:00,178.14849853515625,0,0
2022-05-15T19:45-07:00,172.34054565429688,0,0
2022-05-15T20:00-07:00,173.75845336914062,0,0
2022-05-15T20:15-07:00,177.9286346435547,0,0
2022-05-15T20:30-07:00,160.2647247314453,0,0
2022-05-15T20:45-07:00,137.86724853515625,0,0
2022-05-15T21:00-07:00,159.37989807128906,0,0
2022-05-15T21:15-07:00,148.01832580566406,0,0
2022-05-15T21:30-07:00,132.42327880859375,0,0
2022-05-15T21:45-07:00,143.75477600097656,0,0
2022-05-15T22:00-07:00,124.92996978759766,0,0
2022-05-15T22:15-07:00,130.12594604492188,0,0
2022-05-15T22:30-07:00,145.99964904785156,0,0
2022-05-15T22:45-07:00,151.81759643554688,0,0
2022-05-15T23:00-07:00,141.65821838378906,0,0
2022-05-15T23:15-07:00,160.59925842285156,0,0
2022-05-15T23:30-07:00,164.20877075195312,0,0
2022-05-15T23:45-07:00,156.7781524658203,0,0
2022-05-16T00:00-07:00,132.6674041748047,0,0
2022-05-16T00:15-07:00,132.4405059814453,0,0
2022-05-16T00:30-07:00,143.71310424804688,0,0
2022-05-16T00:45-07:00,127.7129898071289,0,0
2022-05-16T01:00-07:00,149.94776916503906,0,0
2022-05-16T01:15-07:00,148.12005615234375,0,0
2022-05-16T01:30-07:00,143.2055206298828,0,0
2022-05-16T01:45-07:00,151.1990509033203,0,0
2022-05-16T02:00-07:00,140.43487548828125,0,0
2022-05-16T02:15-07:00,146.56065368652344,0,0
2022-05-16T02:30-07:00,131.0050811767578,0,0
2022-05-16T02:45-07:00,131.76248168945312,0,0
2022-05-16T03:00-07:00,165.626220703125,0,0
2022-05-16T03:15-07:00,148.28683471679688,0,0
2022-05-16T03:30-07:00,139.51663208007812,0,0
2022-05-16T03:45-07:00,145.85134887695312,0,0
2022-05-16T04:00-07:00,147.0170135498047,0,0
2022-05-16T04:15-07:00,163.10096740722656,0,0
2022-05-16T04:30-07:00,142.786376953125,0,0
2022-05-16T04:45-07:00,150.6642608642578,0,0
2022-05-16T05:00-07:00,134.59048461914062,0,0
2022-05-16T05:15-07:00,144.0286865234375,0,0
2022-05-16T05:30-07:00,149.03485107421875,0,0
2022-05-16T05:45-07:00,166.64840698242188,0,0
2022-05-16T06:00-07:00,168.6331787109375,0,0
2022-05-16T06:15-07:00,201.8553466796875,0,0
2022-05-16T06:30-07:00,204.75732421875,0,0
2022-05-16T06:45-07:00,189.810546875,0,0
2022-05-16T07:00-07:00,182.09194946289065,0,0
2022-05-16T07:15-07:00,164.31715393066406,0,0
2022-05-16T07:30-07:00,173.1488037109375,0,0
2022-05-16T07:45-07:00,182.5606689453125,0,0
2022-05-16T08:00-07:00,187.1278533935547,0,0
2022-05-16T08:15-07:00,191.51058959960935,0,0
2022-05-16T08:30-07:00,191.27040100097656,0,0
2022-05-16T08:45-07:00,193.7963104248047,0,0
2022-05-16T09:00-07:00,210.35459899902344,0,0
2022-05-16T09:15-07:00,353.2299194335937,0,0
2022-05-16T09:30-07:00,249.9334716796875,0,0
2022-05-16T09:45-07:00,302.45574951171875,0,0
2022-05-16T10:00-07:00,264.0671691894531,0,0
2022-05-16T10:15-07:00,223.84251403808597,0,0
2022-05-16T10:30-07:00,229.1357269287109,0,0
2022-05-16T10:45-07:00,339.20635986328125,0,0
2022-05-16T11:00-07:00,343.171142578125,0,0
2022-05-16T11:15-07:00,243.99278259277344,0,0
2022-05-16T11:30-07:00,313.47332763671875,0,0
2022-05-16T11:45-07:00,278.0125732421875,0,0
2022-05-16T12:00-07:00,291.0685729980469,0,0
2022-05-16T12:15-07:00,239.0659027099609,0,0
2022-05-16T12:30-07:00,279.3529052734375,0,0
2022-05-16T12:45-07:00,272.1304931640625,0,0
2022-05-16T13:00-07:00,380.9345703125,0,0
2022-05-16T13:15-07:00,308.279296875,0,0
2022-05-16T13:30-07:00,322.1136474609375,0,0
2022-05-16T13:45-07:00,316.4949035644531,0,0
2022-05-16T14:00-07:00,268.5164794921875,0,0
2022-05-16T14:15-07:00,414.8836669921875,0,0
2022-05-16T14:30-07:00,246.5494842529297,0,0
2022-05-16T14:45-07:00,394.6119689941406,0,0
2022-05-16T15:00-07:00,270.9001159667969,0,0
2022-05-16T15:15-07:00,434.8367919921875,0,0
2022-05-16T15:30-07:00,310.38043212890625,0,0
2022-05-16T15:45-07:00,257.57763671875,0,0
2022-05-16T16:00-07:00,339.75390625,0,0
2022-05-16T16:15-07:00,260.9574890136719,0,0
2022-05-16T16:30-07:00,268.2774353027344,0,0
2022-05-16T16:45-07:00,275.81805419921875,0,0
2022-05-16T17:00-07:00,369.1132507324219,0,0
2022-05-16T17:15-07:00,325.68292236328125,0,0
2022-05-16T17:30-07:00,266.23455810546875,0,0
2022-05-16T17:45-07:00,312.9930419921875,0,0
2022-05-16T18:00-07:00,243.81588745117188,0,0
2022-05-16T18:15-07:00,286.5140380859375,0,0
2022-05-16T18:30-07:00,260.769775390625,0,0
2022-05-16T18:45-07:00,294.4651794433594,0,0
2022-05-16T19:00-07:00,250.5948486328125,0,0
2022-05-16T19:15-07:00,381.8138122558594,0,0
2022-05-16T19:30-07:00,241.79031372070312,0,0
2022-05-16T19:45-07:00,285.98712158203125,0,0
2022-05-16T20:00-07:00,247.0850067138672,0,0
2022-05-16T20:15-07:00,250.45068359375,0,0
2022-05-16T20:30-07:00,345.1419372558594,0,0
2022-05-16T20:45-07:00,297.8708190917969,0,0
2022-05-16T21:00-07:00,217.1420135498047,0,0
2022-05-16T21:15-07:00,195.06971740722656,0,0
2022-05-16T21:30-07:00,225.6022491455078,0,0
2022-05-16T21:45-07:00,206.5207672119141,0,0
2022-05-16T22:00-07:00,203.2667694091797,0,0
2022-05-16T22:15-07:00,171.7526092529297,0,0
2022-05-16T22:30-07:00,182.2480926513672,0,0
2022-05-16T22:45-07:00,178.92831420898438,0,0
2022-05-16T23:00-07:00,188.15098571777344,0,0
2022-05-16T23:15-07:00,171.87945556640625,0,0
2022-05-16T23:30-07:00,181.96116638183597,0,0
2022-05-16T23:45-07:00,175.21212768554688,0,0
2022-05-17T00:00-07:00,184.9778594970703,0,0
2022-05-17T00:15-07:00,174.243896484375,0,0
2022-05-17T00:30-07:00,180.9949493408203,0,0
2022-05-17T00:45-07:00,189.37710571289065,0,0
2022-05-17T01:00-07:00,177.37222290039062,0,0
2022-05-17T01:15-07:00,175.13046264648438,0,0
2022-05-17T01:30-07:00,183.8392639160156,0,0
2022-05-17T01:45-07:00,160.78594970703125,0,0
2022-05-17T02:00-07:00,180.73231506347656,0,0
2022-05-17T02:15-07:00,175.15533447265625,0,0
2022-05-17T02:30-07:00,166.20663452148438,0,0
2022-05-17T02:45-07:00,139.5908966064453,0,0
2022-05-17T03:00-07:00,156.6537628173828,0,0
2022-05-17T03:15-07:00,147.17501831054688,0,0
2022-05-17T03:30-07:00,149.6033477783203,0,0
2022-05-17T03:45-07:00,138.25474548339844,0,0
2022-05-17T04:00-07:00,154.18728637695312,0,0
2022-05-17T04:15-07:00,121.36132049560548,0,0
2022-05-17T04:30-07:00,150.57034301757812,0,0
2022-05-17T04:45-07:00,149.7376708984375,0,0
2022-05-17T05:00-07:00,143.25228881835938,0,0
2022-05-17T05:15-07:00,140.18792724609375,0,0
2022-05-17T05:30-07:00,153.66734313964844,0,0
2022-05-17T05:45-07:00,171.7391357421875,0,0
2022-05-17T06:00-07:00,188.55093383789065,0,0
2022-05-17T06:15-07:00,203.6704864501953,0,0
2022-05-17T06:30-07:00,189.7115936279297,0,0
2022-05-17T06:45-07:00,213.8782958984375,0,0
2022-05-17T07:00-07:00,177.54689025878906,0,0
2022-05-17T07:15-07:00,171.6712646484375,0,0
2022-05-17T07:30-07:00,198.8295135498047,0,0
2022-05-17T07:45-07:00,225.01531982421875,0,0
2022-05-17T08:00-07:00,206.2077178955078,0,0
2022-05-17T08:15-07:00,289.43170166015625,0,0
2022-05-17T08:30-07:00,248.08056640625,0,0
2022-05-17T08:45-07:00,230.94467163085935,0,0
2022-05-17T09:00-07:00,231.46243286132807,0,0
2022-05-17T09:15-07:00,262.2383117675781,0,0
2022-05-17T09:30-07:00,257.50909423828125,0,0
2022-05-17T09:45-07:00,243.23704528808597,0,0
2022-05-17T10:00-07:00,228.1219940185547,0,0
2022-05-17T10:15-07:00,224.65994262695312,0,0
2022-05-17T10:30-07:00,238.2754364013672,0,1
2022-05-17T10:45-07:00,245.8491058349609,0,0
2022-05-17T11:00-07:00,385.8818054199219,0,0
2022-05-17T11:15-07:00,278.8246459960937,0,0
2022-05-17T11:30-07:00,259.4337463378906,0,0
2022-05-17T11:45-07:00,291.7810363769531,0,0
2022-05-17T12:00-07:00,289.5287170410156,0,0
2022-05-17T12:15-07:00,397.4915771484375,0,0
2022-05-17T12:30-07:00,357.876953125,0,0
2022-05-17T12:45-07:00,304.7571716308594,0,0
2022-05-17T13:00-07:00,422.3751220703125,0,0
2022-05-17T13:15-07:00,389.7891540527344,0,0
2022-05-17T13:30-07:00,442.6308288574219,0,0
2022-05-17T13:45-07:00,432.1497497558594,0,0
2022-05-17T14:00-07:00,469.5269165039063,0,0
2022-05-17T14:15-07:00,460.8964538574219,0,0
2022-05-17T14:30-07:00,299.6263427734375,0,0
2022-05-17T14:45-07:00,356.0490417480469,0,0
2022-05-17T15:00-07:00,368.99993896484375,0,0
2022-05-17T15:15-07:00,328.12188720703125,0,0
2022-05-17T15:30-07:00,455.0886535644531,0,0
2022-05-17T15:45-07:00,266.7266845703125,0,0
2022-05-17T16:00-07:00,279.1171569824219,0,0
2022-05-17T16:15-07:00,270.45928955078125,0,0
2022-05-17T16:30-07:00,287.38702392578125,0,0
2022-05-17T16:45-07:00,285.0414428710937,0,0
2022-05-17T17:00-07:00,270.6192321777344,0,0
2022-05-17T17:15-07:00,350.40350341796875,0,0
2022-05-17T17:30-07:00,332.2931823730469,0,0
2022-05-17T17:45-07:00,377.5884704589844,0,0
2022-05-17T18:00-07:00,282.33758544921875,0,0
2022-05-17T18:15-07:00,335.4132080078125,0,0
2022-05-17T18:30-07:00,351.44244384765625,0,0
2022-05-17T18:45-07:00,287.0785217285156,0,0
2022-05-17T19:00-07:00,323.9960021972656,0,0
2022-05-17T19:15-07:00,333.977294921875,0,0
2022-05-17T19:30-07:00,307.2288513183594,0,0
2022-05-17T19:45-07:00,267.4554138183594,0,0
2022-05-17T20:00-07:00,304.45428466796875,0,0
2022-05-17T20:15-07:00,313.03662109375,0,0
2022-05-17T20:30-07:00,332.24481201171875,0,0
2022-05-17T20:45-07:00,255.99234008789065,0,0
2022-05-17T21:00-07:00,342.16485595703125,0,0
2022-05-17T21:15-07:00,228.4647521972656,0,0
2022-05-17T21:30-07:00,250.8265380859375,0,0
2022-05-17T21:45-07:00,220.6763610839844,0,0
2022-05-17T22:00-07:00,187.51171875,0,0
2022-05-17T22:15-07:00,171.99099731445312,0,0
2022-05-17T22:30-07:00,185.3069305419922,0,0
2022-05-17T22:45-07:00,184.1930389404297,0,0
2022-05-17T23:00-07:00,175.0962371826172,0,0
2022-05-17T23:15-07:00,176.0164794921875,0,0
2022-05-17T23:30-07:00,186.46714782714844,0,0
2022-05-17T23:45-07:00,158.2061767578125,0,0
2022-05-18T00:00-07:00,173.27723693847656,0,0
2022-05-18T00:15-07:00,173.26687622070312,0,0
2022-05-18T00:30-07:00,135.06239318847656,0,0
2022-05-18T00:45-07:00,163.0376739501953,0,0
2022-05-18T01:00-07:00,131.24600219726562,0,0
2022-05-18T01:15-07:00,131.05419921875,0,0
2022-05-18T01:30-07:00,140.04087829589844,0,0
2022-05-18T01:45-07:00,147.10231018066406,0,0
2022-05-18T02:00-07:00,144.11412048339844,0,0
2022-05-18T02:15-07:00,131.16436767578125,0,0
2022-05-18T02:30-07:00,131.7366180419922,0,0
2022-05-18T02:45-07:00,137.18638610839844,0,0
2022-05-18T03:00-07:00,163.96078491210938,0,0
2022-05-18T03:15-07:00,158.59963989257812,0,0
2022-05-18T03:30-07:00,147.0266571044922,0,0
2022-05-18T03:45-07:00,139.65643310546875,0,0
2022-05-18T04:00-07:00,147.74905395507812,0,0
2022-05-18T04:15-07:00,128.4774627685547,0,0
2022-05-18T04:30-07:00,132.82984924316406,0,0
2022-05-18T04:45-07:00,145.81454467773438,0,0
2022-05-18T05:00-07:00,150.41590881347656,0,0
2022-05-18T05:15-07:00,134.32814025878906,0,0
2022-05-18T05:30-07:00,145.366943359375,0,0
2022-05-18T05:45-07:00,168.76773071289062,0,0
2022-05-18T06:00-07:00,183.36502075195312,0,0
2022-05-18T06:15-07:00,206.2970428466797,0,0
2022-05-18T06:30-07:00,219.06651306152344,0,0
2022-05-18T06:45-07:00,215.0472412109375,0,0
2022-05-18T07:00-07:00,200.2842712402344,0,0
2022-05-18T07:15-07:00,241.13548278808597,0,0
2022-05-18T07:30-07:00,234.03564453125,0,0
2022-05-18T07:45-07:00,237.79006958007807,0,0
2022-05-18T08:00-07:00,237.95492553710935,0,0
2022-05-18T08:15-07:00,242.4349822998047,0,0
2022-05-18T08:30-07:00,237.6385803222656,0,0
2022-05-18T08:45-07:00,213.0914001464844,0,0
2022-05-18T09:00-07:00,223.61880493164065,0,0
2022-05-18T09:15-07:00,202.2561187744141,0,0
2022-05-18T09:30-07:00,230.3951110839844,0,0
2022-05-18T09:45-07:00,219.58609008789065,0,0
2022-05-18T10:00-07:00,407.8050537109375,0,0
2022-05-18T10:15-07:00,253.5660552978516,0,0
2022-05-18T10:30-07:00,240.912841796875,0,0
2022-05-18T10:45-07:00,416.552001953125,0,0
2022-05-18T11:00-07:00,426.7632141113281,0,0
2022-05-18T11:15-07:00,305.1413269042969,0,0
2022-05-18T11:30-07:00,409.7984313964844,0,0
2022-05-18T11:45-07:00,283.5602111816406,0,0
2022-05-18T12:00-07:00,266.5777893066406,0,0
2022-05-18T12:15-07:00,401.9947814941406,0,0
2022-05-18T12:30-07:00,437.1912841796875,0,0
2022-05-18T12:45-07:00,305.2178955078125,0,0
2022-05-18T13:00-07:00,378.58245849609375,0,0
2022-05-18T13:15-07:00,285.3684997558594,0,0
2022-05-18T13:30-07:00,311.6431579589844,0,0
2022-05-18T13:45-07:00,370.7029418945313,0,0
2022-05-18T14:00-07:00,392.0471496582031,0,0
2022-05-18T14:15-07:00,294.5870056152344,0,0
2022-05-18T14:30-07:00,413.6602783203125,0,0
2022-05-18T14:45-07:00,290.45489501953125,0,0
2022-05-18T15:00-07:00,287.3216552734375,0,0
2022-05-18T15:15-07:00,348.7203063964844,0,0
2022-05-18T15:30-07:00,281.78192138671875,0,0
2022-05-18T15:45-07:00,253.31228637695312,0,0
2022-05-18T16:00-07:00,267.9794006347656,0,0
2022-05-18T16:15-07:00,338.2231750488281,0,0
2022-05-18T16:30-07:00,273.3025817871094,0,0
2022-05-18T16:45-07:00,263.948974609375,0,0
2022-05-18T17:00-07:00,242.9752349853516,0,0
2022-05-18T17:15-07:00,256.2315673828125,0,0
2022-05-18T17:30-07:00,290.1727905273437,0,0
2022-05-18T17:45-07:00,285.27001953125,0,0
2022-05-18T18:00-07:00,275.2769470214844,0,0
2022-05-18T18:15-07:00,382.1668395996094,0,0
2022-05-18T18:30-07:00,433.3044738769531,0,0
2022-05-18T18:45-07:00,405.1606140136719,0,0
2022-05-18T19:00-07:00,243.07745361328125,0,0
2022-05-18T19:15-07:00,246.2115631103516,0,0
2022-05-18T19:30-07:00,254.9794921875,0,0
2022-05-18T19:45-07:00,412.1668395996094,0,0
2022-05-18T20:00-07:00,247.91989135742188,0,0
2022-05-18T20:15-07:00,333.4261779785156,0,0
2022-05-18T20:30-07:00,335.00103759765625,0,0
2022-05-18T20:45-07:00,283.1067199707031,0,0
2022-05-18T21:00-07:00,234.7863311767578,0,0
2022-05-18T21:15-07:00,232.5850982666016,0,0
2022-05-18T21:30-07:00,231.0858459472656,0,0
2022-05-18T21:45-07:00,200.96224975585935,0,0
2022-05-18T22:00-07:00,213.7661895751953,0,0
2022-05-18T22:15-07:00,247.14308166503903,0,0
2022-05-18T22:30-07:00,194.83497619628903,0,0
2022-05-18T22:45-07:00,214.44305419921875,0,0
2022-05-18T23:00-07:00,191.2313690185547,0,0
2022-05-18T23:15-07:00,202.65072631835935,0,0
2022-05-18T23:30-07:00,199.47653198242188,0,0
2022-05-18T23:45-07:00,200.61764526367188,0,0
2022-05-19T00:00-07:00,198.8224639892578,0,0
2022-05-19T00:15-07:00,177.05259704589844,0,0
2022-05-19T00:30-07:00,188.8360290527344,0,0
2022-05-19T00:45-07:00,194.63345336914065,0,0
2022-05-19T01:00-07:00,188.04689025878903,0,0
2022-05-19T01:15-07:00,179.51828002929688,0,0
2022-05-19T01:30-07:00,193.38064575195312,0,0
2022-05-19T01:45-07:00,189.7445068359375,0,0
2022-05-19T02:00-07:00,205.90191650390625,0,0
2022-05-19T02:15-07:00,234.5420379638672,0,0
2022-05-19T02:30-07:00,164.8802032470703,0,0
2022-05-19T02:45-07:00,149.33709716796875,0,0
2022-05-19T03:00-07:00,171.48513793945312,0,0
2022-05-19T03:15-07:00,162.2784881591797,0,0
2022-05-19T03:30-07:00,161.40493774414062,0,0
2022-05-19T03:45-07:00,135.1339874267578,0,0
2022-05-19T04:00-07:00,158.28030395507812,0,0
2022-05-19T04:15-07:00,150.51283264160156,0,0
2022-05-19T04:30-07:00,181.5551300048828,0,0
2022-05-19T04:45-07:00,166.5019989013672,0,0
2022-05-19T05:00-07:00,181.00086975097656,0,0
2022-05-19T05:15-07:00,178.34176635742188,0,0
2022-05-19T05:30-07:00,190.05392456054688,0,0
2022-05-19T05:45-07:00,148.14280700683594,0,0
2022-05-19T06:00-07:00,269.04718017578125,0,0
2022-05-19T06:15-07:00,227.8876800537109,0,0
2022-05-19T06:30-07:00,221.9356689453125,0,0
2022-05-19T06:45-07:00,248.26126098632807,0,0
2022-05-19T07:00-07:00,296.9028015136719,0,0
2022-05-19T07:15-07:00,239.87249755859372,0,0
2022-05-19T07:30-07:00,261.6598815917969,0,0
2022-05-19T07:45-07:00,230.4677581787109,0,0
2022-05-19T08:00-07:00,251.9898681640625,0,0
2022-05-19T08:15-07:00,260.5690002441406,0,0
2022-05-19T08:30-07:00,251.28155517578125,0,0
2022-05-19T08:45-07:00,243.56466674804688,0,0
2022-05-19T09:00-07:00,392.700439453125,0,0
2022-05-19T09:15-07:00,261.9262084960937,0,0
2022-05-19T09:30-07:00,289.826416015625,0,0
2022-05-19T09:45-07:00,253.00408935546875,0,0
2022-05-19T10:00-07:00,281.2703857421875,0,0
2022-05-19T10:15-07:00,289.6241760253906,0,0
2022-05-19T10:30-07:00,357.0876770019531,0,0
2022-05-19T10:45-07:00,259.1310729980469,0,0
2022-05-19T11:00-07:00,312.53094482421875,0,0
2022-05-19T11:15-07:00,341.99664306640625,0,0
2022-05-19T11:30-07:00,328.8010559082031,0,0
2022-05-19T11:45-07:00,277.2213439941406,0,0
2022-05-19T12:00-07:00,268.1969299316406,0,0
2022-05-19T12:15-07:00,293.0646057128906,0,0
2022-05-19T12:30-07:00,291.0346374511719,0,0
2022-05-19T12:45-07:00,339.2431640625,0,0
2022-05-19T13:00-07:00,452.57861328125,0,0
2022-05-19T13:15-07:00,301.4660339355469,0,0
2022-05-19T13:30-07:00,280.6218566894531,0,0
2022-05-19T13:45-07:00,387.6109008789063,0,0
2022-05-19T14:00-07:00,435.537353515625,0,0
2022-05-19T14:15-07:00,358.23663330078125,0,0
2022-05-19T14:30-07:00,334.9206848144531,0,0
2022-05-19T14:45-07:00,261.6050109863281,0,0
2022-05-19T15:00-07:00,527.148681640625,0,0
2022-05-19T15:15-07:00,461.4952392578125,0,0
2022-05-19T15:30-07:00,411.3298034667969,0,0
2022-05-19T15:45-07:00,268.4474792480469,0,0
2022-05-19T16:00-07:00,267.1620483398437,0,0
2022-05-19T16:15-07:00,329.5367736816406,0,0
2022-05-19T16:30-07:00,290.83477783203125,0,0
2022-05-19T16:45-07:00,298.5736389160156,0,0
2022-05-19T17:00-07:00,338.312744140625,0,0
2022-05-19T17:15-07:00,271.9213256835937,0,0
2022-05-19T17:30-07:00,274.7037353515625,0,0
2022-05-19T17:45-07:00,276.91876220703125,0,0
2022-05-19T18:00-07:00,312.91668701171875,0,0
2022-05-19T18:15-07:00,353.3734436035156,0,0
2022-05-19T18:30-07:00,306.4769287109375,0,0
2022-05-19T18:45-07:00,301.3422546386719,0,0
2022-05-19T19:00-07:00,299.4231872558594,0,0
2022-05-19T19:15-07:00,283.6350402832031,0,0
2022-05-19T19:30-07:00,406.381103515625,0,0
2022-05-19T19:45-07:00,387.7301330566406,0,0
2022-05-19T20:00-07:00,322.8279724121094,0,0
2022-05-19T20:15-07:00,310.8927917480469,0,0
2022-05-19T20:30-07:00,262.08612060546875,0,0
2022-05-19T20:45-07:00,279.8463134765625,0,0
2022-05-19T21:00-07:00,276.1316223144531,0,0
2022-05-19T21:15-07:00,284.7153015136719,0,0
2022-05-19T21:30-07:00,282.27410888671875,0,0
2022-05-19T21:45-07:00,265.27178955078125,0,0
2022-05-19T22:00-07:00,239.06234741210935,0,0
2022-05-19T22:15-07:00,267.147216796875,0,0
2022-05-19T22:30-07:00,231.4620056152344,0,0
2022-05-19T22:45-07:00,205.71517944335935,0,0
2022-05-19T23:00-07:00,218.27024841308597,0,0
2022-05-19T23:15-07:00,216.1633453369141,0,0
2022-05-19T23:30-07:00,223.77442932128903,0,0
2022-05-19T23:45-07:00,201.3955078125,0,0
2022-05-20T00:00-07:00,228.1129608154297,0,0
2022-05-20T00:15-07:00,180.1539459228516,0,0
2022-05-20T00:30-07:00,214.8085479736328,0,0
2022-05-20T00:45-07:00,201.28240966796875,0,0
2022-05-20T01:00-07:00,204.0711669921875,0,0
2022-05-20T01:15-07:00,181.65298461914065,0,0
2022-05-20T01:30-07:00,217.3236389160156,0,0
2022-05-20T01:45-07:00,209.4473571777344,0,0
2022-05-20T02:00-07:00,207.8562469482422,0,0
2022-05-20T02:15-07:00,214.31988525390625,0,0
2022-05-20T02:30-07:00,245.07107543945312,0,0
2022-05-20T02:45-07:00,203.7523193359375,0,0
2022-05-20T03:00-07:00,215.12632751464844,0,0
2022-05-20T03:15-07:00,185.88316345214844,0,0
2022-05-20T03:30-07:00,160.37100219726562,0,0
2022-05-20T03:45-07:00,164.9556121826172,0,0
2022-05-20T04:00-07:00,191.5456085205078,0,0
2022-05-20T04:15-07:00,153.44769287109375,0,0
2022-05-20T04:30-07:00,172.96527099609375,0,0
2022-05-20T04:45-07:00,169.05572509765625,0,0
2022-05-20T05:00-07:00,181.0082244873047,0,0
2022-05-20T05:15-07:00,184.7082061767578,0,0
2022-05-20T05:30-07:00,169.0062713623047,0,0
2022-05-20T05:45-07:00,161.8228302001953,0,0
2022-05-20T06:00-07:00,218.46763610839844,0,0
2022-05-20T06:15-07:00,233.50755310058597,0,0
2022-05-20T06:30-07:00,220.07041931152344,0,0
2022-05-20T06:45-07:00,229.02737426757807,0,0
2022-05-20T07:00-07:00,236.1715087890625,0,0
2022-05-20T07:15-07:00,249.7291717529297,0,0
2022-05-20T07:30-07:00,273.52703857421875,0,0
2022-05-20T07:45-07:00,270.24395751953125,0,0
2022-05-20T08:00-07:00,254.060791015625,0,0
2022-05-20T08:15-07:00,358.5932922363281,0,0
2022-05-20T08:30-07:00,306.996826171875,0,0
2022-05-20T08:45-07:00,285.83819580078125,0,0
2022-05-20T09:00-07:00,285.3674621582031,0,0
2022-05-20T09:15-07:00,259.11529541015625,0,0
2022-05-20T09:30-07:00,257.2635803222656,0,0
2022-05-20T09:45-07:00,260.782470703125,0,0
2022-05-20T10:00-07:00,314.6732177734375,0,0
2022-05-20T10:15-07:00,283.4349975585937,0,0
2022-05-20T10:30-07:00,538.927978515625,0,0
2022-05-20T10:45-07:00,461.2787780761719,0,0
2022-05-20T11:00-07:00,407.39739990234375,0,0
2022-05-20T11:15-07:00,321.2016296386719,0,0
2022-05-20T11:30-07:00,411.6078186035156,0,0
2022-05-20T11:45-07:00,287.6875915527344,0,0
2022-05-20T12:00-07:00,293.78839111328125,0,0
2022-05-20T12:15-07:00,411.4259948730469,0,0
2022-05-20T12:30-07:00,426.0676879882813,0,0
2022-05-20T12:45-07:00,348.9797058105469,0,0
2022-05-20T13:00-07:00,438.6889953613281,0,0
2022-05-20T13:15-07:00,459.6369018554688,0,0
2022-05-20T13:30-07:00,333.9500732421875,0,0
2022-05-20T13:45-07:00,415.3866271972656,0,0
2022-05-20T14:00-07:00,517.6771240234375,0,0
2022-05-20T14:15-07:00,402.11334228515625,0,0
2022-05-20T14:30-07:00,304.2087097167969,0,0
2022-05-20T14:45-07:00,383.00921630859375,0,0
2022-05-20T15:00-07:00,274.52978515625,0,0
2022-05-20T15:15-07:00,347.50457763671875,0,0
2022-05-20T15:30-07:00,472.4576721191406,0,0
2022-05-20T15:45-07:00,240.6777801513672,0,0
2022-05-20T16:00-07:00,258.4621887207031,0,0
2022-05-20T16:15-07:00,285.79864501953125,0,0
2022-05-20T16:30-07:00,255.1044921875,0,0
2022-05-20T16:45-07:00,247.4700164794922,0,0
2022-05-20T17:00-07:00,251.8765869140625,0,0
2022-05-20T17:15-07:00,225.4272003173828,0,0
2022-05-20T17:30-07:00,240.82894897460935,0,0
2022-05-20T17:45-07:00,366.8009643554688,0,0
2022-05-20T18:00-07:00,264.62823486328125,0,0
2022-05-20T18:15-07:00,252.72923278808597,0,0
2022-05-20T18:30-07:00,317.670654296875,0,0
2022-05-20T18:45-07:00,261.1567077636719,0,0
2022-05-20T19:00-07:00,251.8074951171875,0,0
2022-05-20T19:15-07:00,239.18836975097656,0,0
2022-05-20T19:30-07:00,442.8878784179688,0,0
2022-05-20T19:45-07:00,399.7227478027344,0,0
2022-05-20T20:00-07:00,247.2259979248047,0,0
2022-05-20T20:15-07:00,269.656982421875,0,0
2022-05-20T20:30-07:00,228.47032165527344,0,0
2022-05-20T20:45-07:00,193.5299835205078,0,0
2022-05-20T21:00-07:00,364.6515808105469,0,0
2022-05-20T21:15-07:00,338.3991394042969,0,0
2022-05-20T21:30-07:00,250.4700927734375,0,0
2022-05-20T21:45-07:00,324.7958984375,0,0
2022-05-20T22:00-07:00,297.33026123046875,0,0
2022-05-20T22:15-07:00,383.4860229492188,0,0
2022-05-20T22:30-07:00,201.94322204589844,0,0
2022-05-20T22:45-07:00,174.80828857421875,0,0
2022-05-20T23:00-07:00,193.7513427734375,0,0
2022-05-20T23:15-07:00,180.2165069580078,0,0
2022-05-20T23:30-07:00,197.50515747070312,0,0
2022-05-20T23:45-07:00,166.15213012695312,0,0
2022-05-21T00:00-07:00,184.47015380859372,0,0
2022-05-21T00:15-07:00,172.85012817382812,0,0
2022-05-21T00:30-07:00,189.91860961914065,0,0
2022-05-21T00:45-07:00,161.2051239013672,0,0
2022-05-21T01:00-07:00,180.8824462890625,0,0
2022-05-21T01:15-07:00,188.47506713867188,0,0
2022-05-21T01:30-07:00,197.9266662597656,0,0
2022-05-21T01:45-07:00,172.01380920410156,0,0
2022-05-21T02:00-07:00,195.59979248046875,0,0
2022-05-21T02:15-07:00,188.0150451660156,0,0
2022-05-21T02:30-07:00,164.5146026611328,0,0
2022-05-21T02:45-07:00,166.29742431640625,0,0
2022-05-21T03:00-07:00,146.44830322265625,0,0
2022-05-21T03:15-07:00,139.93235778808594,0,0
2022-05-21T03:30-07:00,149.61557006835938,0,0
2022-05-21T03:45-07:00,142.1514892578125,0,0
2022-05-21T04:00-07:00,151.77932739257812,0,0
2022-05-21T04:15-07:00,155.44146728515625,0,0
2022-05-21T04:30-07:00,156.01333618164062,0,0
2022-05-21T04:45-07:00,137.48719787597656,0,0
2022-05-21T05:00-07:00,163.53822326660156,0,0
2022-05-21T05:15-07:00,141.85118103027344,0,0
2022-05-21T05:30-07:00,151.97503662109375,0,0
2022-05-21T05:45-07:00,140.88059997558594,0,0
2022-05-21T06:00-07:00,138.47708129882812,0,0
2022-05-21T06:15-07:00,145.64869689941406,0,0
2022-05-21T06:30-07:00,184.75526428222656,0,0
2022-05-21T06:45-07:00,153.85720825195312,0,0
2022-05-21T07:00-07:00,163.81468200683594,0,0
2022-05-21T07:15-07:00,141.88131713867188,0,0
2022-05-21T07:30-07:00,164.879150390625,0,0
2022-05-21T07:45-07:00,156.2870635986328,0,0
2022-05-21T08:00-07:00,144.8072967529297,0,0
2022-05-21T08:15-07:00,171.90219116210938,0,0
2022-05-21T08:30-07:00,136.72996520996094,0,0
2022-05-21T08:45-07:00,174.07688903808594,0,0
2022-05-21T09:00-07:00,245.8616943359375,0,0
2022-05-21T09:15-07:00,194.6347503662109,0,0
2022-05-21T09:30-07:00,216.57131958007807,0,0
2022-05-21T09:45-07:00,173.44012451171875,0,0
2022-05-21T10:00-07:00,202.6817169189453,0,0
2022-05-21T10:15-07:00,178.93643188476562,0,0
2022-05-21T10:30-07:00,198.9399871826172,0,0
2022-05-21T10:45-07:00,183.35052490234372,0,0
2022-05-21T11:00-07:00,185.81417846679688,0,0
2022-05-21T11:15-07:00,184.0052032470703,0,0
2022-05-21T11:30-07:00,210.50196838378903,0,0
2022-05-21T11:45-07:00,204.8747100830078,0,0
2022-05-21T12:00-07:00,206.56198120117188,0,0
2022-05-21T12:15-07:00,196.63455200195312,0,0
2022-05-21T12:30-07:00,207.705078125,0,0
2022-05-21T12:45-07:00,186.47108459472656,0,0
2022-05-21T13:00-07:00,195.46144104003903,0,0
2022-05-21T13:15-07:00,259.48419189453125,0,0
2022-05-21T13:30-07:00,277.434814453125,0,0
2022-05-21T13:45-07:00,218.8267364501953,0,0
2022-05-21T14:00-07:00,288.4257202148437,0,0
2022-05-21T14:15-07:00,229.91256713867188,0,0
2022-05-21T14:30-07:00,210.8622589111328,0,0
2022-05-21T14:45-07:00,257.2367553710937,0,0
2022-05-21T15:00-07:00,213.1396484375,0,0
2022-05-21T15:15-07:00,231.16763305664065,0,0
2022-05-21T15:30-07:00,195.7655487060547,0,0
2022-05-21T15:45-07:00,227.3004150390625,0,0
2022-05-21T16:00-07:00,245.57481384277344,0,0
2022-05-21T16:15-07:00,253.3184967041016,0,0
2022-05-21T16:30-07:00,334.2936706542969,0,0
2022-05-21T16:45-07:00,235.1776580810547,0,0
2022-05-21T17:00-07:00,241.0090484619141,0,0
2022-05-21T17:15-07:00,248.0733795166016,0,0
2022-05-21T17:30-07:00,216.6036834716797,0,0
2022-05-21T17:45-07:00,257.7731628417969,0,0
2022-05-21T18:00-07:00,226.2801055908203,0,0
2022-05-21T18:15-07:00,244.65493774414065,0,0
2022-05-21T18:30-07:00,260.363525390625,0,0
2022-05-21T18:45-07:00,275.9609375,0,0
2022-05-21T19:00-07:00,208.42633056640625,0,0
2022-05-21T19:15-07:00,284.9337463378906,0,0
2022-05-21T19:30-07:00,209.08578491210935,0,0
2022-05-21T19:45-07:00,208.21237182617188,0,0
2022-05-21T20:00-07:00,209.7538146972656,0,0
2022-05-21T20:15-07:00,192.8121490478516,0,0
2022-05-21T20:30-07:00,194.1324920654297,0,0
2022-05-21T20:45-07:00,155.94216918945312,0,0
2022-05-21T21:00-07:00,181.10032653808597,0,0
2022-05-21T21:15-07:00,189.87901306152344,0,0
2022-05-21T21:30-07:00,197.62603759765625,0,0
2022-05-21T21:45-07:00,172.0313262939453,0,0
2022-05-21T22:00-07:00,182.72915649414065,0,0
2022-05-21T22:15-07:00,158.52281188964844,0,0
2022-05-21T22:30-07:00,169.31607055664062,0,0
2022-05-21T22:45-07:00,169.1501922607422,0,0
2022-05-21T23:00-07:00,170.11241149902344,0,0
2022-05-21T23:15-07:00,142.91250610351562,0,0
2022-05-21T23:30-07:00,166.56809997558594,0,0
2022-05-21T23:45-07:00,175.4819793701172,0,0
2022-05-22T00:00-07:00,173.33599853515625,0,0
2022-05-22T00:15-07:00,140.21714782714844,0,0
2022-05-22T00:30-07:00,143.45140075683594,0,0
2022-05-22T00:45-07:00,160.03085327148438,0,0
2022-05-22T01:00-07:00,161.2051239013672,0,0
2022-05-22T01:15-07:00,156.83738708496094,0,0
2022-05-22T01:30-07:00,169.5015411376953,0,0
2022-05-22T01:45-07:00,163.5670623779297,0,0
2022-05-22T02:00-07:00,177.58119201660156,0,0
2022-05-22T02:15-07:00,164.23216247558594,0,0
2022-05-22T02:30-07:00,167.3805389404297,0,0
2022-05-22T02:45-07:00,170.2396240234375,0,0
2022-05-22T03:00-07:00,178.3064422607422,0,0
2022-05-22T03:15-07:00,146.82095336914062,0,0
2022-05-22T03:30-07:00,168.91653442382812,0,0
2022-05-22T03:45-07:00,157.76947021484375,0,0
2022-05-22T04:00-07:00,154.60757446289062,0,0
2022-05-22T04:15-07:00,139.31118774414062,0,0
2022-05-22T04:30-07:00,158.93252563476562,0,0
2022-05-22T04:45-07:00,150.73802185058594,0,0
2022-05-22T05:00-07:00,171.24549865722656,0,0
2022-05-22T05:15-07:00,146.85450744628906,0,0
2022-05-22T05:30-07:00,158.07693481445312,0,0
2022-05-22T05:45-07:00,143.6851806640625,0,0
2022-05-22T06:00-07:00,158.61351013183594,0,0
2022-05-22T06:15-07:00,144.7530975341797,0,0
2022-05-22T06:30-07:00,151.40008544921875,0,0
2022-05-22T06:45-07:00,179.10696411132812,0,0
2022-05-22T07:00-07:00,185.3265380859375,0,0
2022-05-22T07:15-07:00,147.6590576171875,0,0
2022-05-22T07:30-07:00,153.99607849121094,0,0
2022-05-22T07:45-07:00,153.28768920898438,0,0
2022-05-22T08:00-07:00,139.19017028808594,0,0
2022-05-22T08:15-07:00,146.38026428222656,0,0
2022-05-22T08:30-07:00,140.30224609375,0,0
2022-05-22T08:45-07:00,179.26454162597656,0,0
2022-05-22T09:00-07:00,207.29014587402344,0,0
2022-05-22T09:15-07:00,201.82373046875,0,0
2022-05-22T09:30-07:00,207.8542938232422,0,0
2022-05-22T09:45-07:00,206.16378784179688,0,0
2022-05-22T10:00-07:00,209.2026214599609,0,0
2022-05-22T10:15-07:00,181.5272216796875,0,0
2022-05-22T10:30-07:00,192.33773803710935,0,0
2022-05-22T10:45-07:00,172.96328735351562,0,0
2022-05-22T11:00-07:00,203.2232666015625,0,0
2022-05-22T11:15-07:00,194.77365112304688,0,0
2022-05-22T11:30-07:00,198.3622589111328,0,0
2022-05-22T11:45-07:00,195.58090209960935,0,0
2022-05-22T12:00-07:00,220.53543090820312,0,0
2022-05-22T12:15-07:00,191.93035888671875,0,0
2022-05-22T12:30-07:00,188.43487548828125,0,0
2022-05-22T12:45-07:00,205.1568756103516,0,0
2022-05-22T13:00-07:00,194.92593383789065,0,0
2022-05-22T13:15-07:00,196.49749755859372,0,0
2022-05-22T13:30-07:00,197.22479248046875,0,0
2022-05-22T13:45-07:00,198.8802795410156,0,0
2022-05-22T14:00-07:00,215.03369140625,0,0
2022-05-22T14:15-07:00,191.8092803955078,0,0
2022-05-22T14:30-07:00,187.9517517089844,0,0
2022-05-22T14:45-07:00,188.2960205078125,0,0
2022-05-22T15:00-07:00,204.2460784912109,0,0
2022-05-22T15:15-07:00,183.5904235839844,0,0
2022-05-22T15:30-07:00,196.5877685546875,0,0
2022-05-22T15:45-07:00,184.2066192626953,0,0
2022-05-22T16:00-07:00,184.07516479492188,0,0
2022-05-22T16:15-07:00,174.32110595703125,0,0
2022-05-22T16:30-07:00,200.6197052001953,0,0
2022-05-22T16:45-07:00,191.51437377929688,0,0
2022-05-22T17:00-07:00,193.50387573242188,0,0
2022-05-22T17:15-07:00,181.34544372558597,0,0
2022-05-22T17:30-07:00,176.9136199951172,0,0
2022-05-22T17:45-07:00,209.148681640625,0,0
2022-05-22T18:00-07:00,193.24354553222656,0,0
2022-05-22T18:15-07:00,190.4594573974609,0,0
2022-05-22T18:30-07:00,193.6443328857422,0,0
2022-05-22T18:45-07:00,205.6925506591797,0,0
2022-05-22T19:00-07:00,206.5459899902344,0,0
2022-05-22T19:15-07:00,201.343994140625,0,0
2022-05-22T19:30-07:00,186.9602508544922,0,0
2022-05-22T19:45-07:00,202.46075439453125,0,0
2022-05-22T20:00-07:00,178.8285675048828,0,0
2022-05-22T20:15-07:00,187.4300537109375,0,0
2022-05-22T20:30-07:00,173.08135986328125,0,0
2022-05-22T20:45-07:00,149.163818359375,0,0
2022-05-22T21:00-07:00,171.32305908203125,0,0
2022-05-22T21:15-07:00,170.28343200683594,0,0
2022-05-22T21:30-07:00,160.73123168945312,0,0
2022-05-22T21:45-07:00,152.49935913085938,0,0
2022-05-22T22:00-07:00,179.07713317871094,0,0
2022-05-22T22:15-07:00,143.74664306640625,0,0
2022-05-22T22:30-07:00,140.9828338623047,0,0
2022-05-22T22:45-07:00,152.73236083984375,0,0
2022-05-22T23:00-07:00,160.85076904296875,0,0
2022-05-22T23:15-07:00,146.7650146484375,0,0
2022-05-22T23:30-07:00,140.2578582763672,0,0
2022-05-22T23:45-07:00,175.94625854492188,0,0
2022-05-23T00:00-07:00,173.903076171875,0,0
2022-05-23T00:15-07:00,134.807861328125,0,0
2022-05-23T00:30-07:00,157.51455688476562,0,0
2022-05-23T00:45-07:00,162.75021362304688,0,0
2022-05-23T01:00-07:00,141.15782165527344,0,0
2022-05-23T01:15-07:00,142.9856414794922,0,0
2022-05-23T01:30-07:00,164.34359741210938,0,0
2022-05-23T01:45-07:00,165.01025390625,0,0
2022-05-23T02:00-07:00,157.02886962890625,0,0
2022-05-23T02:15-07:00,153.81605529785156,0,0
2022-05-23T02:30-07:00,158.25448608398438,0,0
2022-05-23T02:45-07:00,144.7457733154297,0,0
2022-05-23T03:00-07:00,183.62083435058597,0,0
2022-05-23T03:15-07:00,167.10572814941406,0,0
2022-05-23T03:30-07:00,168.45510864257812,0,0
2022-05-23T03:45-07:00,141.41690063476562,0,0
2022-05-23T04:00-07:00,152.28155517578125,0,0
2022-05-23T04:15-07:00,150.37893676757812,0,0
2022-05-23T04:30-07:00,153.29551696777344,0,0
2022-05-23T04:45-07:00,147.0590362548828,0,0
2022-05-23T05:00-07:00,152.93695068359375,0,0
2022-05-23T05:15-07:00,144.63018798828125,0,0
2022-05-23T05:30-07:00,158.88331604003906,0,0
2022-05-23T05:45-07:00,149.5663604736328,0,0
2022-05-23T06:00-07:00,207.7367248535156,0,0
2022-05-23T06:15-07:00,183.126220703125,0,0
2022-05-23T06:30-07:00,191.4777984619141,0,0
2022-05-23T06:45-07:00,203.62213134765625,0,0
2022-05-23T07:00-07:00,231.02337646484372,0,0
2022-05-23T07:15-07:00,204.0486297607422,0,0
2022-05-23T07:30-07:00,209.84934997558597,0,0
2022-05-23T07:45-07:00,203.56040954589844,0,0
2022-05-23T08:00-07:00,198.3603973388672,0,0
2022-05-23T08:15-07:00,204.1237030029297,0,0
2022-05-23T08:30-07:00,210.42172241210935,0,0
2022-05-23T08:45-07:00,199.7830352783203,0,0
2022-05-23T09:00-07:00,219.14990234375,0,0
2022-05-23T09:15-07:00,313.1131286621094,0,0
2022-05-23T09:30-07:00,367.7054138183594,0,0
2022-05-23T09:45-07:00,271.3947448730469,0,0
2022-05-23T10:00-07:00,234.0604705810547,0,0
2022-05-23T10:15-07:00,232.1507568359375,0,0
2022-05-23T10:30-07:00,307.94561767578125,0,0
2022-05-23T10:45-07:00,268.2049865722656,0,0
2022-05-23T11:00-07:00,405.8746643066406,0,0
2022-05-23T11:15-07:00,360.1322937011719,0,0
2022-05-23T11:30-07:00,331.580078125,0,0
2022-05-23T11:45-07:00,292.2976379394531,0,0
2022-05-23T12:00-07:00,329.1416320800781,0,0
2022-05-23T12:15-07:00,341.15289306640625,0,0
2022-05-23T12:30-07:00,304.4991455078125,0,0
2022-05-23T12:45-07:00,251.635986328125,0,0
2022-05-23T13:00-07:00,366.4668273925781,0,0
2022-05-23T13:15-07:00,411.4438781738281,0,0
2022-05-23T13:30-07:00,341.8309936523437,0,0
2022-05-23T13:45-07:00,272.5863952636719,0,0
2022-05-23T14:00-07:00,387.219970703125,0,0
2022-05-23T14:15-07:00,265.90594482421875,0,0
2022-05-23T14:30-07:00,306.3720397949219,0,0
2022-05-23T14:45-07:00,396.1351623535156,0,0
2022-05-23T15:00-07:00,238.1009826660156,0,0
2022-05-23T15:15-07:00,290.3301086425781,0,0
2022-05-23T15:30-07:00,241.35589599609372,0,0
2022-05-23T15:45-07:00,208.81553649902344,0,0
2022-05-23T16:00-07:00,238.3899688720703,0,0
2022-05-23T16:15-07:00,214.5480499267578,0,0
2022-05-23T16:30-07:00,229.8345642089844,0,0
2022-05-23T16:45-07:00,233.1737823486328,0,0
2022-05-23T17:00-07:00,229.4346618652344,0,0
2022-05-23T17:15-07:00,235.7545318603516,0,0
2022-05-23T17:30-07:00,259.3524475097656,0,0
2022-05-23T17:45-07:00,231.0891265869141,0,0
2022-05-23T18:00-07:00,232.1953887939453,0,0
2022-05-23T18:15-07:00,252.7040557861328,0,0
2022-05-23T18:30-07:00,231.71359252929688,0,0
2022-05-23T18:45-07:00,267.0490417480469,0,0
2022-05-23T19:00-07:00,236.3828582763672,0,0
2022-05-23T19:15-07:00,261.8204650878906,0,0
2022-05-23T19:30-07:00,226.8539123535156,0,0
2022-05-23T19:45-07:00,185.78375244140625,0,0
2022-05-23T20:00-07:00,351.37286376953125,0,0
2022-05-23T20:15-07:00,215.3651885986328,0,0
2022-05-23T20:30-07:00,211.03900146484372,0,0
2022-05-23T20:45-07:00,188.3638610839844,0,0
2022-05-23T21:00-07:00,196.3344573974609,0,0
2022-05-23T21:15-07:00,164.89108276367188,0,0
2022-05-23T21:30-07:00,170.66029357910156,0,0
2022-05-23T21:45-07:00,167.9914093017578,0,0
2022-05-23T22:00-07:00,148.21849060058594,0,0
2022-05-23T22:15-07:00,147.3433074951172,0,0
2022-05-23T22:30-07:00,150.58132934570312,0,0
2022-05-23T22:45-07:00,130.04457092285156,0,0
2022-05-23T23:00-07:00,144.54029846191406,0,0
2022-05-23T23:15-07:00,127.65925598144533,0,0
2022-05-23T23:30-07:00,134.6732635498047,0,0
2022-05-23T23:45-07:00,151.5697784423828,0,0
2022-05-24T00:00-07:00,158.20416259765625,0,0
2022-05-24T00:15-07:00,127.71493530273438,0,0
2022-05-24T00:30-07:00,133.17739868164062,0,0
2022-05-24T00:45-07:00,145.4248809814453,0,0
2022-05-24T01:00-07:00,142.8647003173828,0,0
2022-05-24T01:15-07:00,131.69296264648438,0,0
2022-05-24T01:30-07:00,128.93377685546875,0,0
2022-05-24T01:45-07:00,130.42910766601562,0,0
2022-05-24T02:00-07:00,155.21868896484375,0,0
2022-05-24T02:15-07:00,138.3308563232422,0,0
2022-05-24T02:30-07:00,127.24543762207033,0,0
2022-05-24T02:45-07:00,133.18228149414062,0,0
2022-05-24T03:00-07:00,149.32135009765625,0,0
2022-05-24T03:15-07:00,140.00094604492188,0,0
2022-05-24T03:30-07:00,143.92654418945312,0,0
2022-05-24T03:45-07:00,137.4340362548828,0,0
2022-05-24T04:00-07:00,135.0479736328125,0,0
2022-05-24T04:15-07:00,121.23246002197266,0,0
2022-05-24T04:30-07:00,132.51971435546875,0,0
2022-05-24T04:45-07:00,125.98717498779295,0,0
2022-05-24T05:00-07:00,134.36862182617188,0,0
2022-05-24T05:15-07:00,137.302001953125,0,0
2022-05-24T05:30-07:00,148.7720184326172,0,0
2022-05-24T05:45-07:00,124.74579620361328,0,0
2022-05-24T06:00-07:00,173.57797241210938,0,0
2022-05-24T06:15-07:00,168.69078063964844,0,0
2022-05-24T06:30-07:00,169.92225646972656,0,0
2022-05-24T06:45-07:00,199.81686401367188,0,0
2022-05-24T07:00-07:00,187.65737915039065,0,0
2022-05-24T07:15-07:00,211.0653381347656,0,0
2022-05-24T07:30-07:00,222.52606201171875,0,0
2022-05-24T07:45-07:00,183.3265380859375,0,0
2022-05-24T08:00-07:00,287.43023681640625,0,0
2022-05-24T08:15-07:00,216.815673828125,0,0
2022-05-24T08:30-07:00,245.8953399658203,0,0
2022-05-24T08:45-07:00,299.8925170898437,0,0
2022-05-24T09:00-07:00,275.25030517578125,0,0
2022-05-24T09:15-07:00,300.1106872558594,0,0
2022-05-24T09:30-07:00,242.56979370117188,0,0
2022-05-24T09:45-07:00,270.0556335449219,0,0
2022-05-24T10:00-07:00,235.4366912841797,0,0
2022-05-24T10:15-07:00,339.9831848144531,0,0
2022-05-24T10:30-07:00,273.8913879394531,0,0
2022-05-24T10:45-07:00,389.3489685058594,0,0
2022-05-24T11:00-07:00,318.0741577148437,0,0
2022-05-24T11:15-07:00,254.5483856201172,0,0
2022-05-24T11:30-07:00,281.6106872558594,0,0
2022-05-24T11:45-07:00,346.8791198730469,0,0
2022-05-24T12:00-07:00,296.8251953125,0,0
2022-05-24T12:15-07:00,311.634765625,0,0
2022-05-24T12:30-07:00,280.6405944824219,0,0
2022-05-24T12:45-07:00,306.2487487792969,0,0
2022-05-24T13:00-07:00,342.4783020019531,0,0
2022-05-24T13:15-07:00,376.690673828125,0,0
2022-05-24T13:30-07:00,306.9535522460937,0,0
2022-05-24T13:45-07:00,281.1879272460937,0,0
2022-05-24T14:00-07:00,282.0736999511719,0,0
2022-05-24T14:15-07:00,510.9541015625,0,0
2022-05-24T14:30-07:00,363.5947570800781,0,0
2022-05-24T14:45-07:00,384.4490661621094,0,0
2022-05-24T15:00-07:00,266.1723327636719,0,0
2022-05-24T15:15-07:00,362.5309448242188,0,0
2022-05-24T15:30-07:00,350.4309997558594,0,0
2022-05-24T15:45-07:00,253.7545928955078,0,0
2022-05-24T16:00-07:00,330.2994079589844,0,0
2022-05-24T16:15-07:00,263.8938903808594,0,0
2022-05-24T16:30-07:00,363.2177429199219,0,0
2022-05-24T16:45-07:00,251.35597229003903,0,0
2022-05-24T17:00-07:00,282.165283203125,0,0
2022-05-24T17:15-07:00,262.6556091308594,0,0
2022-05-24T17:30-07:00,249.38429260253903,0,0
2022-05-24T17:45-07:00,284.1969909667969,0,0
2022-05-24T18:00-07:00,328.4078674316406,0,0
2022-05-24T18:15-07:00,255.9701690673828,0,0
2022-05-24T18:30-07:00,243.14260864257807,0,0
2022-05-24T18:45-07:00,258.8554992675781,0,0
2022-05-24T19:00-07:00,320.9600830078125,0,0
2022-05-24T19:15-07:00,301.2858581542969,0,0
2022-05-24T19:30-07:00,299.77215576171875,0,0
2022-05-24T19:45-07:00,327.833984375,0,0
2022-05-24T20:00-07:00,316.93902587890625,0,0
2022-05-24T20:15-07:00,280.4466857910156,0,0
2022-05-24T20:30-07:00,237.119140625,0,0
2022-05-24T20:45-07:00,220.42431640625,0,0
2022-05-24T21:00-07:00,247.8665771484375,0,0
2022-05-24T21:15-07:00,214.24530029296875,0,0
2022-05-24T21:30-07:00,165.0528106689453,0,0
2022-05-24T21:45-07:00,172.04908752441406,0,0
2022-05-24T22:00-07:00,164.71554565429688,0,0
2022-05-24T22:15-07:00,173.91159057617188,0,0
2022-05-24T22:30-07:00,162.07501220703125,0,0
2022-05-24T22:45-07:00,157.4186248779297,0,0
2022-05-24T23:00-07:00,153.16636657714844,0,0
2022-05-24T23:15-07:00,147.64881896972656,0,0
2022-05-24T23:30-07:00,159.2966766357422,0,0
2022-05-24T23:45-07:00,156.32444763183594,0,0
2022-05-25T00:00-07:00,128.759765625,0,0
2022-05-25T00:15-07:00,213.3516845703125,0,0
2022-05-25T00:30-07:00,165.8116455078125,0,0
2022-05-25T00:45-07:00,169.8277130126953,0,0
2022-05-25T01:00-07:00,135.70980834960938,0,0
2022-05-25T01:15-07:00,142.1217803955078,0,0
2022-05-25T01:30-07:00,163.8158416748047,0,0
2022-05-25T01:45-07:00,149.11309814453125,0,0
2022-05-25T02:00-07:00,128.67849731445312,0,0
2022-05-25T02:15-07:00,139.29458618164062,0,0
2022-05-25T02:30-07:00,150.82810974121094,0,0
2022-05-25T02:45-07:00,136.4749755859375,0,0
2022-05-25T03:00-07:00,152.38702392578125,0,0
2022-05-25T03:15-07:00,145.61395263671875,0,0
2022-05-25T03:30-07:00,160.74057006835938,0,0
2022-05-25T03:45-07:00,149.74130249023438,0,0
2022-05-25T04:00-07:00,145.59268188476562,0,0
2022-05-25T04:15-07:00,141.6842803955078,0,0
2022-05-25T04:30-07:00,148.74066162109375,0,0
2022-05-25T04:45-07:00,131.14862060546875,0,0
2022-05-25T05:00-07:00,130.88150024414062,0,0
2022-05-25T05:15-07:00,141.62351989746094,0,0
2022-05-25T05:30-07:00,145.35214233398438,0,0
2022-05-25T05:45-07:00,155.61407470703125,0,0
2022-05-25T06:00-07:00,171.1135711669922,0,0
2022-05-25T06:15-07:00,188.70372009277344,0,0
2022-05-25T06:30-07:00,191.84849548339844,0,0
2022-05-25T06:45-07:00,211.6691131591797,0,0
2022-05-25T07:00-07:00,207.8129119873047,0,0
2022-05-25T07:15-07:00,189.64183044433597,0,0
2022-05-25T07:30-07:00,216.67642211914065,0,0
2022-05-25T07:45-07:00,227.0835723876953,0,0
2022-05-25T08:00-07:00,239.4521484375,0,0
2022-05-25T08:15-07:00,307.79412841796875,0,0
2022-05-25T08:30-07:00,376.36712646484375,0,0
2022-05-25T08:45-07:00,250.8689727783203,0,0
2022-05-25T09:00-07:00,286.5952453613281,0,0
2022-05-25T09:15-07:00,218.39208984375,0,0
2022-05-25T09:30-07:00,234.4052581787109,0,0
2022-05-25T09:45-07:00,235.2476959228516,0,0
2022-05-25T10:00-07:00,263.28350830078125,0,0
2022-05-25T10:15-07:00,236.4220733642578,0,0
2022-05-25T10:30-07:00,422.44732666015625,0,0
2022-05-25T10:45-07:00,251.53211975097656,0,0
2022-05-25T11:00-07:00,271.6043395996094,0,0
2022-05-25T11:15-07:00,381.9234313964844,0,0
2022-05-25T11:30-07:00,268.539794921875,0,0
2022-05-25T11:45-07:00,267.6112670898437,0,0
2022-05-25T12:00-07:00,265.299072265625,0,0
2022-05-25T12:15-07:00,289.5919189453125,0,0
2022-05-25T12:30-07:00,261.54718017578125,0,0
2022-05-25T12:45-07:00,286.6031799316406,0,0
2022-05-25T13:00-07:00,274.0491638183594,0,0
2022-05-25T13:15-07:00,437.04888916015625,0,0
2022-05-25T13:30-07:00,370.9968872070313,0,0
2022-05-25T13:45-07:00,282.8461303710937,0,0
2022-05-25T14:00-07:00,276.21392822265625,0,0
2022-05-25T14:15-07:00,428.9229736328125,0,0
2022-05-25T14:30-07:00,262.7085876464844,0,0
2022-05-25T14:45-07:00,298.8188781738281,0,0
2022-05-25T15:00-07:00,284.7421264648437,0,0
2022-05-25T15:15-07:00,294.8787841796875,0,0
2022-05-25T15:30-07:00,270.8109130859375,0,0
2022-05-25T15:45-07:00,246.0460205078125,0,0
2022-05-25T16:00-07:00,267.4637145996094,0,0
2022-05-25T16:15-07:00,325.16534423828125,0,0
2022-05-25T16:30-07:00,262.59454345703125,0,0
2022-05-25T16:45-07:00,252.12939453125,0,0
2022-05-25T17:00-07:00,291.2919311523437,0,0
2022-05-25T17:15-07:00,267.2929077148437,0,0
2022-05-25T17:30-07:00,264.95770263671875,0,0
2022-05-25T17:45-07:00,292.3337097167969,0,0
2022-05-25T18:00-07:00,297.98834228515625,0,0
2022-05-25T18:15-07:00,286.6703186035156,0,0
2022-05-25T18:30-07:00,291.6944580078125,0,0
2022-05-25T18:45-07:00,251.55470275878903,0,0
2022-05-25T19:00-07:00,283.3053283691406,0,0
2022-05-25T19:15-07:00,391.5301818847656,0,0
2022-05-25T19:30-07:00,307.727294921875,0,0
2022-05-25T19:45-07:00,318.7194519042969,0,0
2022-05-25T20:00-07:00,252.0670166015625,0,0
2022-05-25T20:15-07:00,296.5980529785156,0,0
2022-05-25T20:30-07:00,279.2176513671875,0,0
2022-05-25T20:45-07:00,189.7527618408203,0,0
2022-05-25T21:00-07:00,227.51556396484372,0,0
2022-05-25T21:15-07:00,354.7676696777344,0,0
2022-05-25T21:30-07:00,272.6368713378906,0,0
2022-05-25T21:45-07:00,258.6756896972656,0,0
2022-05-25T22:00-07:00,204.1658935546875,0,0
2022-05-25T22:15-07:00,188.75949096679688,0,0
2022-05-25T22:30-07:00,188.6537322998047,0,0
2022-05-25T22:45-07:00,191.85299682617188,0,0
2022-05-25T23:00-07:00,199.8303680419922,0,0
2022-05-25T23:15-07:00,213.70957946777344,0,0
2022-05-25T23:30-07:00,190.81141662597656,0,0
2022-05-25T23:45-07:00,202.44322204589844,0,0
2022-05-26T00:00-07:00,200.44601440429688,0,0
2022-05-26T00:15-07:00,211.4015655517578,0,0
2022-05-26T00:30-07:00,173.89976501464844,0,0
2022-05-26T00:45-07:00,202.2297821044922,0,0
2022-05-26T01:00-07:00,173.959228515625,0,0
2022-05-26T01:15-07:00,176.57789611816406,0,0
2022-05-26T01:30-07:00,216.48602294921875,0,0
2022-05-26T01:45-07:00,186.4112243652344,0,0
2022-05-26T02:00-07:00,205.56253051757807,0,0
2022-05-26T02:15-07:00,212.50558471679688,0,0
2022-05-26T02:30-07:00,193.2367706298828,0,0
2022-05-26T02:45-07:00,183.34695434570312,0,0
2022-05-26T03:00-07:00,168.27337646484375,0,0
2022-05-26T03:15-07:00,173.12466430664062,0,0
2022-05-26T03:30-07:00,184.89389038085935,0,0
2022-05-26T03:45-07:00,155.55508422851562,0,0
2022-05-26T04:00-07:00,152.14700317382812,0,0
2022-05-26T04:15-07:00,168.64849853515625,0,0
2022-05-26T04:30-07:00,176.4629669189453,0,0
2022-05-26T04:45-07:00,187.37095642089844,0,0
2022-05-26T05:00-07:00,171.77639770507812,0,0
2022-05-26T05:15-07:00,150.92591857910156,0,0
2022-05-26T05:30-07:00,171.76881408691406,0,0
2022-05-26T05:45-07:00,167.59107971191406,0,0
2022-05-26T06:00-07:00,178.81463623046875,0,0
2022-05-26T06:15-07:00,230.10438537597656,0,0
2022-05-26T06:30-07:00,211.695556640625,0,0
2022-05-26T06:45-07:00,239.72093200683597,0,0
2022-05-26T07:00-07:00,257.40185546875,0,0
2022-05-26T07:15-07:00,260.024658203125,0,0
2022-05-26T07:30-07:00,238.22071838378903,0,0
2022-05-26T07:45-07:00,244.78466796875,0,0
2022-05-26T08:00-07:00,264.3822631835937,0,0
2022-05-26T08:15-07:00,236.5112762451172,0,0
2022-05-26T08:30-07:00,254.2553558349609,0,0
2022-05-26T08:45-07:00,244.77996826171875,0,0
2022-05-26T09:00-07:00,321.9908447265625,0,0
2022-05-26T09:15-07:00,246.59689331054688,0,0
2022-05-26T09:30-07:00,294.33319091796875,0,0
2022-05-26T09:45-07:00,392.00531005859375,0,0
2022-05-26T10:00-07:00,280.5383605957031,0,0
2022-05-26T10:15-07:00,255.8707275390625,0,0
2022-05-26T10:30-07:00,260.5038146972656,0,0
2022-05-26T10:45-07:00,274.02178955078125,0,0
2022-05-26T11:00-07:00,292.2591857910156,0,0
2022-05-26T11:15-07:00,291.82110595703125,0,0
2022-05-26T11:30-07:00,300.95513916015625,0,0
2022-05-26T11:45-07:00,258.763671875,0,0
2022-05-26T12:00-07:00,274.3260803222656,0,0
2022-05-26T12:15-07:00,347.1065979003906,0,0
2022-05-26T12:30-07:00,282.6639709472656,0,0
2022-05-26T12:45-07:00,405.0390625,0,0
2022-05-26T13:00-07:00,286.06378173828125,0,0
2022-05-26T13:15-07:00,301.1741638183594,0,0
2022-05-26T13:30-07:00,410.7816467285156,0,0
2022-05-26T13:45-07:00,322.2213439941406,0,0
2022-05-26T14:00-07:00,381.81292724609375,0,0
2022-05-26T14:15-07:00,395.9237976074219,0,0
2022-05-26T14:30-07:00,384.68994140625,0,0
2022-05-26T14:45-07:00,259.4361267089844,0,0
2022-05-26T15:00-07:00,280.6986083984375,0,0
2022-05-26T15:15-07:00,286.748046875,0,0
2022-05-26T15:30-07:00,228.80758666992188,0,0
2022-05-26T15:45-07:00,246.83087158203125,0,0
2022-05-26T16:00-07:00,244.2411193847656,0,0
2022-05-26T16:15-07:00,250.51345825195312,0,0
2022-05-26T16:30-07:00,254.8919677734375,0,0
2022-05-26T16:45-07:00,254.21951293945312,0,0
2022-05-26T17:00-07:00,276.71417236328125,0,0
2022-05-26T17:15-07:00,268.336181640625,0,0
2022-05-26T17:30-07:00,279.1413879394531,0,0
2022-05-26T17:45-07:00,268.132568359375,0,0
2022-05-26T18:00-07:00,268.3966369628906,0,0
2022-05-26T18:15-07:00,236.6764678955078,0,0
2022-05-26T18:30-07:00,286.9306640625,0,0
2022-05-26T18:45-07:00,234.07485961914065,0,0
2022-05-26T19:00-07:00,270.1911315917969,0,0
2022-05-26T19:15-07:00,233.18475341796875,0,0
2022-05-26T19:30-07:00,370.8753051757813,0,0
2022-05-26T19:45-07:00,279.8627624511719,0,0
2022-05-26T20:00-07:00,214.10275268554688,0,0
2022-05-26T20:15-07:00,198.06460571289065,0,0
2022-05-26T20:30-07:00,335.4730834960937,0,0
2022-05-26T20:45-07:00,339.77069091796875,0,0
2022-05-26T21:00-07:00,335.3804016113281,0,0
2022-05-26T21:15-07:00,197.3206024169922,0,0
2022-05-26T21:30-07:00,203.6428985595703,0,0
2022-05-26T21:45-07:00,190.217041015625,0,0
2022-05-26T22:00-07:00,201.01841735839844,0,0
2022-05-26T22:15-07:00,195.4543609619141,0,0
2022-05-26T22:30-07:00,199.39080810546875,0,0
2022-05-26T22:45-07:00,199.80392456054688,0,0
2022-05-26T23:00-07:00,206.9146270751953,0,0
2022-05-26T23:15-07:00,210.4278106689453,0,0
2022-05-26T23:30-07:00,172.40878295898438,0,0
2022-05-26T23:45-07:00,192.61036682128903,0,0
2022-05-27T00:00-07:00,177.3253631591797,0,0
2022-05-27T00:15-07:00,202.43341064453125,0,0
2022-05-27T00:30-07:00,185.05841064453125,0,0
2022-05-27T00:45-07:00,174.99745178222656,0,0
2022-05-27T01:00-07:00,201.0870819091797,0,0
2022-05-27T01:15-07:00,188.0792388916016,0,0
2022-05-27T01:30-07:00,201.8282470703125,0,0
2022-05-27T01:45-07:00,202.1547698974609,0,0
2022-05-27T02:00-07:00,185.0894012451172,0,0
2022-05-27T02:15-07:00,168.4223175048828,0,0
2022-05-27T02:30-07:00,148.18484497070312,0,0
2022-05-27T02:45-07:00,153.63848876953125,0,0
2022-05-27T03:00-07:00,165.48377990722656,0,0
2022-05-27T03:15-07:00,149.7738800048828,0,0
2022-05-27T03:30-07:00,156.03549194335938,0,0
2022-05-27T03:45-07:00,150.54286193847656,0,0
2022-05-27T04:00-07:00,163.3450164794922,0,0
2022-05-27T04:15-07:00,159.43533325195312,0,0
2022-05-27T04:30-07:00,173.59201049804688,0,0
2022-05-27T04:45-07:00,179.32200622558594,0,0
2022-05-27T05:00-07:00,157.70907592773438,0,0
2022-05-27T05:15-07:00,141.80929565429688,0,0
2022-05-27T05:30-07:00,156.1591339111328,0,0
2022-05-27T05:45-07:00,216.04052734375,0,0
2022-05-27T06:00-07:00,197.6506805419922,0,0
2022-05-27T06:15-07:00,223.3898468017578,0,0
2022-05-27T06:30-07:00,212.811767578125,0,0
2022-05-27T06:45-07:00,236.66323852539065,0,0
2022-05-27T07:00-07:00,229.4817657470703,0,0
2022-05-27T07:15-07:00,306.47296142578125,0,0
2022-05-27T07:30-07:00,239.49627685546875,0,0
2022-05-27T07:45-07:00,249.31761169433597,0,0
2022-05-27T08:00-07:00,248.86691284179688,0,0
2022-05-27T08:15-07:00,305.8262634277344,0,0
2022-05-27T08:30-07:00,253.1628570556641,0,0
2022-05-27T08:45-07:00,226.96192932128903,0,0
2022-05-27T09:00-07:00,230.88331604003903,0,0
2022-05-27T09:15-07:00,294.04473876953125,0,0
2022-05-27T09:30-07:00,264.82525634765625,0,0
2022-05-27T09:45-07:00,307.0028381347656,0,0
2022-05-27T10:00-07:00,259.8148498535156,0,0
2022-05-27T10:15-07:00,306.70849609375,0,0
2022-05-27T10:30-07:00,274.43182373046875,0,0
2022-05-27T10:45-07:00,301.9103088378906,0,0
2022-05-27T11:00-07:00,271.0084228515625,0,0
2022-05-27T11:15-07:00,384.6109313964844,0,0
2022-05-27T11:30-07:00,277.3189697265625,0,0
2022-05-27T11:45-07:00,329.0636291503906,0,0
2022-05-27T12:00-07:00,335.5306396484375,0,0
2022-05-27T12:15-07:00,430.7296752929688,0,0
2022-05-27T12:30-07:00,329.9823303222656,0,0
2022-05-27T12:45-07:00,436.9108276367188,0,0
2022-05-27T13:00-07:00,335.1249084472656,0,0
2022-05-27T13:15-07:00,427.5119018554688,0,0
2022-05-27T13:30-07:00,291.232421875,0,0
2022-05-27T13:45-07:00,459.3677673339844,0,0
2022-05-27T14:00-07:00,457.5587463378906,0,0
2022-05-27T14:15-07:00,427.0750427246094,0,0
2022-05-27T14:30-07:00,351.084228515625,0,0
2022-05-27T14:45-07:00,414.5171508789063,0,0
2022-05-27T15:00-07:00,315.034912109375,0,0
2022-05-27T15:15-07:00,407.2958984375,0,0
2022-05-27T15:30-07:00,296.7969055175781,0,0
2022-05-27T15:45-07:00,250.25799560546875,0,0
2022-05-27T16:00-07:00,248.04196166992188,0,0
2022-05-27T16:15-07:00,234.42086791992188,0,0
2022-05-27T16:30-07:00,246.40676879882807,0,0
2022-05-27T16:45-07:00,267.9265441894531,0,0
2022-05-27T17:00-07:00,277.2605285644531,0,0
2022-05-27T17:15-07:00,350.0906677246094,0,0
2022-05-27T17:30-07:00,281.4549560546875,0,0
2022-05-27T17:45-07:00,341.4075927734375,0,0
2022-05-27T18:00-07:00,320.699462890625,0,0
2022-05-27T18:15-07:00,275.59991455078125,0,0
2022-05-27T18:30-07:00,253.51168823242188,0,0
2022-05-27T18:45-07:00,364.5625915527344,0,0
2022-05-27T19:00-07:00,285.48834228515625,0,0
2022-05-27T19:15-07:00,323.7436828613281,0,0
2022-05-27T19:30-07:00,308.3959045410156,0,0
2022-05-27T19:45-07:00,304.9801940917969,0,0
2022-05-27T20:00-07:00,314.38140869140625,0,0
2022-05-27T20:15-07:00,306.4754638671875,0,0
2022-05-27T20:30-07:00,264.8851013183594,0,0
2022-05-27T20:45-07:00,354.2093200683594,0,0
2022-05-27T21:00-07:00,225.3026428222656,0,0
2022-05-27T21:15-07:00,231.77821350097656,0,0
2022-05-27T21:30-07:00,279.5053100585937,0,0
2022-05-27T21:45-07:00,259.6123962402344,0,0
2022-05-27T22:00-07:00,264.88775634765625,0,0
2022-05-27T22:15-07:00,199.2554931640625,0,0
2022-05-27T22:30-07:00,212.6416778564453,0,0
2022-05-27T22:45-07:00,205.38101196289065,0,0
2022-05-27T23:00-07:00,213.85403442382807,0,0
2022-05-27T23:15-07:00,215.3109588623047,0,0
2022-05-27T23:30-07:00,227.1471710205078,0,0
2022-05-27T23:45-07:00,202.5992126464844,0,0
2022-05-28T00:00-07:00,197.7037353515625,0,0
2022-05-28T00:15-07:00,215.0853271484375,0,0
2022-05-28T00:30-07:00,206.38771057128903,0,0
2022-05-28T00:45-07:00,186.4777374267578,0,0
2022-05-28T01:00-07:00,214.11363220214844,0,0
2022-05-28T01:15-07:00,200.58560180664065,0,0
2022-05-28T01:30-07:00,216.45504760742188,0,0
2022-05-28T01:45-07:00,211.1756591796875,0,0
2022-05-28T02:00-07:00,206.27780151367188,0,0
2022-05-28T02:15-07:00,228.7435607910156,0,0
2022-05-28T02:30-07:00,203.6375274658203,0,0
2022-05-28T02:45-07:00,201.3099365234375,0,0
2022-05-28T03:00-07:00,186.34591674804688,0,0
2022-05-28T03:15-07:00,166.27606201171875,0,0
2022-05-28T03:30-07:00,177.36911010742188,0,0
2022-05-28T03:45-07:00,174.71607971191406,0,0
2022-05-28T04:00-07:00,165.14015197753906,0,0
2022-05-28T04:15-07:00,164.768310546875,0,0
2022-05-28T04:30-07:00,162.4116973876953,0,0
2022-05-28T04:45-07:00,168.3670196533203,0,0
2022-05-28T05:00-07:00,180.0413818359375,0,0
2022-05-28T05:15-07:00,155.9684295654297,0,0
2022-05-28T05:30-07:00,174.1322479248047,0,0
2022-05-28T05:45-07:00,167.05545043945312,0,0
2022-05-28T06:00-07:00,158.8366241455078,0,0
2022-05-28T06:15-07:00,183.7159881591797,0,0
2022-05-28T06:30-07:00,186.3859100341797,0,0
2022-05-28T06:45-07:00,192.0416412353516,0,0
2022-05-28T07:00-07:00,187.91848754882807,0,0
2022-05-28T07:15-07:00,178.8905029296875,0,0
2022-05-28T07:30-07:00,249.79119873046875,0,0
2022-05-28T07:45-07:00,180.48377990722656,0,0
2022-05-28T08:00-07:00,169.3046417236328,0,0
2022-05-28T08:15-07:00,165.49774169921875,0,0
2022-05-28T08:30-07:00,169.7891082763672,0,0
2022-05-28T08:45-07:00,201.4698944091797,0,0
2022-05-28T09:00-07:00,223.3069000244141,0,0
2022-05-28T09:15-07:00,224.027587890625,0,0
2022-05-28T09:30-07:00,232.1244201660156,0,0
2022-05-28T09:45-07:00,227.06277465820312,0,0
2022-05-28T10:00-07:00,242.52880859375,0,0
2022-05-28T10:15-07:00,230.9882354736328,0,0
2022-05-28T10:30-07:00,228.56332397460935,0,0
2022-05-28T10:45-07:00,240.59378051757807,0,0
2022-05-28T11:00-07:00,290.68682861328125,0,0
2022-05-28T11:15-07:00,235.76556396484372,0,0
2022-05-28T11:30-07:00,259.6569519042969,0,0
2022-05-28T11:45-07:00,268.5530700683594,0,0
2022-05-28T12:00-07:00,258.8855285644531,0,0
2022-05-28T12:15-07:00,279.0708312988281,0,0
2022-05-28T12:30-07:00,276.9962158203125,0,0
2022-05-28T12:45-07:00,268.4871520996094,0,0
2022-05-28T13:00-07:00,256.6966552734375,0,0
2022-05-28T13:15-07:00,284.0985412597656,0,0
2022-05-28T13:30-07:00,246.4722595214844,0,0
2022-05-28T13:45-07:00,259.4398498535156,0,0
2022-05-28T14:00-07:00,243.77154541015625,0,0
2022-05-28T14:15-07:00,274.6149597167969,0,0
2022-05-28T14:30-07:00,348.0810241699219,0,0
2022-05-28T14:45-07:00,344.5533142089844,0,0
2022-05-28T15:00-07:00,318.7487487792969,0,0
2022-05-28T15:15-07:00,348.1258544921875,0,0
2022-05-28T15:30-07:00,288.6313171386719,0,0
2022-05-28T15:45-07:00,373.90533447265625,0,0
2022-05-28T16:00-07:00,256.6753845214844,0,0
2022-05-28T16:15-07:00,246.1975250244141,0,0
2022-05-28T16:30-07:00,256.4501953125,0,0
2022-05-28T16:45-07:00,281.38262939453125,0,0
2022-05-28T17:00-07:00,277.4001159667969,0,0
2022-05-28T17:15-07:00,262.1114807128906,0,0
2022-05-28T17:30-07:00,419.1817932128906,0,0
2022-05-28T17:45-07:00,284.7559814453125,0,0
2022-05-28T18:00-07:00,256.9069519042969,0,0
2022-05-28T18:15-07:00,319.956787109375,0,0
2022-05-28T18:30-07:00,292.1946105957031,0,0
2022-05-28T18:45-07:00,376.8547668457031,0,0
2022-05-28T19:00-07:00,363.1394348144531,0,0
2022-05-28T19:15-07:00,232.26101684570312,0,0
2022-05-28T19:30-07:00,378.8797912597656,0,0
2022-05-28T19:45-07:00,237.73243713378903,0,0
2022-05-28T20:00-07:00,234.91116333007807,0,0
2022-05-28T20:15-07:00,223.8739013671875,0,0
2022-05-28T20:30-07:00,365.4914855957031,0,0
2022-05-28T20:45-07:00,217.86447143554688,0,0
2022-05-28T21:00-07:00,250.8758850097656,0,0
2022-05-28T21:15-07:00,231.7258453369141,0,0
2022-05-28T21:30-07:00,259.0624084472656,0,0
2022-05-28T21:45-07:00,375.9165954589844,0,0
2022-05-28T22:00-07:00,361.4659118652344,0,0
2022-05-28T22:15-07:00,280.7568359375,0,0
2022-05-28T22:30-07:00,248.22915649414065,0,0
2022-05-28T22:45-07:00,194.1025390625,0,0
2022-05-28T23:00-07:00,212.65261840820312,0,0
2022-05-28T23:15-07:00,209.9268341064453,0,0
2022-05-28T23:30-07:00,192.8709716796875,0,0
2022-05-28T23:45-07:00,219.22103881835935,0,0
2022-05-29T00:00-07:00,193.34036254882807,0,0
2022-05-29T00:15-07:00,198.77415466308597,0,0
2022-05-29T00:30-07:00,230.5627899169922,0,0
2022-05-29T00:45-07:00,204.4942321777344,0,0
2022-05-29T01:00-07:00,210.9439849853516,0,0
2022-05-29T01:15-07:00,214.08567810058597,0,0
2022-05-29T01:30-07:00,164.15188598632812,0,0
2022-05-29T01:45-07:00,170.28274536132812,0,0
2022-05-29T02:00-07:00,170.9993133544922,0,0
2022-05-29T02:15-07:00,172.2425537109375,0,0
2022-05-29T02:30-07:00,178.88336181640625,0,0
2022-05-29T02:45-07:00,144.65576171875,0,0
2022-05-29T03:00-07:00,193.39730834960935,0,0
2022-05-29T03:15-07:00,179.07398986816406,0,0
2022-05-29T03:30-07:00,181.8411102294922,0,0
2022-05-29T03:45-07:00,158.3788604736328,0,0
2022-05-29T04:00-07:00,170.74166870117188,0,0
2022-05-29T04:15-07:00,154.8668212890625,0,0
2022-05-29T04:30-07:00,162.47607421875,0,0
2022-05-29T04:45-07:00,199.49810791015625,0,0
2022-05-29T05:00-07:00,166.2671661376953,0,0
2022-05-29T05:15-07:00,168.21702575683594,0,0
2022-05-29T05:30-07:00,199.6742706298828,0,0
2022-05-29T05:45-07:00,184.82725524902344,0,0
2022-05-29T06:00-07:00,179.47946166992188,0,0
2022-05-29T06:15-07:00,176.6214141845703,0,0
2022-05-29T06:30-07:00,191.0291748046875,0,0
2022-05-29T06:45-07:00,199.7031097412109,0,0
2022-05-29T07:00-07:00,170.5360565185547,0,0
2022-05-29T07:15-07:00,185.57046508789065,0,0
2022-05-29T07:30-07:00,179.72047424316406,0,0
2022-05-29T07:45-07:00,156.3809356689453,0,0
2022-05-29T08:00-07:00,249.07369995117188,0,0
2022-05-29T08:15-07:00,159.17054748535156,0,0
2022-05-29T08:30-07:00,194.2240753173828,0,0
2022-05-29T08:45-07:00,219.0481414794922,0,0
2022-05-29T09:00-07:00,226.27720642089844,0,0
2022-05-29T09:15-07:00,226.0644989013672,0,0
2022-05-29T09:30-07:00,218.38836669921875,0,0
2022-05-29T09:45-07:00,208.73895263671875,0,0
2022-05-29T10:00-07:00,200.33035278320312,0,0
2022-05-29T10:15-07:00,204.47787475585935,0,0
2022-05-29T10:30-07:00,233.7178955078125,0,0
2022-05-29T10:45-07:00,212.11178588867188,0,0
2022-05-29T11:00-07:00,216.71649169921875,0,0
2022-05-29T11:15-07:00,216.5618438720703,0,0
2022-05-29T11:30-07:00,227.8791961669922,0,0
2022-05-29T11:45-07:00,201.6466522216797,0,0
2022-05-29T12:00-07:00,190.4282684326172,0,0
2022-05-29T12:15-07:00,215.31434631347656,0,0
2022-05-29T12:30-07:00,207.72879028320312,0,0
2022-05-29T12:45-07:00,204.57098388671875,0,0
2022-05-29T13:00-07:00,204.78240966796875,0,0
2022-05-29T13:15-07:00,205.39263916015625,0,0
2022-05-29T13:30-07:00,203.5864715576172,0,0
2022-05-29T13:45-07:00,203.1196746826172,0,0
2022-05-29T14:00-07:00,205.4731903076172,0,0
2022-05-29T14:15-07:00,217.432373046875,0,0
2022-05-29T14:30-07:00,218.19297790527344,0,0
2022-05-29T14:45-07:00,201.85687255859372,0,0
2022-05-29T15:00-07:00,228.21212768554688,0,0
2022-05-29T15:15-07:00,220.54644775390625,0,0
2022-05-29T15:30-07:00,234.2105407714844,0,0
2022-05-29T15:45-07:00,200.89337158203125,0,0
2022-05-29T16:00-07:00,215.26080322265625,0,0
2022-05-29T16:15-07:00,201.0279693603516,0,0
2022-05-29T16:30-07:00,213.2192230224609,0,0
2022-05-29T16:45-07:00,203.88397216796875,0,0
2022-05-29T17:00-07:00,222.034912109375,0,0
2022-05-29T17:15-07:00,184.14788818359372,0,0
2022-05-29T17:30-07:00,204.71163940429688,0,0
2022-05-29T17:45-07:00,205.0038146972656,0,0
2022-05-29T18:00-07:00,202.2764434814453,0,0
2022-05-29T18:15-07:00,209.5451812744141,0,0
2022-05-29T18:30-07:00,198.11428833007807,0,0
2022-05-29T18:45-07:00,223.2410430908203,0,0
2022-05-29T19:00-07:00,204.6833038330078,0,0
2022-05-29T19:15-07:00,211.8288726806641,0,0
2022-05-29T19:30-07:00,195.4149475097656,0,0
2022-05-29T19:45-07:00,199.31500244140625,0,0
2022-05-29T20:00-07:00,193.0460357666016,0,0
2022-05-29T20:15-07:00,187.0157470703125,0,0
2022-05-29T20:30-07:00,205.2494964599609,0,0
2022-05-29T20:45-07:00,171.88821411132812,0,0
2022-05-29T21:00-07:00,182.5455474853516,0,0
2022-05-29T21:15-07:00,161.0084686279297,0,0
2022-05-29T21:30-07:00,178.4265899658203,0,0
2022-05-29T21:45-07:00,167.10906982421875,0,0
2022-05-29T22:00-07:00,175.115234375,0,0
2022-05-29T22:15-07:00,181.40399169921875,0,0
2022-05-29T22:30-07:00,173.28289794921875,0,0
2022-05-29T22:45-07:00,197.43377685546875,0,0
2022-05-29T23:00-07:00,184.39344787597656,0,0
2022-05-29T23:15-07:00,172.02197265625,0,0
2022-05-29T23:30-07:00,192.46778869628903,0,0
2022-05-29T23:45-07:00,153.4827880859375,0,0
2022-05-30T00:00-07:00,169.23997497558594,0,0
2022-05-30T00:15-07:00,172.1140899658203,0,0
2022-05-30T00:30-07:00,161.23992919921875,0,0
2022-05-30T00:45-07:00,165.030517578125,0,0
2022-05-30T01:00-07:00,149.45790100097656,0,0
2022-05-30T01:15-07:00,156.79238891601562,0,0
2022-05-30T01:30-07:00,179.2491455078125,0,0
2022-05-30T01:45-07:00,167.1147003173828,0,0
2022-05-30T02:00-07:00,176.7036590576172,0,0
2022-05-30T02:15-07:00,151.54771423339844,0,0
2022-05-30T02:30-07:00,165.8912811279297,0,0
2022-05-30T02:45-07:00,142.5857391357422,0,0
2022-05-30T03:00-07:00,196.2701568603516,0,0
2022-05-30T03:15-07:00,196.5167388916016,0,0
2022-05-30T03:30-07:00,183.85215759277344,0,0
2022-05-30T03:45-07:00,147.09426879882812,0,0
2022-05-30T04:00-07:00,168.00271606445312,0,0
2022-05-30T04:15-07:00,169.4031524658203,0,0
2022-05-30T04:30-07:00,166.77745056152344,0,0
2022-05-30T04:45-07:00,167.23435974121094,0,0
2022-05-30T05:00-07:00,162.09649658203125,0,0
2022-05-30T05:15-07:00,162.22906494140625,0,0
2022-05-30T05:30-07:00,162.38925170898438,0,0
2022-05-30T05:45-07:00,174.5130615234375,0,0
2022-05-30T06:00-07:00,173.47171020507812,0,0
2022-05-30T06:15-07:00,170.68280029296875,0,0
2022-05-30T06:30-07:00,200.04388427734372,0,0
2022-05-30T06:45-07:00,214.82015991210935,0,0
2022-05-30T07:00-07:00,179.373291015625,0,0
2022-05-30T07:15-07:00,187.17025756835935,0,0
2022-05-30T07:30-07:00,179.5605010986328,0,0
2022-05-30T07:45-07:00,178.89755249023438,0,0
2022-05-30T08:00-07:00,154.59097290039062,0,0
2022-05-30T08:15-07:00,143.62306213378906,0,0
2022-05-30T08:30-07:00,173.36279296875,0,0
2022-05-30T08:45-07:00,199.61309814453125,0,0
2022-05-30T09:00-07:00,221.57493591308597,0,0
2022-05-30T09:15-07:00,221.2484130859375,0,0
2022-05-30T09:30-07:00,321.8980712890625,0,0
2022-05-30T09:45-07:00,206.7096099853516,0,0
2022-05-30T10:00-07:00,212.82958984375,0,0
2022-05-30T10:15-07:00,207.58767700195312,0,0
2022-05-30T10:30-07:00,226.22824096679688,0,0
2022-05-30T10:45-07:00,203.1748962402344,0,0
2022-05-30T11:00-07:00,198.31561279296875,0,0
2022-05-30T11:15-07:00,192.8837738037109,0,0
2022-05-30T11:30-07:00,217.7309112548828,0,0
2022-05-30T11:45-07:00,215.59886169433597,0,0
2022-05-30T12:00-07:00,209.40777587890625,0,0
2022-05-30T12:15-07:00,210.8089599609375,0,0
2022-05-30T12:30-07:00,200.26861572265625,0,0
2022-05-30T12:45-07:00,206.0096435546875,0,0
2022-05-30T13:00-07:00,182.42404174804688,0,0
2022-05-30T13:15-07:00,212.8306121826172,0,0
2022-05-30T13:30-07:00,200.67599487304688,0,0
2022-05-30T13:45-07:00,210.7479553222656,0,0
2022-05-30T14:00-07:00,196.62863159179688,0,0
2022-05-30T14:15-07:00,219.9832000732422,0,0
2022-05-30T14:30-07:00,213.59445190429688,0,0
2022-05-30T14:45-07:00,189.0376434326172,0,0
2022-05-30T15:00-07:00,234.95535278320312,0,0
2022-05-30T15:15-07:00,215.38308715820312,0,0
2022-05-30T15:30-07:00,205.47259521484372,0,0
2022-05-30T15:45-07:00,206.9269561767578,0,0
2022-05-30T16:00-07:00,198.8929901123047,0,0
2022-05-30T16:15-07:00,178.79734802246094,0,0
2022-05-30T16:30-07:00,216.70140075683597,0,0
2022-05-30T16:45-07:00,213.9959716796875,0,0
2022-05-30T17:00-07:00,212.56044006347656,0,0
2022-05-30T17:15-07:00,189.8952178955078,0,0
2022-05-30T17:30-07:00,207.75384521484372,0,0
2022-05-30T17:45-07:00,184.4498443603516,0,0
2022-05-30T18:00-07:00,197.5828399658203,0,0
2022-05-30T18:15-07:00,189.54299926757807,0,0
2022-05-30T18:30-07:00,196.66506958007807,0,0
2022-05-30T18:45-07:00,208.52587890625,0,0
2022-05-30T19:00-07:00,215.0276031494141,0,0
2022-05-30T19:15-07:00,216.03689575195312,0,0
2022-05-30T19:30-07:00,223.5704498291016,0,0
2022-05-30T19:45-07:00,220.4410095214844,0,0
2022-05-30T20:00-07:00,220.11764526367188,0,0
2022-05-30T20:15-07:00,203.9509429931641,0,0
2022-05-30T20:30-07:00,205.8184967041016,0,0
2022-05-30T20:45-07:00,161.4396209716797,0,0
2022-05-30T21:00-07:00,181.30702209472656,0,0
2022-05-30T21:15-07:00,180.88682556152344,0,0
2022-05-30T21:30-07:00,183.98057556152344,0,0
2022-05-30T21:45-07:00,165.7064666748047,0,0
2022-05-30T22:00-07:00,164.25091552734375,0,0
2022-05-30T22:15-07:00,193.8787384033203,0,0
2022-05-30T22:30-07:00,166.40066528320312,0,0
2022-05-30T22:45-07:00,166.63551330566406,0,0
2022-05-30T23:00-07:00,181.9755706787109,0,0
2022-05-30T23:15-07:00,161.30435180664062,0,0
2022-05-30T23:30-07:00,175.2097930908203,0,0
2022-05-30T23:45-07:00,158.27239990234375,0,0
2022-05-31T00:00-07:00,173.06248474121094,0,0
2022-05-31T00:15-07:00,171.51510620117188,0,0
2022-05-31T00:30-07:00,174.7123565673828,0,0
2022-05-31T00:45-07:00,190.57101440429688,0,0
2022-05-31T01:00-07:00,172.31427001953125,0,0
2022-05-31T01:15-07:00,151.95750427246094,0,0
2022-05-31T01:30-07:00,165.96681213378906,0,0
2022-05-31T01:45-07:00,158.46884155273438,0,0
2022-05-31T02:00-07:00,170.22857666015625,0,0
2022-05-31T02:15-07:00,147.1072540283203,0,0
2022-05-31T02:30-07:00,149.7498321533203,0,0
2022-05-31T02:45-07:00,161.66075134277344,0,0
2022-05-31T03:00-07:00,182.1526336669922,0,0
2022-05-31T03:15-07:00,179.60838317871094,0,0
2022-05-31T03:30-07:00,176.60800170898438,0,0
2022-05-31T03:45-07:00,164.74526977539062,0,0
2022-05-31T04:00-07:00,163.84722900390625,0,0
2022-05-31T04:15-07:00,139.51751708984375,0,0
2022-05-31T04:30-07:00,162.69488525390625,0,0
2022-05-31T04:45-07:00,172.69862365722656,0,0
2022-05-31T05:00-07:00,181.11253356933597,0,0
2022-05-31T05:15-07:00,183.1786193847656,0,0
2022-05-31T05:30-07:00,170.8465576171875,0,0
2022-05-31T05:45-07:00,225.6454925537109,0,0
2022-05-31T06:00-07:00,209.30758666992188,0,0
2022-05-31T06:15-07:00,224.81814575195312,0,0
2022-05-31T06:30-07:00,229.28591918945312,0,0
2022-05-31T06:45-07:00,222.5552673339844,0,0
2022-05-31T07:00-07:00,204.0481109619141,0,0
2022-05-31T07:15-07:00,206.40853881835935,0,0
2022-05-31T07:30-07:00,218.52398681640625,0,0
2022-05-31T07:45-07:00,221.23373413085935,0,0
2022-05-31T08:00-07:00,201.40255737304688,0,0
2022-05-31T08:15-07:00,221.8116149902344,0,0
2022-05-31T08:30-07:00,237.37472534179688,0,0
2022-05-31T08:45-07:00,200.2857666015625,0,0
2022-05-31T09:00-07:00,210.69601440429688,0,0
2022-05-31T09:15-07:00,250.12164306640625,0,0
2022-05-31T09:30-07:00,259.70947265625,0,0
2022-05-31T09:45-07:00,223.19493103027344,0,0
2022-05-31T10:00-07:00,257.1732177734375,0,0
2022-05-31T10:15-07:00,221.0621032714844,0,0
2022-05-31T10:30-07:00,234.1556701660156,0,0
2022-05-31T10:45-07:00,265.9969177246094,0,0
2022-05-31T11:00-07:00,391.0718078613281,0,0
2022-05-31T11:15-07:00,287.82086181640625,0,0
2022-05-31T11:30-07:00,439.6593322753906,0,0
2022-05-31T11:45-07:00,278.7066345214844,0,0
2022-05-31T12:00-07:00,273.4566955566406,0,0
2022-05-31T12:15-07:00,252.09405517578125,0,0
2022-05-31T12:30-07:00,273.6841735839844,0,0
2022-05-31T12:45-07:00,264.9819030761719,0,0
2022-05-31T13:00-07:00,338.82684326171875,0,0
2022-05-31T13:15-07:00,296.879150390625,0,0
2022-05-31T13:30-07:00,295.7867736816406,0,0
2022-05-31T13:45-07:00,312.8704833984375,0,0
2022-05-31T14:00-07:00,279.4742431640625,0,0
2022-05-31T14:15-07:00,292.5650634765625,0,0
2022-05-31T14:30-07:00,287.9112243652344,0,0
2022-05-31T14:45-07:00,422.1208190917969,0,0
2022-05-31T15:00-07:00,255.2010803222656,0,0
2022-05-31T15:15-07:00,295.3785705566406,0,0
2022-05-31T15:30-07:00,343.5267028808594,0,0
2022-05-31T15:45-07:00,251.6613922119141,0,0
2022-05-31T16:00-07:00,242.68304443359372,0,0
2022-05-31T16:15-07:00,256.3695678710937,0,0
2022-05-31T16:30-07:00,331.4234619140625,0,0
2022-05-31T16:45-07:00,287.81500244140625,0,0
2022-05-31T17:00-07:00,298.2934875488281,0,0
2022-05-31T17:15-07:00,279.0823974609375,0,0
2022-05-31T17:30-07:00,282.3495788574219,0,0
2022-05-31T17:45-07:00,241.62469482421875,0,0
2022-05-31T18:00-07:00,274.0694885253906,0,0
2022-05-31T18:15-07:00,251.36143493652344,0,0
2022-05-31T18:30-07:00,291.3511962890625,0,0
2022-05-31T18:45-07:00,378.9186401367188,0,0
2022-05-31T19:00-07:00,251.2983856201172,0,0
2022-05-31T19:15-07:00,242.0955810546875,0,0
2022-05-31T19:30-07:00,286.7459411621094,0,0
2022-05-31T19:45-07:00,256.7060241699219,0,0
2022-05-31T20:00-07:00,266.5572814941406,0,0
2022-05-31T20:15-07:00,271.0873718261719,0,0
2022-05-31T20:30-07:00,265.1265869140625,0,0
2022-05-31T20:45-07:00,206.15121459960935,0,0
2022-05-31T21:00-07:00,246.52734375,0,0
2022-05-31T21:15-07:00,392.9315490722656,0,0
2022-05-31T21:30-07:00,261.5814819335937,0,0
2022-05-31T21:45-07:00,202.89010620117188,0,0
2022-05-31T22:00-07:00,179.55995178222656,0,0
2022-05-31T22:15-07:00,174.07395935058594,0,0
2022-05-31T22:30-07:00,169.9918975830078,0,0
2022-05-31T22:45-07:00,203.72610473632807,0,0
2022-05-31T23:00-07:00,193.096435546875,0,0
2022-05-31T23:15-07:00,204.423828125,0,0
2022-05-31T23:30-07:00,196.04417419433597,0,0
2022-05-31T23:45-07:00,194.44955444335935,0,0
2022-06-01T00:00-07:00,174.14602661132812,0,0
